CarCount,BikeCount,BusCount,TruckCount,Total
62,106,8,3,179
82,60,104,78,324
116,27,101,135,379
117,70,87,11,285
137,114,150,103,504
118,11,39,124,292
131,55,43,2,231
120,17,82,99,318
25,134,122,88,369
117,31,145,110,403
105,121,13,50,289
150,21,48,133,352
45,21,105,109,280
2,126,101,88,317
89,35,149,38,311
3,119,24,16,162
2,38,26,73,139
124,46,131,12,313
6,79,91,7,183
4,60,69,1,134
3,138,118,96,355
147,120,67,7,341
50,83,112,82,327
37,84,83,128,332
74,17,26,47,164
87,129,106,66,388
71,2,102,57,232
131,43,81,37,292
75,18,131,117,341
25,138,122,123,408
94,15,13,34,156
72,139,90,12,313
144,13,122,91,370
24,123,130,77,354
139,115,74,57,385
53,71,35,129,288
77,24,48,120,269
28,36,78,81,223
69,33,122,106,330
58,91,106,86,341
27,3,128,117,275
57,98,134,74,363
58,36,18,64,176
108,71,48,80,307
36,30,103,138,307
92,3,97,65,257
33,80,112,82,307
24,148,128,53,353
54,87,14,127,282
70,89,42,30,231
33,74,137,45,289
60,1,113,32,206
136,59,113,134,442
26,146,28,54,254
71,87,53,113,324
63,47,30,34,174
49,47,77,79,252
43,68,7,120,238
88,97,84,13,282
70,112,115,57,354
135,59,99,42,335
116,102,86,106,410
100,90,138,23,351
50,13,79,142,284
142,70,116,46,374
50,68,138,118,374
129,18,33,115,295
31,96,28,64,219
133,42,97,106,378
140,106,8,14,268
67,99,65,120,351
125,125,89,10,349
67,31,132,106,336
27,131,141,40,339
117,36,94,74,321
48,117,125,65,355
106,42,24,54,226
38,12,118,68,236
36,121,106,16,279
131,42,96,65,334
138,18,108,15,279
52,73,150,26,301
125,76,59,21,281
20,132,30,83,265
24,100,138,12,274
35,33,9,25,102
51,35,29,46,161
73,18,31,110,232
123,38,91,23,275
133,36,31,40,240
67,53,122,44,286
65,128,53,133,379
135,67,28,31,261
7,45,75,132,259
116,6,23,86,231
129,59,119,65,372
3,94,72,12,181
92,129,66,23,310
28,117,92,95,332
42,62,93,42,239
118,8,87,74,287
72,73,80,55,280
69,69,72,48,258
22,108,67,142,339
75,85,29,5,194
123,107,91,10,331
134,79,141,93,447
95,34,72,145,346
42,44,135,118,339
120,115,95,107,437
103,13,15,142,273
61,15,21,37,134
25,65,4,13,107
67,89,107,90,353
9,103,60,64,236
132,51,114,120,417
67,1,4,101,173
90,136,79,95,400
99,63,42,54,258
131,110,89,118,448
141,87,42,99,369
21,78,30,50,179
63,149,102,116,430
118,64,113,26,321
98,73,17,104,292
138,100,20,66,324
104,136,141,109,490
33,132,30,45,240
9,91,103,29,232
142,148,105,113,508
133,4,40,44,221
92,116,115,24,347
138,1,99,95,333
131,129,21,39,320
53,43,145,128,369
123,140,7,98,368
9,62,52,77,200
35,69,63,124,291
86,126,70,9,291
126,95,132,86,439
5,30,80,54,169
20,65,31,66,182
132,47,132,69,380
75,115,144,38,372
136,40,43,30,249
103,50,83,82,318
59,29,5,56,149
123,89,47,130,389
110,41,8,86,245
124,37,13,18,192
73,132,111,44,360
89,138,53,21,301
112,57,131,33,333
125,63,7,3,198
94,9,81,30,214
25,52,17,86,180
3,45,22,149,219
135,58,89,65,347
139,107,112,75,433
35,132,9,126,302
40,92,130,23,285
54,41,120,54,269
123,16,43,68,250
111,1,49,95,256
128,104,31,38,301
35,33,115,143,326
2,2,70,16,90
50,25,118,55,248
101,3,99,113,316
118,102,58,7,285
10,55,32,129,226
76,24,147,140,387
76,40,31,102,249
79,99,120,107,405
66,147,64,75,352
85,39,126,26,276
31,9,94,96,230
16,126,107,75,324
49,51,133,130,363
16,49,14,135,214
38,136,7,97,278
12,21,128,78,239
137,138,134,41,450
64,13,97,119,293
136,14,141,81,372
129,143,55,34,361
94,103,99,138,434
141,74,143,82,440
96,40,29,42,207
40,121,111,69,341
41,135,2,42,220
95,9,50,40,194
23,56,31,113,223
118,100,148,142,508
46,66,88,143,343
130,28,61,92,311
30,138,122,74,364
8,66,103,22,199
131,65,39,92,327
59,129,82,74,344
87,61,34,121,303
68,37,88,89,282
3,54,139,66,262
66,17,85,118,286
148,70,89,20,327
86,12,33,89,220
107,51,53,53,264
139,149,36,135,459
6,117,105,41,269
31,11,122,113,277
129,34,29,138,330
142,117,97,92,448
6,91,41,72,210
93,119,50,30,292
9,16,32,138,195
61,100,57,48,266
37,11,46,127,221
59,126,82,72,339
98,125,95,138,456
82,120,51,19,272
86,99,14,37,236
44,62,123,56,285
111,40,45,27,223
137,67,125,80,409
2,35,33,50,120
4,63,73,119,259
56,131,40,87,314
61,121,139,82,403
28,30,58,134,250
78,71,118,115,382
133,118,141,8,400
150,70,127,108,455
96,65,7,20,188
121,127,49,114,411
132,106,72,85,395
2,147,10,74,233
135,146,116,148,545
40,33,99,110,282
144,27,22,34,227
92,82,19,25,218
122,12,68,82,284
27,82,74,121,304
117,69,136,109,431
125,143,32,5,305
126,130,136,47,439
56,114,25,109,304
10,34,14,41,99
49,63,146,132,390
2,149,46,92,289
129,79,7,136,351
147,140,39,46,372
125,24,54,49,252
76,79,98,24,277
128,109,124,123,484
9,103,94,66,272
57,96,97,71,321
24,115,12,128,279
3,66,22,17,108
106,1,144,61,312
67,5,125,124,321
139,93,72,74,378
22,133,46,118,319
14,3,104,87,208
13,48,135,59,255
16,88,47,83,234
115,50,125,59,349
130,88,12,123,353
131,13,85,103,332
121,61,95,60,337
24,132,54,114,324
41,47,98,140,326
62,67,14,70,213
9,19,61,30,119
78,79,116,29,302
132,30,136,45,343
27,49,125,64,265
92,49,77,52,270
10,60,8,107,185
52,120,71,108,351
132,11,82,146,371
36,137,96,137,406
85,44,141,4,274
146,99,9,79,333
146,141,69,12,368
41,99,103,67,310
30,142,31,19,222
120,8,78,29,235
113,32,33,141,319
10,75,69,122,276
1,88,55,57,201
117,18,51,53,239
39,150,146,13,348
134,59,6,139,338
35,9,90,54,188
125,105,93,13,336
131,10,142,13,296
118,79,140,77,414
49,19,33,74,175
9,12,58,2,81
74,46,123,68,311
127,37,13,38,215
22,128,54,42,246
24,84,84,127,319
74,125,25,46,270
4,102,149,10,265
102,70,76,24,272
2,17,110,106,235
29,63,47,105,244
48,135,7,10,200
65,91,121,108,385
87,76,107,107,377
70,11,28,45,154
87,28,99,89,303
102,123,115,80,420
15,114,61,133,323
112,19,21,148,300
149,112,19,32,312
86,30,133,124,373
131,146,51,139,467
90,64,53,146,353
27,41,56,23,147
82,76,13,132,303
37,6,94,118,255
11,10,150,150,321
124,65,104,15,308
28,102,5,40,175
76,46,63,3,188
32,118,86,98,334
149,51,19,138,357
128,72,88,56,344
14,71,65,117,267
114,101,147,119,481
9,100,10,19,138
85,92,22,93,292
107,53,7,146,313
84,50,130,128,392
108,77,20,28,233
60,123,43,64,290
63,107,60,94,324
93,26,42,91,252
86,69,28,8,191
41,19,131,108,299
39,146,78,95,358
8,115,9,42,174
137,124,52,124,437
99,16,4,12,131
54,99,65,52,270
144,39,20,145,348
100,74,65,44,283
135,59,114,55,363
146,1,104,84,335
60,8,84,45,197
115,135,53,82,385
100,57,89,71,317
110,74,113,17,314
121,109,132,76,438
54,145,41,39,279
80,78,27,23,208
134,121,146,55,456
109,134,67,103,413
41,12,114,3,170
42,31,127,9,209
130,46,64,119,359
21,142,108,63,334
64,104,77,18,263
130,118,122,3,373
45,67,120,34,266
11,28,36,23,98
70,50,89,71,280
2,120,6,12,140
103,144,19,63,329
147,24,83,99,353
40,111,60,28,239
51,68,141,130,390
105,60,11,100,276
125,31,22,15,193
124,136,55,82,397
112,33,59,74,278
88,2,36,13,139
136,85,9,12,242
31,144,48,71,294
113,29,54,83,279
35,48,87,63,233
12,105,65,119,301
78,61,120,48,307
142,75,50,104,371
15,77,81,65,238
77,104,83,68,332
128,51,143,100,422
72,33,4,85,194
119,66,117,132,434
4,16,23,122,165
109,147,41,47,344
79,65,79,6,229
65,95,56,146,362
131,143,148,79,501
143,79,66,57,345
71,60,48,150,329
148,46,28,109,331
141,81,22,28,272
11,147,113,33,304
149,91,34,30,304
122,94,50,59,325
22,146,120,106,394
132,14,81,81,308
35,2,1,102,140
81,96,62,25,264
6,33,138,71,248
73,99,28,123,323
74,115,105,67,361
128,144,117,87,476
72,24,122,12,230
67,95,91,101,354
126,97,97,94,414
116,55,127,92,390
63,103,42,36,244
140,102,113,62,417
48,119,126,5,298
116,30,14,135,295
133,48,91,53,325
142,105,57,98,402
97,5,69,1,172
8,23,76,40,147
57,78,99,23,257
5,121,69,123,318
77,137,72,38,324
97,51,30,142,320
99,90,37,17,243
107,128,134,31,400
59,110,143,43,355
32,111,45,82,270
51,51,36,61,199
75,94,102,107,378
131,21,108,145,405
54,17,122,42,235
57,87,147,105,396
27,12,49,52,140
96,143,132,13,384
143,83,18,40,284
21,92,137,128,378
131,133,134,72,470
26,149,28,135,338
10,13,56,99,178
96,100,142,129,467
98,113,19,111,341
78,116,19,140,353
90,65,9,95,259
142,63,133,128,466
9,134,9,16,168
69,144,119,138,470
105,146,5,54,310
61,92,69,3,225
108,11,41,95,255
16,58,127,62,263
68,69,102,122,361
56,19,88,107,270
61,16,121,35,233
61,17,109,124,311
127,31,76,31,265
5,68,42,82,197
89,115,137,8,349
41,124,141,89,395
117,75,93,56,341
16,14,144,47,221
121,136,102,64,423
147,70,91,136,444
138,86,23,113,360
100,100,80,34,314
142,26,137,89,394
47,28,39,48,162
103,26,20,36,185
36,25,3,58,122
73,124,42,82,321
123,34,97,105,359
71,56,117,35,279
124,94,36,76,330
131,123,150,57,461
140,146,52,147,485
77,49,138,91,355
32,119,6,15,172
29,91,102,59,281
15,92,129,30,266
42,79,125,1,247
57,103,27,124,311
22,112,96,82,312
103,107,147,128,485
83,12,86,47,228
48,114,129,3,294
63,106,141,110,420
84,29,62,129,304
127,42,15,146,330
114,53,118,89,374
98,127,80,112,417
46,11,41,28,126
14,131,105,103,353
120,97,113,63,393
27,55,103,95,280
27,107,78,41,253
134,123,12,58,327
67,38,39,82,226
143,102,122,91,458
32,51,128,29,240
32,86,109,51,278
19,80,134,102,335
71,114,137,13,335
147,137,113,116,513
134,35,98,120,387
141,44,84,88,357
27,30,122,25,204
18,37,83,35,173
38,81,90,101,310
21,128,66,98,313
68,128,12,80,288
130,45,134,7,316
37,71,113,134,355
137,60,93,60,350
32,138,48,16,234
45,99,70,50,264
53,35,23,150,261
56,122,84,128,390
68,52,39,34,193
82,24,7,85,198
64,35,61,119,279
112,114,43,49,318
129,47,27,103,306
85,145,149,121,500
109,59,64,31,263
1,81,77,140,299
24,30,27,125,206
46,9,16,27,98
26,43,56,125,250
147,125,127,147,546
14,101,72,98,285
18,139,65,119,341
46,83,23,20,172
60,119,95,35,309
89,75,68,96,328
143,9,62,10,224
115,138,93,46,392
24,121,73,4,222
39,34,107,111,291
121,128,107,51,407
137,143,24,33,337
132,1,110,64,307
140,24,86,99,349
79,125,124,76,404
50,47,33,11,141
95,109,48,48,300
125,84,134,150,493
95,76,132,9,312
121,12,132,79,344
4,82,15,63,164
82,86,97,64,329
120,97,57,110,384
137,92,96,62,387
138,140,62,46,386
140,40,36,48,264
122,111,104,52,389
66,142,70,2,280
119,105,132,62,418
145,34,18,7,204
1,134,116,14,265
7,78,15,33,133
13,141,36,91,281
87,129,61,35,312
85,23,62,134,304
123,101,31,7,262
42,33,85,109,269
11,119,56,36,222
82,122,40,7,251
13,5,147,11,176
25,8,108,107,248
150,30,101,149,430
3,95,103,118,319
135,89,4,88,316
81,55,89,82,307
27,92,36,26,181
60,92,77,106,335
66,26,2,142,236
1,35,64,143,243
44,121,123,53,341
7,131,130,80,348
40,131,16,2,189
29,64,45,107,245
133,60,57,104,354
140,142,105,148,535
70,50,34,150,304
40,133,62,33,268
147,114,17,29,307
1,7,25,95,128
114,30,112,113,369
111,139,72,138,460
71,13,38,61,183
103,29,77,60,269
3,89,12,5,109
84,122,28,130,364
81,120,106,65,372
40,35,95,60,230
104,26,138,47,315
13,93,113,87,306
129,124,78,54,385
30,16,21,54,121
67,58,49,89,263
63,35,2,125,225
117,140,105,52,414
42,61,61,28,192
141,14,37,64,256
61,92,136,38,327
143,14,120,140,417
111,6,150,81,348
47,123,12,102,284
73,135,20,12,240
138,97,124,98,457
52,55,28,126,261
2,118,105,101,326
104,113,146,105,468
80,102,43,129,354
84,8,20,90,202
12,56,73,27,168
97,29,8,30,164
68,66,119,22,275
35,131,31,33,230
5,81,41,6,133
43,18,143,126,330
63,99,80,134,376
5,12,38,54,109
40,40,125,95,300
104,76,134,130,444
15,117,90,47,269
94,95,67,105,361
23,112,60,5,200
105,90,110,82,387
92,13,51,35,191
10,2,47,86,145
117,125,121,101,464
7,92,126,35,260
90,147,136,95,468
66,91,68,100,325
114,64,124,132,434
146,19,17,38,220
34,19,102,114,269
10,128,54,77,269
36,62,122,23,243
17,92,140,66,315
3,42,134,30,209
69,57,76,35,237
101,98,42,92,333
105,58,87,68,318
47,22,114,126,309
50,84,118,146,398
66,129,5,81,281
79,66,86,66,297
74,73,46,40,233
107,42,148,11,308
121,11,60,146,338
1,103,51,116,271
91,45,105,43,284
86,76,51,95,308
39,44,135,13,231
129,114,53,38,334
130,143,80,5,358
15,9,66,11,101
106,60,123,81,370
81,5,7,120,213
51,10,40,4,105
14,132,136,50,332
2,8,48,149,207
61,44,111,146,362
52,139,67,126,384
103,7,140,55,305
89,89,24,54,256
1,9,105,34,149
118,78,131,96,423
102,14,96,88,300
71,12,52,74,209
35,11,38,134,218
114,111,1,39,265
43,100,117,35,295
89,76,19,131,315
19,53,85,17,174
21,103,28,84,236
77,119,16,48,260
127,15,108,112,362
39,125,67,123,354
135,90,85,110,420
11,109,68,115,303
78,76,27,40,221
117,60,64,26,267
101,127,56,115,399
107,13,50,42,212
111,116,138,143,508
100,34,62,33,229
105,74,133,31,343
41,47,24,25,137
37,115,69,127,348
139,104,101,18,362
13,38,74,147,272
99,117,135,134,485
10,79,140,121,350
124,14,145,63,346
135,47,77,26,285
133,15,123,85,356
52,46,17,134,249
119,65,53,33,270
113,13,88,121,335
61,7,75,37,180
24,121,27,104,276
81,116,46,14,257
39,46,147,16,248
29,76,119,51,275
71,40,17,77,205
3,75,68,124,270
17,106,24,64,211
84,90,50,48,272
102,21,87,112,322
37,67,4,120,228
116,81,32,125,354
52,129,8,76,265
6,69,62,81,218
149,91,6,107,353
77,83,148,44,352
8,138,12,47,205
96,78,47,39,260
83,29,143,76,331
31,84,107,55,277
5,53,127,97,282
90,110,120,93,413
13,34,66,66,179
67,2,68,124,261
47,131,106,9,293
95,124,82,133,434
146,149,44,57,396
136,51,143,146,476
71,100,142,16,329
88,36,137,71,332
49,32,142,86,309
79,32,50,142,303
103,12,121,110,346
86,102,142,8,338
59,145,146,138,488
149,129,125,90,493
22,40,28,12,102
52,48,41,38,179
70,60,88,53,271
71,34,2,140,247
50,30,124,111,315
83,30,56,75,244
141,15,15,142,313
46,17,13,134,210
122,95,32,70,319
28,10,122,29,189
48,90,7,8,153
4,56,9,117,186
42,124,22,75,263
2,58,24,107,191
136,27,99,92,354
83,61,15,1,160
58,121,118,37,334
131,112,109,121,473
149,146,125,76,496
130,34,125,145,434
86,4,34,107,231
103,10,71,109,293
66,148,128,82,424
26,8,10,115,159
116,133,5,45,299
16,133,30,18,197
75,32,77,72,256
3,111,79,129,322
56,74,98,100,328
7,27,65,120,219
60,56,54,40,210
74,99,100,115,388
148,92,48,33,321
38,97,133,64,332
99,113,66,147,425
124,104,121,85,434
45,132,97,4,278
84,49,75,129,337
40,94,54,139,327
106,122,71,121,420
42,87,5,8,142
129,77,93,53,352
33,96,26,56,211
122,28,144,8,302
47,144,28,99,318
145,18,55,132,350
10,33,33,71,147
79,87,147,35,348
90,7,100,147,344
96,143,43,119,401
26,73,110,96,305
88,5,118,11,222
138,83,141,22,384
143,77,104,78,402
20,77,18,52,167
105,116,130,94,445
100,105,111,41,357
122,57,108,35,322
50,108,110,56,324
62,14,26,100,202
138,4,2,53,197
135,53,105,71,364
92,2,112,122,328
25,136,137,99,397
69,30,112,97,308
140,123,18,71,352
78,102,70,112,362
61,121,91,27,300
5,133,13,110,261
141,110,139,80,470
80,89,13,104,286
133,74,66,39,312
82,126,26,132,366
34,85,138,37,294
119,2,8,1,130
99,4,119,8,230
1,57,117,150,325
88,28,147,11,274
63,45,143,71,322
49,91,55,99,294
24,50,90,16,180
74,31,135,18,258
6,87,38,17,148
106,77,110,110,403
27,3,121,74,225
149,100,63,135,447
99,37,1,36,173
45,97,39,40,221
41,114,90,138,383
77,19,114,127,337
4,54,143,149,350
141,79,69,66,355
28,102,11,131,272
118,40,56,34,248
60,33,26,37,156
27,35,70,129,261
28,23,49,125,225
3,124,102,12,241
94,86,45,81,306
38,66,103,56,263
62,150,105,89,406
14,35,2,146,197
98,4,137,55,294
2,99,9,50,160
43,142,93,131,409
66,18,56,106,246
100,53,59,2,214
24,26,106,119,275
94,94,105,4,297
132,13,25,138,308
100,97,63,143,403
133,29,43,56,261
65,76,25,62,228
22,6,58,78,164
115,63,10,39,227
107,111,40,85,343
115,134,127,63,439
140,85,8,122,355
56,48,32,83,219
103,42,44,47,236
68,47,37,118,270
83,3,12,126,224
82,149,5,29,265
82,40,124,141,387
27,15,94,11,147
70,124,22,135,351
9,40,96,3,148
86,53,52,98,289
15,116,137,93,361
150,60,55,4,269
80,96,131,15,322
28,38,49,16,131
67,117,111,139,434
27,99,146,89,361
29,127,40,2,198
9,77,69,19,174
124,103,130,50,407
85,106,46,39,276
132,117,95,150,494
1,47,23,96,167
50,99,81,4,234
89,130,120,139,478
115,13,5,80,213
47,91,82,116,336
90,89,90,45,314
34,58,37,14,143
108,92,9,64,273
18,92,44,143,297
39,71,68,115,293
9,2,131,81,223
7,133,143,32,315
93,123,25,104,345
38,17,122,42,219
72,45,100,84,301
78,27,48,96,249
67,66,53,51,237
63,108,104,126,401
97,30,132,92,351
1,34,12,58,105
15,131,40,81,267
5,3,133,132,273
45,135,49,98,327
113,112,66,29,320
74,40,29,71,214
46,136,36,49,267
90,24,22,133,269
120,56,110,51,337
72,84,115,109,380
65,95,130,54,344
84,98,103,6,291
14,67,47,92,220
59,140,139,33,371
63,38,124,62,287
89,50,114,109,362
3,57,56,137,253
120,33,126,131,410
114,105,80,33,332
19,110,81,110,320
116,87,28,69,300
141,148,62,8,359
34,6,32,146,218
123,101,51,3,278
1,43,36,50,130
48,126,116,112,402
57,41,130,28,256
31,34,140,141,346
73,122,38,129,362
91,28,77,27,223
136,60,136,32,364
126,92,60,18,296
124,116,73,145,458
42,115,106,56,319
111,117,28,37,293
132,20,120,88,360
46,32,16,38,132
101,108,4,116,329
141,103,148,37,429
146,87,48,135,416
51,2,127,118,298
76,10,140,139,365
95,5,137,127,364
112,118,42,38,310
66,78,86,9,239
13,126,11,31,181
85,109,21,137,352
94,4,112,37,247
36,49,66,11,162
78,53,16,80,227
61,35,40,64,200
137,48,26,93,304
110,80,101,46,337
104,137,83,71,395
40,63,39,20,162
150,44,77,1,272
54,80,67,20,221
67,19,27,50,163
150,128,70,42,390
88,143,45,18,294
54,22,136,26,238
4,76,135,41,256
73,30,101,96,300
146,70,76,67,359
49,33,116,73,271
6,66,71,108,251
63,55,49,8,175
93,91,80,134,398
124,92,117,44,377
51,127,60,113,351
147,92,140,100,479
65,33,69,11,178
108,32,37,73,250
16,38,141,59,254
40,54,147,4,245
148,136,10,77,371
69,116,143,53,381
103,36,135,69,343
47,57,39,121,264
32,98,116,111,357
26,65,119,136,346
96,34,63,70,263
11,134,79,53,277
138,90,5,28,261
79,61,82,80,302
2,81,78,66,227
97,36,42,100,275
78,46,33,124,281
131,66,98,26,321
124,48,77,31,280
106,58,121,124,409
30,111,4,86,231
98,14,56,85,253
100,74,130,107,411
103,132,46,18,299
94,121,136,123,474
20,67,33,45,165
77,56,29,137,299
2,56,73,139,270
147,10,107,42,306
92,115,19,138,364
58,99,1,35,193
143,97,121,133,494
81,24,138,67,310
87,26,145,88,346
15,42,108,8,173
114,136,110,134,494
125,9,78,5,217
56,108,33,3,200
108,140,128,45,421
147,52,19,131,349
88,127,63,28,306
87,121,58,4,270
133,88,128,75,424
56,19,50,132,257
10,146,93,111,360
33,68,42,7,150
49,41,54,73,217
23,98,116,127,364
82,37,55,125,299
65,112,40,133,350
73,65,117,72,327
150,33,74,118,375
147,71,28,19,265
43,24,74,138,279
85,100,80,87,352
64,29,103,68,264
45,13,64,30,152
60,85,57,35,237
24,142,102,70,338
14,54,143,144,355
86,55,99,50,290
112,92,146,128,478
122,107,46,101,376
64,101,46,150,361
104,81,25,46,256
99,101,115,66,381
112,76,35,71,294
68,30,115,126,339
69,82,112,125,388
111,125,12,3,251
56,141,101,22,320
102,37,133,29,301
140,63,32,30,265
51,134,84,136,405
90,98,41,51,280
87,35,118,17,257
96,125,14,148,383
124,74,61,108,367
113,64,40,68,285
146,135,99,31,411
51,14,55,92,212
62,45,79,80,266
107,75,78,122,382
44,105,82,117,348
54,47,35,127,263
111,89,93,107,400
145,39,60,30,274
71,118,31,33,253
34,38,47,34,153
5,39,150,4,198
50,31,107,3,191
150,57,100,6,313
3,18,139,26,186
132,8,119,65,324
105,17,98,118,338
103,39,25,112,279
72,52,64,110,298
110,96,130,118,454
33,2,131,145,311
97,63,67,78,305
100,5,68,7,180
24,57,9,14,104
41,41,3,123,208
144,57,60,15,276
121,58,82,21,282
150,43,99,78,370
143,51,122,111,427
122,58,142,114,436
129,107,135,93,464
116,84,77,48,325
128,112,111,119,470
70,42,60,76,248
117,126,132,6,381
68,79,129,54,330
121,64,86,128,399
134,14,37,136,321
51,6,130,39,226
85,28,24,8,145
17,60,16,78,171
114,13,116,21,264
77,28,139,4,248
50,11,118,75,254
31,13,108,51,203
122,103,28,102,355
104,34,3,39,180
14,41,26,16,97
62,143,118,85,408
147,5,48,106,306
18,114,108,123,363
96,140,92,104,432
2,24,90,1,117
122,135,54,5,316
136,114,116,67,433
110,50,5,74,239
73,64,38,130,305
143,78,86,97,404
23,86,130,75,314
78,61,72,79,290
128,122,88,41,379
47,98,30,34,209
8,52,46,149,255
125,132,103,103,463
49,59,31,97,236
106,48,137,127,418
31,64,104,135,334
142,10,19,149,320
128,46,49,113,336
140,46,2,132,320
113,66,124,106,409
100,23,135,125,383
20,76,6,121,223
63,28,136,98,325
145,24,71,124,364
51,83,81,62,277
102,69,23,87,281
150,13,66,67,296
123,38,92,38,291
21,76,7,15,119
131,98,33,145,407
45,93,93,149,380
140,34,10,113,297
132,100,20,85,337
91,77,62,106,336
37,100,54,143,334
99,63,38,102,302
4,70,95,30,199
20,83,15,9,127
129,140,145,135,549
57,99,69,88,313
54,13,119,39,225
127,144,59,65,395
134,44,15,126,319
24,60,139,89,312
44,30,72,47,193
103,2,57,132,294
45,104,34,31,214
57,89,70,75,291
104,110,100,87,401
149,66,7,141,363
62,55,5,98,220
37,82,34,97,250
33,53,133,110,329
42,23,24,74,163
27,25,128,36,216
3,120,53,33,209
35,81,3,76,195
120,127,65,69,381
25,77,100,98,300
19,99,17,41,176
42,63,70,1,176
53,86,46,140,325
131,67,72,121,391
55,99,85,55,294
137,113,45,17,312
118,54,4,32,208
89,27,92,118,326
108,58,137,48,351
58,11,123,102,294
37,9,39,131,216
59,139,39,93,330
72,27,47,138,284
25,28,48,39,140
125,77,83,81,366
52,70,143,79,344
68,31,88,81,268
150,98,123,73,444
94,18,5,61,178
1,133,4,45,183
30,8,105,41,184
97,125,62,67,351
121,8,25,140,294
140,66,127,48,381
39,136,107,42,324
113,123,55,119,410
95,113,117,71,396
136,76,38,121,371
144,44,124,33,345
11,20,84,56,171
2,99,73,98,272
86,81,86,8,261
76,68,147,124,415
73,60,14,61,208
112,79,48,61,300
86,24,85,10,205
36,108,1,95,240
60,47,51,129,287
145,3,110,112,370
73,82,132,128,415
124,85,49,9,267
85,112,59,30,286
84,132,104,79,399
120,49,83,112,364
136,109,32,144,421
58,88,68,80,294
60,124,77,3,264
6,27,107,33,173
34,130,84,91,339
106,114,67,26,313
23,108,136,123,390
139,114,145,36,434
102,149,10,106,367
76,60,35,128,299
34,65,98,38,235
126,67,46,20,259
3,26,129,85,243
99,2,7,35,143
18,125,81,105,329
23,139,31,117,310
50,10,138,103,301
80,143,46,139,408
110,31,23,134,298
7,105,52,43,207
65,121,50,114,350
38,126,77,71,312
31,77,82,7,197
94,72,45,82,293
144,53,73,60,330
118,65,104,93,380
1,13,118,115,247
39,74,36,113,262
46,25,28,50,149
30,117,135,31,313
145,140,105,34,424
132,144,99,104,479
97,73,74,122,366
142,97,70,125,434
69,94,96,94,353
4,79,88,45,216
50,119,97,111,377
69,61,74,61,265
111,90,20,57,278
132,102,117,104,455
26,137,139,39,341
33,96,71,61,261
149,126,37,136,448
33,73,78,112,296
3,148,132,58,341
98,139,58,63,358
145,133,5,30,313
146,84,126,69,425
23,50,7,139,219
137,3,112,95,347
21,107,86,60,274
82,31,74,17,204
65,145,126,121,457
62,51,106,72,291
93,36,60,8,197
13,120,10,4,147
34,24,125,115,298
52,43,80,107,282
106,98,74,52,330
94,71,39,122,326
45,11,143,105,304
4,87,3,80,174
81,144,67,20,312
120,17,49,21,207
40,3,25,52,120
132,15,5,28,180
126,113,28,128,395
135,22,6,58,221
90,57,77,105,329
72,139,121,21,353
11,49,126,26,212
134,110,3,43,290
5,1,95,82,183
119,94,85,39,337
38,42,56,4,140
26,120,88,53,287
90,57,38,6,191
126,26,31,30,213
2,105,99,147,353
70,105,139,119,433
123,99,22,143,387
84,32,34,145,295
37,5,125,35,202
111,25,28,136,300
114,95,148,85,442
41,70,52,139,302
24,104,98,23,249
97,51,32,144,324
32,84,28,125,269
44,123,84,87,338
74,33,73,149,329
137,1,134,98,370
106,18,16,81,221
2,134,4,43,183
111,74,137,88,410
136,133,146,141,556
65,119,146,74,404
52,30,145,130,357
53,146,80,130,409
91,146,49,126,412
121,9,53,134,317
63,77,53,111,304
19,134,37,23,213
118,56,127,56,357
4,128,83,58,273
142,28,26,66,262
37,33,145,26,241
8,125,59,60,252
98,12,59,13,182
114,136,27,10,287
82,146,14,3,245
119,117,98,74,408
84,58,102,136,380
51,68,23,12,154
87,33,13,37,170
2,90,31,69,192
131,18,104,90,343
81,112,132,147,472
6,19,24,136,185
129,147,144,63,483
141,76,50,17,284
120,38,73,23,254
60,53,112,79,304
81,113,10,111,315
10,127,73,71,281
31,71,84,43,229
60,150,52,75,337
142,87,118,144,491
133,125,106,101,465
136,89,60,66,351
78,112,110,128,428
115,89,112,60,376
53,35,15,100,203
125,97,47,88,357
143,77,122,79,421
53,18,123,57,251
145,112,132,94,483
137,87,147,113,484
79,35,1,64,179
74,116,75,144,409
15,148,117,65,345
74,69,6,142,291
30,36,138,47,251
63,148,7,29,247
17,45,55,72,189
143,139,72,49,403
7,28,46,133,214
132,104,96,100,432
56,53,117,119,345
43,37,31,29,140
109,102,51,89,351
78,146,140,5,369
93,138,121,86,438
3,49,48,67,167
79,132,5,138,354
52,53,139,106,350
116,59,8,35,218
89,132,50,78,349
113,52,75,130,370
72,29,119,137,357
40,85,9,105,239
93,50,146,130,419
125,125,147,135,532
32,51,29,107,219
43,57,138,97,335
136,114,9,56,315
47,123,85,140,395
137,22,116,9,284
145,131,102,54,432
52,67,5,133,257
76,41,1,74,192
79,13,41,111,244
108,146,121,131,506
133,38,101,79,351
125,105,140,104,474
64,59,109,39,271
111,129,109,73,422
54,84,81,91,310
115,52,117,45,329
46,7,80,57,190
40,144,59,131,374
47,105,11,116,279
50,118,103,18,289
26,67,72,123,288
63,150,8,148,369
102,116,56,33,307
61,129,97,100,387
100,120,45,80,345
49,11,83,99,242
44,105,83,147,379
85,104,134,129,452
24,4,35,121,184
36,53,51,40,180
25,17,77,75,194
14,26,7,34,81
2,95,133,69,299
70,8,136,62,276
149,100,13,20,282
101,56,107,84,348
106,31,52,131,320
104,80,106,124,414
79,96,47,19,241
44,48,57,56,205
63,98,7,124,292
132,140,90,93,455
118,1,119,60,298
120,91,107,13,331
129,42,91,87,349
39,12,90,133,274
34,84,69,103,290
78,141,122,32,373
129,103,27,8,267
83,81,73,142,379
63,53,34,120,270
97,142,1,89,329
67,103,129,31,330
134,140,94,150,518
149,116,137,90,492
91,113,55,105,364
38,39,63,61,201
11,14,24,82,131
61,68,78,122,329
116,112,110,65,403
19,22,150,78,269
72,15,118,138,343
126,84,141,14,365
28,61,113,17,219
7,96,13,73,189
94,119,55,143,411
111,119,86,29,345
121,2,88,85,296
143,137,32,51,363
19,138,135,1,293
55,41,129,82,307
74,3,143,53,273
128,32,3,135,298
114,53,79,50,296
8,148,29,25,210
97,59,136,136,428
148,26,33,65,272
139,69,131,114,453
68,106,11,94,279
136,72,128,104,440
10,108,89,113,320
71,22,16,19,128
39,110,84,82,315
17,53,51,36,157
54,94,133,108,389
29,82,33,85,229
7,13,33,143,196
77,68,84,142,371
42,3,68,40,153
107,41,23,60,231
11,8,92,92,203
112,39,146,19,316
123,13,15,114,265
113,46,29,10,198
115,146,40,37,338
68,67,147,84,366
61,7,17,93,178
116,135,68,47,366
117,17,45,129,308
109,149,46,86,390
5,12,117,120,254
4,71,56,37,168
117,103,28,95,343
85,60,40,82,267
75,75,33,137,320
102,58,121,7,288
99,99,62,150,410
87,149,37,60,333
65,124,4,87,280
95,95,23,135,348
92,108,142,43,385
71,74,91,66,302
56,22,146,141,365
45,147,38,12,242
50,20,5,43,118
46,131,75,94,346
116,39,18,80,253
4,109,103,94,310
20,42,99,52,213
69,149,21,130,369
111,119,57,6,293
131,35,137,141,444
62,84,23,16,185
108,45,96,97,346
109,113,67,119,408
48,135,77,4,264
64,65,19,120,268
92,120,26,92,330
27,128,121,123,399
63,106,1,93,263
42,36,78,53,209
126,36,81,44,287
139,23,34,10,206
145,148,143,45,481
34,83,126,76,319
80,123,92,39,334
121,100,115,53,389
64,24,53,1,142
92,16,34,116,258
108,70,6,116,300
17,137,101,26,281
19,21,28,84,152
53,123,22,40,238
141,63,10,77,291
94,79,44,107,324
38,30,149,105,322
76,103,35,11,225
38,64,67,35,204
60,82,149,48,339
88,27,22,73,210
101,90,110,16,317
48,134,5,83,270
74,77,56,48,255
17,103,142,111,373
28,23,20,104,175
144,59,147,106,456
88,57,104,128,377
52,134,115,17,318
41,5,25,101,172
77,97,112,76,362
117,113,73,36,339
129,35,88,116,368
9,147,132,131,419
26,11,128,32,197
115,19,78,138,350
61,113,16,2,192
63,98,48,25,234
93,90,145,49,377
1,136,33,29,199
50,118,141,19,328
6,38,3,121,168
125,121,143,98,487
122,49,98,14,283
138,11,111,81,341
4,15,126,146,291
60,45,110,62,277
114,63,146,103,426
8,80,137,65,290
116,84,106,26,332
18,122,131,85,356
41,78,114,80,313
58,19,77,86,240
31,146,11,17,205
58,124,52,126,360
133,109,23,144,409
14,57,25,73,169
21,8,90,17,136
14,125,122,4,265
60,136,58,146,400
16,141,139,22,318
73,13,33,119,238
149,122,31,122,424
149,123,116,86,474
77,88,90,103,358
4,25,140,118,287
40,73,135,36,284
58,43,98,29,228
64,90,54,116,324
125,65,143,44,377
71,20,124,1,216
143,96,63,129,431
35,131,91,4,261
46,32,51,25,154
67,96,49,5,217
112,104,48,39,303
127,104,111,10,352
130,107,58,83,378
143,57,84,22,306
93,42,59,118,312
25,36,57,136,254
2,79,117,43,241
136,89,49,87,361
31,136,55,82,304
94,111,134,116,455
1,142,74,89,306
54,80,6,131,271
103,19,19,97,238
130,89,76,37,332
37,51,57,36,181
73,127,33,93,326
89,121,29,127,366
79,78,9,110,276
93,82,88,128,391
71,119,105,144,439
35,116,142,83,376
135,31,79,127,372
52,120,74,98,344
98,78,32,14,222
135,18,53,34,240
50,108,79,96,333
75,37,62,92,266
70,25,68,66,229
113,105,149,40,407
27,47,126,82,282
68,43,134,78,323
71,98,144,16,329
67,123,28,57,275
61,68,13,45,187
140,57,14,89,300
3,54,99,103,259
66,107,34,134,341
54,113,64,128,359
120,130,63,4,317
114,27,102,55,298
7,65,84,52,208
76,88,33,148,345
149,83,34,52,318
102,24,22,79,227
5,60,150,14,229
36,126,37,93,292
91,147,126,84,448
5,117,125,40,287
145,80,5,121,351
86,43,73,144,346
100,3,140,63,306
94,102,51,45,292
119,80,131,9,339
131,7,150,25,313
98,60,93,69,320
39,2,48,54,143
103,144,134,86,467
60,6,10,2,78
112,32,68,66,278
67,150,141,2,360
6,129,106,56,297
56,40,137,11,244
75,137,86,68,366
24,103,31,16,174
22,67,38,42,169
142,108,101,71,422
104,126,51,84,365
69,39,117,72,297
7,143,100,137,387
122,48,146,67,383
13,111,102,32,258
58,25,56,23,162
52,121,141,19,333
101,69,87,130,387
137,71,135,41,384
68,42,65,130,305
2,95,17,83,197
15,53,76,104,248
11,149,78,32,270
71,37,14,86,208
82,145,93,145,465
52,89,47,120,308
44,13,75,78,210
115,123,145,54,437
142,85,59,54,340
119,99,96,30,344
148,41,45,57,291
32,137,45,138,352
139,71,67,81,358
4,64,6,27,101
98,66,19,47,230
150,10,125,59,344
121,111,44,145,421
132,109,91,58,390
94,50,42,70,256
132,59,25,77,293
129,34,72,124,359
8,140,32,69,249
60,129,50,46,285
124,40,43,34,241
86,20,4,87,197
6,58,26,2,92
83,1,112,62,258
101,117,107,131,456
54,61,139,116,370
24,34,43,10,111
95,24,80,15,214
43,89,12,13,157
39,138,34,138,349
19,45,54,83,201
45,41,28,134,248
127,120,131,141,519
133,111,108,8,360
20,110,114,108,352
95,52,56,26,229
132,48,78,143,401
107,62,128,44,341
128,27,105,70,330
18,20,150,18,206
16,60,40,139,255
51,127,86,47,311
86,95,128,11,320
42,94,148,3,287
77,68,134,20,299
108,68,79,35,290
1,49,129,9,188
50,125,31,86,292
94,129,135,141,499
120,54,123,118,415
94,99,43,71,307
80,66,120,94,360
29,126,86,96,337
36,110,46,94,286
106,103,91,84,384
21,51,34,99,205
69,43,146,128,386
137,146,27,10,320
7,53,19,22,101
114,131,18,46,309
40,43,54,30,167
89,38,46,116,289
80,109,128,20,337
136,16,25,81,258
144,141,89,76,450
111,113,135,97,456
28,8,124,70,230
139,25,37,146,347
31,4,107,143,285
102,150,109,29,390
65,69,41,145,320
140,117,121,103,481
150,57,55,59,321
47,106,28,103,284
35,7,150,18,210
57,55,31,89,232
121,20,88,140,369
32,133,114,149,428
52,148,8,53,261
106,97,40,141,384
1,66,8,100,175
21,21,39,36,117
103,138,111,114,466
20,94,86,135,335
100,51,9,98,258
113,104,84,32,333
120,139,41,53,353
89,78,3,95,265
3,41,135,83,262
138,139,119,91,487
30,76,93,43,242
64,62,126,38,290
66,15,81,40,202
103,146,108,102,459
51,37,121,3,212
81,95,67,4,247
63,90,81,105,339
126,66,124,77,393
133,75,3,99,310
99,44,71,111,325
128,42,142,12,324
117,126,124,64,431
9,44,128,9,190
15,45,47,42,149
121,9,11,57,198
91,120,101,48,360
48,135,133,47,363
73,67,80,31,251
74,143,80,29,326
29,29,84,40,182
88,43,90,64,285
138,59,124,117,438
40,89,49,57,235
125,22,65,59,271
35,147,92,76,350
129,17,117,72,335
111,84,24,76,295
28,93,42,123,286
15,133,55,131,334
100,47,8,145,300
38,21,18,79,156
133,143,35,70,381
60,133,101,63,357
81,108,69,148,406
122,48,71,97,338
58,122,147,43,370
77,104,86,105,372
103,120,50,148,421
36,111,135,72,354
9,112,46,14,181
104,26,52,92,274
37,76,55,11,179
34,105,68,24,231
138,130,63,146,477
75,115,41,39,270
69,58,17,97,241
71,15,6,25,117
13,23,74,41,151
20,150,72,57,299
18,1,96,82,197
82,13,62,109,266
77,119,75,84,355
64,91,149,11,315
68,39,11,97,215
97,56,36,106,295
91,29,124,5,249
101,12,84,57,254
35,36,112,8,191
111,111,20,79,321
65,7,139,14,225
65,113,141,43,362
42,105,89,51,287
47,85,25,61,218
24,47,90,28,189
150,67,71,76,364
87,112,36,10,245
115,25,89,54,283
92,112,130,20,354
115,146,55,80,396
98,69,44,133,344
117,60,65,24,266
81,64,100,94,339
34,113,99,119,365
49,69,72,150,340
67,145,48,4,264
110,57,68,38,273
132,99,150,18,399
119,64,123,80,386
69,129,21,148,367
105,35,40,88,268
66,2,70,11,149
5,93,114,131,343
57,67,41,103,268
83,31,74,82,270
114,34,48,78,274
142,145,15,15,317
5,35,110,18,168
124,103,78,90,395
98,38,86,3,225
108,65,130,15,318
143,33,150,32,358
54,106,102,103,365
134,28,87,36,285
35,83,99,10,227
1,94,101,96,292
97,49,63,71,280
101,8,39,24,172
81,83,69,35,268
131,29,8,91,259
109,9,72,52,242
19,114,54,67,254
88,29,32,14,163
10,19,88,31,148
52,44,38,101,235
83,18,79,129,309
67,92,3,106,268
136,121,43,113,413
96,2,75,11,184
88,148,129,63,428
38,17,126,23,204
30,119,130,102,381
68,120,113,85,386
96,50,104,97,347
40,1,105,106,252
149,128,79,70,426
34,9,121,123,287
103,50,116,79,348
149,87,107,75,418
94,74,70,94,332
77,46,71,127,321
139,147,92,46,424
49,150,63,122,384
98,36,116,34,284
116,89,7,114,326
17,80,62,32,191
102,16,81,136,335
37,135,10,62,244
37,86,48,114,285
12,2,20,42,76
113,36,3,39,191
119,101,82,141,443
124,84,55,73,336
89,16,145,128,378
117,127,107,121,472
35,58,143,85,321
54,111,67,80,312
115,111,140,137,503
48,68,5,133,254
20,15,147,17,199
6,10,17,59,92
114,119,34,114,381
78,30,131,21,260
110,117,142,56,425
59,45,88,42,234
11,129,97,122,359
133,34,31,6,204
139,64,135,118,456
57,1,12,55,125
137,144,116,145,542
133,8,96,32,269
109,115,25,127,376
60,56,93,107,316
98,13,27,43,181
48,123,133,133,437
88,57,91,37,273
135,69,16,5,225
107,15,11,68,201
47,98,5,77,227
8,27,51,74,160
86,115,109,56,366
31,36,80,108,255
116,115,41,78,350
116,3,146,16,281
89,93,87,10,279
6,90,57,56,209
144,129,49,137,459
129,61,149,73,412
53,90,65,123,331
95,21,37,36,189
143,122,95,117,477
101,11,23,103,238
120,78,47,148,393
147,4,131,113,395
22,136,35,131,324
29,20,121,139,309
96,17,85,38,236
69,91,8,112,280
5,10,45,131,191
38,2,29,44,113
41,16,103,65,225
17,53,11,29,110
34,42,69,87,232
66,17,122,8,213
123,44,63,116,346
63,19,30,141,253
123,67,57,99,346
35,69,15,50,169
77,19,83,131,310
55,117,58,129,359
105,99,86,95,385
3,24,17,112,156
6,87,28,134,255
85,121,69,102,377
140,51,140,28,359
146,40,28,41,255
91,39,97,84,311
116,17,93,99,325
141,109,32,149,431
86,11,111,125,333
15,40,31,71,157
87,129,115,113,444
51,13,79,29,172
52,71,69,124,316
91,120,3,129,343
113,30,66,21,230
54,62,62,55,233
35,116,135,130,416
95,69,125,114,403
15,39,139,118,311
131,8,129,17,285
62,104,4,46,216
93,114,82,78,367
26,131,19,143,319
91,47,142,138,418
67,119,21,134,341
146,31,71,140,388
42,57,75,57,231
82,57,147,11,297
10,60,95,149,314
59,90,105,140,394
26,35,87,87,235
23,101,126,67,317
49,9,127,143,328
69,140,57,52,318
104,96,146,81,427
6,64,67,6,143
136,53,130,32,351
122,118,103,45,388
71,148,115,33,367
89,64,70,60,283
66,22,50,28,166
88,114,32,65,299
61,77,125,2,265
102,119,98,127,446
70,117,70,114,371
104,45,55,19,223
42,13,81,37,173
74,43,108,142,367
54,145,6,61,266
110,95,127,40,372
104,59,107,129,399
111,144,141,71,467
145,91,143,146,525
78,128,33,40,279
68,126,66,115,375
82,85,32,43,242
36,76,92,102,306
125,51,40,85,301
105,104,79,49,337
140,137,128,103,508
145,48,10,27,230
48,106,68,143,365
46,48,79,34,207
8,141,52,51,252
92,139,27,41,299
93,22,124,25,264
136,111,98,99,444
125,96,117,105,443
149,89,104,66,408
39,120,45,142,346
147,85,66,28,326
108,99,5,23,235
54,68,23,20,165
21,12,46,147,226
105,46,74,43,268
59,149,78,76,362
126,120,115,119,480
30,130,33,20,213
48,150,18,105,321
143,66,135,89,433
120,142,57,66,385
97,16,145,13,271
3,43,44,117,207
47,4,61,128,240
77,52,135,19,283
69,49,91,119,328
124,64,46,73,307
64,12,150,123,349
63,136,90,83,372
148,40,22,127,337
70,142,149,126,487
143,68,136,63,410
130,5,65,94,294
65,28,123,46,262
76,70,11,79,236
114,150,114,136,514
90,43,86,130,349
120,76,92,45,333
119,63,115,46,343
61,126,118,109,414
142,34,146,23,345
20,9,143,134,306
21,85,28,70,204
45,140,36,24,245
113,63,25,77,278
120,85,139,38,382
128,94,26,67,315
27,99,142,72,340
108,125,103,89,425
11,105,144,138,398
35,5,118,108,266
111,136,8,106,361
36,44,62,124,266
23,68,84,105,280
110,32,45,79,266
56,15,143,150,364
134,136,144,78,492
75,136,100,102,413
67,56,5,24,152
18,15,108,123,264
33,5,78,14,130
138,58,52,11,259
19,102,66,21,208
72,113,101,87,373
98,58,74,47,277
139,115,21,137,412
35,19,7,37,98
98,134,13,32,277
9,64,71,123,267
59,49,65,19,192
136,71,82,104,393
143,19,149,108,419
88,136,135,121,480
42,75,56,143,316
66,137,100,75,378
9,111,28,56,204
39,47,109,17,212
27,87,147,12,273
1,129,34,33,197
71,121,37,59,288
61,86,150,74,371
39,45,64,44,192
16,76,95,97,284
34,3,25,96,158
40,121,136,111,408
144,27,69,3,243
79,74,25,2,180
125,22,15,144,306
2,2,100,114,218
114,68,112,112,406
53,148,122,109,432
1,35,92,117,245
101,97,146,13,357
5,117,2,148,272
94,96,47,149,386
36,143,81,113,373
127,37,18,56,238
106,88,77,35,306
76,15,115,82,288
39,32,17,32,120
12,87,66,75,240
141,54,3,59,257
70,69,61,45,245
135,95,103,137,470
146,38,115,99,398
97,38,99,76,310
31,133,119,54,337
96,110,104,69,379
6,48,129,16,199
50,84,9,113,256
50,41,71,129,291
15,117,101,94,327
129,135,64,104,432
39,60,138,17,254
137,124,92,71,424
120,124,97,121,462
105,37,50,25,217
148,123,47,127,445
13,42,1,37,93
75,138,107,47,367
55,70,41,140,306
42,82,28,53,205
65,94,90,65,314
117,113,72,10,312
133,78,143,65,419
38,91,9,149,287
39,11,112,20,182
41,148,109,25,323
101,59,39,33,232
77,69,53,102,301
133,20,137,57,347
60,73,73,80,286
57,100,110,145,412
17,105,36,100,258
36,5,89,42,172
72,71,127,86,356
58,149,100,138,445
118,9,65,138,330
50,25,137,145,357
1,26,112,148,287
116,85,150,74,425
96,119,123,107,445
119,131,62,69,381
46,88,71,139,344
114,89,80,122,405
46,87,139,122,394
2,89,89,124,304
143,51,35,33,262
92,128,18,103,341
116,117,30,93,356
3,24,44,123,194
122,137,21,110,390
90,129,47,99,365
120,43,78,81,322
37,23,36,104,200
105,142,59,13,319
108,31,51,94,284
57,150,142,32,381
19,111,143,150,423
32,94,129,67,322
144,61,49,28,282
98,106,104,96,404
10,3,133,40,186
20,133,16,103,272
49,23,54,53,179
20,64,18,141,243
2,64,78,148,292
15,75,123,130,343
70,85,62,101,318
79,89,11,88,267
9,134,148,70,361
120,4,137,100,361
99,124,128,88,439
20,69,94,87,270
8,94,92,49,243
132,147,133,66,478
87,119,91,115,412
130,14,145,19,308
56,34,146,98,334
60,4,26,27,117
52,128,90,35,305
114,74,49,18,255
62,62,32,111,267
84,78,63,48,273
15,149,65,109,338
57,143,123,100,423
71,116,104,145,436
24,102,26,76,228
111,132,52,112,407
28,75,117,64,284
117,138,63,126,444
100,143,35,60,338
8,109,7,42,166
146,46,140,118,450
149,106,103,18,376
73,60,102,103,338
120,3,132,66,321
138,149,5,99,391
101,145,50,63,359
81,147,111,116,455
113,46,76,10,245
39,18,126,143,326
98,2,112,134,346
88,63,29,22,202
114,1,112,34,261
5,135,88,127,355
45,60,9,115,229
66,130,124,17,337
118,105,123,56,402
95,30,106,21,252
111,31,123,10,275
73,27,39,106,245
52,100,20,125,297
52,89,121,85,347
5,131,85,105,326
145,26,20,122,313
52,45,90,36,223
91,9,121,120,341
121,49,104,133,407
59,140,35,37,271
32,81,116,85,314
41,69,127,1,238
36,7,14,48,105
112,144,94,7,357
43,34,80,131,288
42,129,75,117,363
51,7,92,120,270
72,100,26,107,305
121,36,142,46,345
115,120,34,69,338
107,21,48,116,292
18,36,49,123,226
13,123,62,69,267
146,115,98,99,458
4,94,95,67,260
132,59,95,134,420
138,44,126,116,424
145,97,40,2,284
99,64,13,32,208
100,11,90,38,239
147,15,16,50,228
61,136,53,34,284
20,57,85,61,223
60,67,71,20,218
24,146,71,125,366
137,108,76,55,376
124,6,47,134,311
97,32,82,61,272
49,81,129,52,311
66,17,66,38,187
1,68,113,99,281
139,141,149,102,531
67,69,146,106,388
71,82,134,114,401
141,79,67,86,373
146,108,3,51,308
121,114,65,30,330
25,118,73,61,277
116,21,89,79,305
55,60,96,30,241
93,94,116,8,311
40,66,62,145,313
79,67,140,88,374
123,121,108,136,488
132,106,58,58,354
85,93,76,95,349
95,120,92,104,411
108,139,106,12,365
30,35,133,30,228
29,136,86,58,309
113,75,92,99,379
88,107,16,42,253
49,140,8,39,236
51,33,77,9,170
61,136,47,148,392
39,60,49,53,201
67,104,33,102,306
30,67,84,89,270
131,57,85,33,306
145,9,113,141,408
46,86,59,108,299
19,125,62,84,290
125,21,120,131,397
8,119,28,115,270
136,95,138,83,452
2,92,75,52,221
89,42,120,126,377
95,15,22,55,187
33,11,111,10,165
28,148,15,19,210
124,135,111,84,454
11,132,118,83,344
31,110,64,130,335
32,77,61,142,312
70,8,63,107,248
135,121,81,132,469
143,81,80,110,414
134,130,21,53,338
108,6,91,124,329
133,147,139,74,493
43,137,112,32,324
80,63,96,146,385
99,54,31,138,322
38,72,53,75,238
72,82,68,136,358
137,74,109,93,413
14,75,120,59,268
99,6,143,13,261
23,45,140,96,304
120,49,39,119,327
146,51,31,69,297
35,24,100,80,239
95,146,16,102,359
60,82,29,74,245
51,53,115,95,314
127,137,38,52,354
101,133,70,29,333
97,53,77,23,250
126,52,116,47,341
72,8,138,131,349
44,125,9,21,199
96,148,72,45,361
126,49,52,5,232
30,30,68,89,217
90,144,40,112,386
4,135,19,73,231
107,148,37,65,357
142,142,60,12,356
47,66,136,5,254
99,122,88,147,456
99,3,8,8,118
134,53,67,31,285
48,44,24,66,182
117,68,118,40,343
148,31,120,10,309
57,150,37,47,291
129,1,114,126,370
22,143,9,120,294
123,19,19,81,242
65,92,143,106,406
44,16,48,56,164
16,111,52,22,201
67,56,2,37,162
140,113,87,45,385
41,117,59,86,303
16,64,84,134,298
93,17,70,19,199
52,83,91,49,275
72,99,73,54,298
143,26,58,101,328
15,133,27,80,255
30,29,144,136,339
17,46,80,107,250
132,62,61,85,340
126,131,88,110,455
87,67,113,142,409
95,79,39,89,302
97,33,31,90,251
46,1,114,91,252
59,73,56,94,282
79,15,93,57,244
129,130,21,34,314
144,123,95,138,500
94,10,75,2,181
132,109,75,32,348
84,21,128,60,293
23,39,80,113,255
43,91,11,90,235
42,64,93,107,306
77,31,138,3,249
40,21,127,116,304
87,74,64,28,253
109,18,95,106,328
122,131,47,146,446
149,32,6,58,245
148,65,82,105,400
139,6,52,111,308
122,98,97,80,397
11,59,38,86,194
135,129,77,55,396
93,20,18,6,137
37,22,150,81,290
116,37,18,71,242
76,110,114,148,448
150,30,106,41,327
110,33,106,103,352
69,124,123,96,412
68,1,122,119,310
69,117,48,35,269
122,35,110,107,374
135,130,134,114,513
140,42,4,22,208
106,37,48,110,301
63,43,59,121,286
74,67,2,38,181
123,120,145,40,428
15,51,127,132,325
34,119,136,128,417
78,51,31,107,267
111,45,148,12,316
46,36,46,6,134
122,123,89,20,354
29,82,23,26,160
72,93,73,111,349
110,131,81,32,354
120,98,51,150,419
42,87,40,129,298
47,14,101,136,298
143,82,101,13,339
79,84,133,32,328
33,86,122,63,304
82,93,35,25,235
103,31,127,42,303
55,33,135,60,283
90,15,16,13,134
93,136,7,134,370
68,141,15,21,245
99,25,133,48,305
85,5,95,4,189
117,27,27,47,218
124,53,50,67,294
35,30,48,122,235
27,52,122,50,251
63,137,130,60,390
57,131,119,63,370
106,87,107,73,373
137,145,98,46,426
104,26,127,90,347
119,45,6,132,302
76,18,88,128,310
109,21,85,39,254
104,24,24,135,287
127,30,18,126,301
37,84,137,81,339
142,140,39,3,324
107,89,105,60,361
81,128,57,80,346
65,112,97,37,311
22,30,13,81,146
59,73,146,38,316
5,14,12,7,38
149,91,23,64,327
111,33,87,39,270
82,147,65,51,345
143,111,12,126,392
66,36,114,137,353
88,1,31,45,165
9,119,106,135,369
100,105,71,4,280
146,128,89,118,481
76,111,121,4,312
9,146,110,29,294
83,86,139,148,456
22,75,71,121,289
68,68,92,68,296
41,78,131,60,310
79,64,56,129,328
116,105,75,31,327
20,129,143,18,310
36,137,4,75,252
54,104,90,53,301
115,5,56,81,257
81,24,1,61,167
8,23,69,132,232
2,118,117,30,267
145,12,108,118,383
40,3,84,27,154
19,131,77,147,374
49,11,48,86,194
70,118,14,12,214
72,118,79,50,319
125,121,139,84,469
38,111,53,77,279
67,114,47,25,253
47,79,35,86,247
150,116,73,97,436
24,125,56,14,219
53,52,40,47,192
75,84,72,117,348
84,87,58,94,323
145,39,127,38,349
6,114,60,82,262
35,23,28,139,225
48,103,74,137,362
18,104,66,11,199
128,92,26,18,264
91,2,86,124,303
13,82,78,89,262
107,74,101,79,361
114,148,65,88,415
79,5,145,70,299
2,40,65,34,141
93,15,82,123,313
14,76,134,148,372
81,149,74,136,440
25,149,139,123,436
76,54,130,7,267
58,144,62,119,383
55,111,113,21,300
104,17,121,83,325
9,89,93,27,218
105,101,22,7,235
107,118,63,80,368
145,22,145,17,329
43,145,122,5,315
25,60,143,56,284
95,9,24,88,216
35,128,78,110,351
6,71,107,117,301
65,54,147,106,372
96,36,32,111,275
15,30,122,61,228
125,97,116,52,390
142,38,101,34,315
28,117,132,99,376
107,117,71,44,339
102,148,39,58,347
26,35,137,24,222
55,41,23,49,168
135,57,25,5,222
108,51,132,5,296
17,34,61,60,172
141,132,134,46,453
111,108,25,110,354
40,94,44,38,216
112,32,131,95,370
94,108,52,41,295
105,67,131,107,410
74,101,47,12,234
62,143,23,109,337
149,43,44,16,252
76,130,129,68,403
100,96,26,120,342
16,109,89,108,322
27,136,16,31,210
107,5,61,78,251
31,26,146,128,331
38,63,21,37,159
91,128,127,35,381
2,72,44,66,184
26,86,3,10,125
31,89,22,76,218
103,69,30,105,307
35,64,10,6,115
8,21,13,39,81
51,99,61,134,345
11,57,144,59,271
28,73,4,31,136
102,43,14,29,188
86,39,21,11,157
89,40,19,14,162
130,82,79,5,296
91,117,42,139,389
123,25,52,14,214
34,28,28,133,223
34,12,35,16,97
10,149,72,64,295
70,45,128,50,293
132,3,107,57,299
20,67,134,35,256
130,91,142,66,429
67,81,116,39,303
60,123,8,81,272
72,93,114,71,350
60,23,126,91,300
99,96,1,24,220
8,132,90,124,354
99,93,66,147,405
46,32,104,135,317
9,92,74,9,184
75,136,72,111,394
25,143,18,98,284
60,73,76,77,286
58,23,70,57,208
89,56,33,133,311
21,55,150,112,338
129,20,125,26,300
146,119,150,104,519
62,109,77,35,283
132,143,79,3,357
122,126,111,104,463
36,149,43,5,233
25,137,92,1,255
18,91,134,111,354
130,10,49,18,207
5,49,26,16,96
148,142,30,56,376
72,113,92,12,289
104,106,97,8,315
121,73,132,145,471
14,74,98,98,284
107,16,27,116,266
57,91,63,51,262
107,88,130,18,343
105,54,35,125,319
61,137,13,130,341
107,119,76,56,358
125,123,137,37,422
113,21,136,28,298
128,40,129,134,431
149,141,13,122,425
56,17,117,53,243
112,60,92,107,371
104,55,15,35,209
33,126,37,84,280
149,123,104,2,378
61,39,139,118,357
146,47,40,56,289
98,45,143,80,366
150,61,138,27,376
54,85,20,93,252
5,135,20,53,213
110,106,53,10,279
102,88,29,61,280
26,127,124,60,337
74,14,125,132,345
77,150,49,17,293
46,90,16,11,163
17,95,20,26,158
139,9,74,112,334
39,82,8,129,258
107,85,47,94,333
92,40,18,8,158
71,16,57,44,188
65,129,123,69,386
133,150,131,67,481
21,131,111,141,404
128,121,27,23,299
121,76,127,131,455
115,82,33,54,284
66,47,148,147,408
58,81,84,45,268
80,26,72,110,288
56,139,80,46,321
146,105,78,116,445
87,124,11,58,280
64,60,138,6,268
85,46,59,53,243
106,41,39,128,314
136,120,16,106,378
15,149,108,105,377
40,61,83,32,216
78,146,96,80,400
7,149,129,33,318
82,35,46,77,240
42,52,112,81,287
22,7,122,92,243
69,149,25,35,278
37,60,71,81,249
19,45,25,61,150
41,122,24,130,317
137,44,4,51,236
49,108,138,150,445
2,141,136,143,422
24,8,146,2,180
113,97,72,103,385
76,149,85,12,322
142,31,105,132,410
98,69,47,102,316
147,136,13,61,357
122,141,13,125,401
67,135,47,19,268
66,129,105,67,367
120,138,60,98,416
42,70,88,77,277
126,52,124,31,333
65,107,61,140,373
145,98,59,34,336
7,89,81,66,243
148,148,61,43,400
71,143,120,59,393
126,77,116,59,378
108,26,142,94,370
3,64,97,8,172
130,124,46,10,310
21,14,108,9,152
143,104,29,102,378
42,144,52,38,276
27,49,32,108,216
18,123,86,39,266
55,88,15,58,216
86,120,146,101,453
95,92,131,85,403
81,51,47,101,280
98,106,129,89,422
141,54,93,9,297
92,53,78,83,306
102,148,101,104,455
39,139,34,87,299
9,77,139,113,338
115,146,48,105,414
105,111,11,135,362
74,72,45,69,260
120,12,101,111,344
147,6,96,138,387
56,88,4,78,226
82,60,86,14,242
39,120,87,54,300
132,140,2,98,372
38,96,138,106,378
76,30,95,109,310
50,93,47,85,275
82,128,38,119,367
30,58,68,134,290
124,83,145,115,467
86,101,98,5,290
43,28,39,52,162
10,91,13,117,231
37,130,24,28,219
23,113,69,1,206
54,29,52,76,211
78,118,50,47,293
61,93,88,56,298
143,103,112,25,383
121,55,137,16,329
131,75,2,57,265
97,64,78,87,326
79,113,11,81,284
144,84,31,115,374
65,143,11,109,328
81,142,82,137,442
57,5,38,112,212
11,83,108,97,299
70,60,115,57,302
14,1,75,131,221
21,137,58,136,352
101,89,98,134,422
40,30,141,113,324
69,113,135,48,365
43,62,116,115,336
104,122,37,18,281
10,54,64,116,244
38,79,18,42,177
130,68,110,131,439
149,46,29,32,256
142,62,47,63,314
126,125,58,44,353
96,64,3,34,197
21,52,106,127,306
96,149,15,110,370
90,134,60,93,377
12,84,144,122,362
83,31,11,76,201
23,124,8,92,247
49,7,122,143,321
22,119,34,92,267
53,104,93,113,363
11,17,118,74,220
133,115,40,7,295
101,101,127,76,405
111,150,35,74,370
145,139,145,123,552
75,91,25,23,214
27,80,136,83,326
47,133,67,63,310
126,10,105,108,349
31,19,1,144,195
52,131,49,83,315
52,113,57,121,343
79,145,145,138,507
39,94,101,13,247
149,128,84,76,437
125,122,142,76,465
96,78,47,33,254
55,112,30,33,230
138,134,133,16,421
103,124,82,91,400
109,100,6,45,260
38,144,51,17,250
8,83,67,63,221
124,9,122,87,342
92,132,134,87,445
64,3,44,66,177
77,77,94,36,284
18,4,56,35,113
52,112,56,84,304
136,49,69,112,366
68,103,69,146,386
11,57,84,49,201
108,88,83,53,332
65,67,18,2,152
124,12,52,135,323
19,76,1,37,133
78,9,70,90,247
22,128,95,96,341
77,126,135,113,451
81,89,60,71,301
64,69,106,20,259
87,15,102,17,221
79,123,53,24,279
10,144,118,35,307
24,145,86,27,282
75,34,138,131,378
84,14,3,102,203
39,91,27,138,295
21,13,52,128,214
115,46,144,56,361
127,116,119,8,370
122,138,84,121,465
2,30,71,138,241
6,68,53,27,154
133,88,11,101,333
106,135,131,92,464
65,55,129,58,307
89,9,142,97,337
105,42,26,2,175
102,67,60,132,361
123,72,136,130,461
64,97,112,3,276
70,102,128,36,336
4,131,132,94,361
71,22,26,115,234
11,128,102,15,256
25,7,6,85,123
147,43,120,23,333
53,119,48,91,311
109,144,144,133,530
145,34,99,65,343
62,36,16,12,126
129,47,35,7,218
20,11,51,25,107
116,144,32,5,297
34,81,101,50,266
97,40,147,106,390
129,21,139,20,309
83,16,111,82,292
23,138,97,50,308
12,78,11,60,161
113,38,95,34,280
124,56,25,69,274
128,86,113,146,473
64,131,98,108,401
80,9,149,89,327
93,99,102,137,431
114,11,24,136,285
89,3,44,87,223
149,16,118,47,330
68,10,125,6,209
82,28,97,96,303
20,126,74,1,221
39,102,78,99,318
36,69,38,100,243
113,85,76,60,334
129,32,133,55,349
41,21,28,74,164
126,46,12,20,204
136,135,1,33,305
79,25,6,75,185
108,12,31,134,285
39,145,32,125,341
55,76,119,118,368
78,71,33,86,268
130,98,100,56,384
84,74,149,37,344
145,65,1,18,229
132,53,117,18,320
45,57,102,102,306
126,9,87,75,297
37,1,126,39,203
72,25,49,82,228
72,75,69,83,299
150,140,79,14,383
140,50,33,40,263
150,50,8,64,272
149,40,57,85,331
58,89,100,77,324
12,71,49,133,265
139,23,131,24,317
82,150,48,93,373
51,70,88,92,301
134,25,116,56,331
26,22,84,133,265
3,57,110,118,288
63,19,32,30,144
66,90,24,98,278
1,44,136,92,273
17,72,93,23,205
41,73,45,11,170
47,141,38,37,263
139,26,71,121,357
54,88,137,41,320
69,68,3,79,219
146,33,93,123,395
141,56,12,149,358
117,44,65,122,348
5,130,123,36,294
94,118,90,149,451
140,124,129,56,449
94,56,25,37,212
89,137,67,92,385
99,32,60,63,254
108,10,52,115,285
38,80,85,101,304
3,84,120,2,209
143,148,47,125,463
117,32,134,121,404
81,6,84,123,294
9,116,5,2,132
85,100,99,140,424
73,138,134,122,467
144,28,104,101,377
40,32,119,107,298
9,67,4,107,187
4,52,27,32,115
112,43,58,77,290
92,67,99,68,326
76,12,82,108,278
117,61,43,33,254
42,28,142,76,288
61,110,89,82,342
141,100,43,141,425
64,149,118,9,340
97,112,91,25,325
73,29,115,77,294
63,140,133,129,465
123,84,49,142,398
41,11,102,137,291
90,9,8,78,185
104,38,104,66,312
135,114,126,133,508
147,115,102,46,410
3,72,64,35,174
26,121,23,73,243
89,32,123,53,297
58,40,45,49,192
147,137,20,22,326
8,37,11,71,127
60,125,77,23,285
97,104,88,116,405
63,77,91,5,236
136,127,45,110,418
45,131,150,14,340
34,79,127,60,300
32,117,29,41,219
119,13,63,71,266
132,71,35,138,376
39,34,24,31,128
104,96,29,101,330
70,23,8,12,113
129,106,95,62,392
133,133,23,80,369
69,91,33,34,227
35,32,26,44,137
98,103,16,78,295
21,144,109,142,416
28,145,60,86,319
104,35,56,144,339
97,18,87,67,269
145,119,35,124,423
14,111,46,29,200
78,79,108,126,391
118,104,123,40,385
52,19,144,79,294
141,127,30,42,340
39,108,98,18,263
10,56,98,30,194
62,126,141,40,369
65,129,128,91,413
62,122,101,17,302
147,106,144,53,450
25,63,2,71,161
69,34,103,43,249
31,129,31,149,340
27,62,67,111,267
122,62,16,75,275
69,103,124,34,330
113,48,101,75,337
59,10,11,19,99
88,20,48,144,300
129,19,95,30,273
112,21,65,140,338
55,144,5,142,346
93,104,10,75,282
113,25,99,10,247
147,2,114,4,267
110,77,106,28,321
15,111,69,16,211
32,132,5,89,258
93,76,66,40,275
64,33,115,105,317
35,129,12,105,281
128,12,47,17,204
116,143,70,139,468
122,57,141,43,363
150,23,94,112,379
18,109,117,39,283
150,150,100,3,403
149,67,6,150,372
79,22,76,41,218
19,83,120,23,245
66,32,9,50,157
6,7,43,113,169
5,30,66,25,126
8,99,78,83,268
3,145,49,92,289
3,27,112,122,264
82,13,82,5,182
55,146,125,16,342
43,112,100,124,379
73,132,93,134,432
72,119,85,113,389
51,116,8,135,310
49,82,23,109,263
137,19,93,123,372
110,58,45,129,342
29,74,111,57,271
34,93,52,37,216
12,45,60,18,135
132,71,48,63,314
1,146,44,27,218
102,55,100,108,365
54,130,11,22,217
48,135,132,97,412
50,149,68,140,407
66,146,124,143,479
82,43,69,5,199
24,2,136,73,235
10,117,95,148,370
150,84,39,46,319
2,130,144,77,353
64,97,50,76,287
68,121,18,100,307
89,121,114,120,444
121,51,94,150,416
134,88,91,12,325
145,29,130,52,356
89,147,70,24,330
31,110,137,43,321
146,105,97,146,494
41,94,45,62,242
73,56,52,99,280
43,71,100,23,237
47,64,103,88,302
53,78,22,125,278
75,7,82,5,169
39,8,140,74,261
81,17,103,105,306
61,73,49,125,308
115,92,85,127,419
38,73,34,69,214
33,56,129,12,230
112,134,20,112,378
107,31,110,23,271
45,105,22,137,309
32,133,117,95,377
145,84,1,57,287
14,143,84,17,258
17,108,7,125,257
74,127,1,139,341
23,111,15,42,191
71,93,25,20,209
81,84,26,12,203
88,108,49,54,299
11,52,55,110,228
43,119,144,32,338
68,24,115,59,266
114,125,66,77,382
3,43,71,23,140
126,120,102,137,485
12,55,40,41,148
69,62,68,17,216
95,109,121,53,378
135,10,97,63,305
84,69,119,44,316
64,132,24,103,323
2,82,76,81,241
28,77,56,124,285
62,73,26,61,222
131,105,4,110,350
11,89,40,34,174
80,72,109,135,396
36,11,54,100,201
59,73,77,80,289
43,116,68,90,317
4,28,55,49,136
55,119,131,12,317
22,108,83,69,282
83,123,142,114,462
43,16,80,132,271
74,120,144,13,351
35,37,22,124,218
143,75,114,122,454
73,100,90,62,325
91,72,44,43,250
123,63,20,5,211
35,135,88,32,290
113,35,48,39,235
21,98,94,79,292
150,123,33,91,397
66,5,118,89,278
135,64,36,146,381
66,33,47,63,209
106,133,121,30,390
11,44,30,127,212
81,27,75,1,184
146,32,56,105,339
22,36,110,96,264
18,40,50,53,161
116,141,43,52,352
104,22,132,28,286
86,2,42,8,138
107,128,55,114,404
88,134,23,98,343
31,145,4,63,243
110,80,96,27,313
114,41,109,12,276
28,113,116,56,313
150,17,3,80,250
56,108,32,3,199
150,64,75,88,377
122,3,21,55,201
92,73,30,32,227
72,79,130,150,431
106,144,21,148,419
98,144,149,22,413
146,2,75,108,331
80,74,66,122,342
124,22,105,3,254
92,73,4,149,318
89,77,62,123,351
96,72,126,80,374
123,141,130,71,465
41,51,52,38,182
69,19,28,23,139
70,77,147,85,379
28,71,35,109,243
22,72,76,146,316
25,4,97,108,234
61,71,25,94,251
79,41,70,114,304
74,85,14,84,257
79,85,105,94,363
94,92,93,106,385
100,52,27,1,180
113,86,63,111,373
82,52,64,98,296
60,86,19,2,167
44,93,56,41,234
14,114,20,40,188
96,44,113,56,309
90,99,36,142,367
125,69,44,68,306
66,65,106,52,289
139,44,145,41,369
35,60,107,1,203
121,112,96,135,464
11,31,16,120,178
136,74,93,28,331
75,136,136,130,477
89,107,84,34,314
143,26,144,101,414
135,15,9,61,220
123,18,16,124,281
67,89,32,139,327
4,47,50,85,186
17,90,112,73,292
25,107,46,123,301
86,77,55,31,249
76,45,89,42,252
74,145,103,149,471
101,92,112,77,382
41,35,35,29,140
19,23,61,19,122
77,9,30,49,165
141,91,82,10,324
58,111,111,90,370
92,117,87,119,415
64,114,10,39,227
79,39,138,1,257
77,65,76,23,241
94,43,64,22,223
140,54,90,69,353
35,122,120,135,412
114,39,97,61,311
143,35,47,74,299
112,69,119,110,410
112,70,93,140,415
127,98,107,8,340
68,76,52,110,306
138,17,39,54,248
84,36,75,4,199
95,17,2,117,231
71,64,79,94,308
40,100,143,24,307
142,23,17,122,304
120,16,74,45,255
11,16,130,78,235
109,2,43,135,289
96,46,142,25,309
31,98,104,71,304
112,35,130,77,354
148,119,106,136,509
105,11,96,25,237
115,125,142,116,498
139,98,58,59,354
74,77,43,14,208
131,119,115,112,477
139,41,89,100,369
110,86,112,26,334
114,134,123,109,480
78,23,109,47,257
38,91,37,134,300
44,118,18,120,300
49,130,85,95,359
14,119,40,32,205
108,115,140,98,461
66,12,105,1,184
7,40,99,36,182
65,12,87,14,178
87,27,117,4,235
113,26,126,63,328
59,108,118,19,304
51,16,140,118,325
77,131,108,16,332
143,147,89,95,474
98,125,104,4,331
150,142,140,53,485
121,10,60,108,299
6,32,80,132,250
66,134,99,25,324
110,37,10,112,269
72,36,37,119,264
88,135,133,98,454
6,118,13,64,201
70,132,113,23,338
140,71,56,13,280
109,51,19,138,317
84,35,148,60,327
53,65,129,85,332
8,19,47,46,120
149,103,21,86,359
144,74,9,50,277
116,64,108,6,294
65,95,99,43,302
114,104,38,3,259
111,31,113,59,314
141,26,88,37,292
6,32,116,55,209
16,13,130,131,290
133,44,36,93,306
35,37,63,78,213
10,61,134,7,212
90,37,14,137,278
17,71,77,115,280
64,79,52,35,230
1,84,34,55,174
9,17,54,48,128
97,92,3,144,336
95,2,135,9,241
44,56,135,69,304
110,44,139,31,324
134,104,19,100,357
80,3,147,135,365
117,114,50,112,393
74,21,36,33,164
12,21,41,127,201
146,58,134,44,382
29,17,150,134,330
86,53,78,21,238
15,91,87,37,230
34,24,112,76,246
102,117,21,125,365
31,24,102,49,206
148,90,97,93,428
58,80,136,137,411
141,82,111,91,425
52,3,24,121,200
117,42,56,75,290
113,144,9,73,339
85,114,61,38,298
59,94,141,107,401
129,39,53,145,366
78,129,39,70,316
144,94,97,99,434
37,136,46,149,368
22,138,82,42,284
102,7,129,52,290
25,108,14,22,169
96,7,132,25,260
144,136,103,146,529
68,114,147,37,366
22,82,14,101,219
32,43,117,58,250
75,148,68,25,316
77,133,13,21,244
88,70,98,80,336
41,42,72,77,232
65,87,137,63,352
143,64,56,86,349
76,29,6,14,125
122,146,34,25,327
46,130,49,11,236
80,91,61,48,280
143,113,46,145,447
78,135,33,51,297
98,94,53,8,253
79,19,39,18,155
91,15,28,53,187
14,130,70,10,224
134,44,77,77,332
18,11,50,96,175
132,38,149,132,451
58,53,83,40,234
123,55,131,73,382
136,119,37,128,420
139,38,45,44,266
100,87,63,71,321
101,42,83,50,276
125,138,106,91,460
134,125,94,43,396
130,69,108,118,425
33,13,81,78,205
130,57,92,94,373
65,4,28,99,196
117,14,75,36,242
145,65,43,126,379
84,80,145,67,376
145,119,82,102,448
44,49,142,86,321
28,34,106,35,203
2,68,6,8,84
48,132,26,81,287
13,118,119,137,387
54,13,118,69,254
62,87,119,69,337
136,142,116,121,515
29,22,110,144,305
42,123,118,56,339
134,72,85,133,424
12,95,21,72,200
11,88,24,92,215
36,10,67,91,204
128,48,98,31,305
142,81,87,69,379
27,125,61,125,338
38,20,73,39,170
149,143,138,122,552
17,6,57,64,144
142,24,128,120,414
44,92,47,145,328
107,101,64,145,417
93,149,139,92,473
100,137,21,132,390
125,11,85,90,311
21,117,146,46,330
87,80,52,90,309
86,135,37,64,322
108,81,98,54,341
53,23,50,123,249
53,48,43,103,247
91,94,105,82,372
131,64,58,139,392
3,9,7,1,20
24,59,81,111,275
56,49,37,87,229
22,93,97,97,309
9,122,47,84,262
117,54,130,113,414
48,127,13,119,307
145,123,137,28,433
95,148,6,12,261
65,115,26,145,351
110,76,110,24,320
30,74,120,13,237
135,58,126,107,426
21,33,25,66,145
119,63,122,149,453
97,134,50,56,337
25,51,75,17,168
93,41,126,100,360
24,103,128,61,316
56,78,149,121,404
76,139,128,64,407
17,68,97,82,264
116,99,129,104,448
131,50,37,96,314
80,91,100,5,276
88,41,129,132,390
146,38,91,60,335
146,50,144,69,409
62,25,44,120,251
98,111,143,49,401
92,143,24,78,337
125,89,125,145,484
117,32,76,142,367
8,63,46,109,226
17,113,43,108,281
133,60,105,109,407
56,13,111,67,247
72,23,55,99,249
27,16,41,18,102
124,142,56,116,438
85,25,111,140,361
125,76,26,141,368
106,8,48,104,266
95,113,93,40,341
23,53,11,66,153
86,142,148,106,482
138,25,35,120,318
116,87,10,18,231
50,74,72,131,327
40,142,36,63,281
124,45,93,118,380
66,35,26,4,131
81,54,111,71,317
70,119,112,14,315
89,79,72,69,309
45,56,68,17,186
108,118,67,105,398
8,128,73,50,259
41,51,129,64,285
131,94,46,94,365
94,141,52,4,291
99,121,23,81,324
99,49,81,1,230
135,100,79,123,437
34,63,9,1,107
121,83,32,89,325
100,16,96,132,344
75,71,103,116,365
84,142,137,29,392
12,122,43,34,211
93,49,11,140,293
113,143,46,144,446
130,67,72,19,288
12,47,33,25,117
137,125,104,28,394
59,46,14,27,146
106,139,144,66,455
20,139,123,145,427
5,118,26,64,213
76,35,106,128,345
123,133,84,113,453
20,79,61,116,276
73,42,141,77,333
100,4,45,55,204
111,28,61,87,287
104,135,108,144,491
147,49,112,136,444
89,19,11,40,159
51,25,55,58,189
116,142,106,79,443
88,62,83,35,268
66,129,2,74,271
40,67,7,34,148
113,29,133,14,289
117,87,124,60,388
104,55,113,47,319
3,147,114,38,302
48,123,104,123,398
119,33,15,136,303
83,147,97,59,386
90,95,10,122,317
149,45,77,45,316
85,28,48,126,287
30,26,136,113,305
77,123,148,138,486
83,143,4,48,278
32,28,72,136,268
129,40,147,137,453
110,79,9,83,281
1,141,83,140,365
75,118,111,48,352
75,77,97,8,257
7,74,135,97,313
134,34,107,4,279
76,57,95,63,291
70,69,121,74,334
49,91,106,139,385
133,15,15,62,225
73,2,18,123,216
136,141,32,74,383
113,139,142,148,542
29,129,38,135,331
23,111,93,106,333
41,11,32,112,196
43,88,93,149,373
132,96,42,85,355
106,83,53,11,253
54,107,23,89,273
121,60,131,78,390
52,9,145,84,290
90,83,38,66,277
137,123,120,134,514
95,121,104,110,430
121,67,57,43,288
132,73,112,115,432
52,9,72,123,256
148,132,8,60,348
68,146,143,148,505
79,36,111,143,369
52,113,22,22,209
107,136,14,50,307
89,97,40,100,326
76,92,42,116,326
20,111,36,70,237
41,10,50,43,144
34,117,80,114,345
104,143,146,98,491
4,70,38,108,220
28,116,132,131,407
115,126,149,45,435
11,29,48,122,210
53,8,90,24,175
66,138,132,45,381
111,20,93,71,295
71,125,48,132,376
45,71,24,107,247
120,97,14,130,361
84,53,124,107,368
132,144,76,137,489
83,27,141,95,346
134,103,31,148,416
135,70,85,130,420
26,9,101,37,173
70,37,97,101,305
98,33,31,107,269
53,128,128,50,359
23,44,39,7,113
63,18,10,15,106
31,147,26,17,221
92,82,2,83,259
83,133,138,24,378
4,144,86,150,384
29,71,88,39,227
45,76,2,53,176
130,120,107,140,497
93,90,102,104,389
44,85,113,67,309
149,92,39,87,367
136,109,6,145,396
25,30,22,84,161
66,36,53,87,242
81,5,8,64,158
88,50,59,33,230
124,3,134,12,273
148,136,81,140,505
135,29,106,39,309
144,63,117,87,411
53,95,47,115,310
63,132,113,90,398
43,30,100,62,235
74,96,28,3,201
91,45,89,107,332
88,2,76,139,305
41,4,21,70,136
50,66,28,28,172
95,103,25,86,309
55,95,121,65,336
73,16,47,102,238
19,36,149,142,346
126,10,98,94,328
17,96,136,53,302
110,132,109,64,415
69,37,132,45,283
46,69,122,124,361
55,143,99,144,441
141,141,55,54,391
73,128,93,42,336
133,57,112,104,406
146,26,36,54,262
56,77,9,49,191
35,135,104,23,297
27,150,27,108,312
147,33,129,6,315
59,107,35,132,333
73,79,3,49,204
142,79,95,137,453
106,150,136,52,444
49,77,70,99,295
58,135,1,36,230
43,22,49,74,188
96,24,29,23,172
103,147,11,66,327
2,63,6,134,205
63,78,133,145,419
129,117,49,37,332
113,66,86,122,387
143,62,43,52,300
59,37,117,58,271
143,48,118,17,326
53,119,40,39,251
28,2,4,131,165
51,119,21,97,288
91,39,146,132,408
135,128,53,66,382
45,117,93,77,332
48,19,71,148,286
72,119,133,75,399
34,74,22,51,181
31,8,8,109,156
150,30,13,7,200
2,86,128,37,253
48,104,71,110,333
112,29,96,54,291
8,48,37,118,211
24,145,98,46,313
113,66,133,50,362
132,129,86,74,421
122,41,89,63,315
88,78,97,80,343
92,46,147,108,393
124,28,58,72,282
47,106,121,45,319
50,139,143,11,343
90,105,52,131,378
34,138,35,72,279
114,43,129,9,295
45,75,107,67,294
118,131,11,66,326
64,148,93,73,378
9,41,98,86,234
75,99,40,128,342
73,78,35,28,214
93,78,79,113,363
13,96,98,28,235
21,92,94,67,274
118,127,54,130,429
24,50,128,116,318
125,132,22,78,357
75,38,141,111,365
138,105,29,128,400
128,80,102,45,355
144,70,87,96,397
121,102,41,93,357
47,116,52,140,355
102,108,6,119,335
147,6,68,20,241
26,115,81,117,339
87,68,122,86,363
108,101,36,108,353
123,44,149,137,453
143,147,74,68,432
101,118,53,75,347
39,75,60,31,205
97,23,113,81,314
109,37,2,93,241
15,85,109,70,279
31,106,76,70,283
49,120,36,134,339
63,63,108,126,360
73,121,47,118,359
25,108,143,16,292
20,74,51,70,215
149,112,16,142,419
39,22,102,22,185
68,6,88,68,230
17,147,84,16,264
122,114,66,112,414
97,21,95,46,259
53,92,77,96,318
126,103,66,34,329
76,59,129,35,299
8,21,102,124,255
106,6,78,4,194
61,104,52,24,241
13,89,110,10,222
37,75,70,133,315
21,6,123,141,291
23,25,130,113,291
124,59,45,37,265
135,30,22,138,325
50,135,124,59,368
1,46,107,74,228
118,43,77,32,270
84,80,62,127,353
2,6,29,19,56
86,86,55,58,285
17,10,103,68,198
142,20,9,49,220
77,27,32,58,194
103,22,2,4,131
114,61,122,98,395
124,14,17,52,207
88,120,40,88,336
111,3,64,35,213
130,64,93,136,423
64,102,7,134,307
98,15,107,73,293
74,47,94,73,288
57,136,31,51,275
49,150,42,110,351
148,147,56,48,399
62,1,130,51,244
2,83,124,72,281
124,30,102,129,385
68,130,119,17,334
76,55,75,2,208
8,112,31,112,263
150,113,79,56,398
84,75,119,54,332
105,9,84,28,226
23,97,96,7,223
146,5,17,142,310
44,47,17,38,146
91,109,148,115,463
130,22,13,109,274
2,96,49,141,288
35,5,69,1,110
63,60,22,110,255
150,146,2,18,316
141,88,68,44,341
22,107,31,63,223
106,10,64,111,291
89,26,25,141,281
44,103,50,115,312
127,33,8,37,205
2,142,123,21,288
95,63,84,118,360
88,81,104,5,278
149,47,119,130,445
79,150,19,118,366
40,102,47,52,241
91,101,147,19,358
123,3,58,141,325
84,12,36,79,211
112,98,40,60,310
31,128,70,15,244
123,81,148,128,480
24,140,8,10,182
148,126,92,111,477
140,43,41,125,349
57,148,127,108,440
54,26,107,134,321
52,85,64,40,241
8,91,121,147,367
84,63,62,44,253
91,54,35,105,285
44,104,105,11,264
66,78,119,21,284
107,138,95,148,488
36,68,31,85,220
16,131,72,10,229
26,127,97,93,343
100,80,93,24,297
42,31,6,22,101
97,116,94,53,360
123,41,30,32,226
32,89,87,7,215
141,149,37,11,338
126,134,139,145,544
47,50,110,57,264
32,76,76,147,331
6,99,60,127,292
124,84,22,132,362
17,136,8,14,175
46,88,12,18,164
70,19,66,146,301
92,86,99,84,361
117,71,41,30,259
89,111,50,119,369
75,92,3,108,278
71,94,69,115,349
80,129,4,64,277
11,17,98,78,204
126,91,55,10,282
50,75,105,31,261
141,16,130,132,419
86,109,62,127,384
83,10,79,117,289
83,92,29,42,246
97,128,145,90,460
20,66,18,39,143
92,123,25,121,361
96,81,14,48,239
67,18,146,73,304
63,147,8,15,233
132,62,19,66,279
43,27,50,98,218
120,117,8,146,391
46,43,59,71,219
81,55,71,92,299
109,110,93,46,358
28,1,70,140,239
116,39,38,139,332
135,5,87,117,344
61,140,24,28,253
49,93,127,64,333
149,84,24,12,269
46,147,61,29,283
15,1,121,16,153
141,148,42,35,366
146,70,143,86,445
47,114,88,94,343
135,43,76,11,265
33,22,126,72,253
147,44,36,110,337
19,110,141,86,356
49,139,39,63,290
71,130,40,88,329
47,64,136,131,378
85,92,138,27,342
108,147,21,23,299
120,108,24,83,335
65,15,111,93,284
46,1,23,56,126
60,59,115,76,310
28,72,25,44,169
101,131,66,117,415
52,109,61,76,298
25,45,28,72,170
145,148,95,123,511
8,79,104,15,206
59,61,115,139,374
66,68,28,16,178
111,112,79,26,328
1,38,28,50,117
20,119,44,20,203
120,77,107,59,363
141,1,127,77,346
123,38,30,59,250
81,42,109,105,337
97,132,51,122,402
112,83,56,107,358
31,18,37,120,206
81,140,146,40,407
118,87,89,93,387
33,120,124,33,310
43,106,91,118,358
28,95,83,6,212
138,90,108,51,387
109,74,59,96,338
73,127,45,4,249
117,62,13,49,241
124,22,127,89,362
45,99,12,82,238
58,108,122,18,306
34,85,139,18,276
47,84,86,99,316
136,57,1,51,245
39,84,129,116,368
95,95,133,78,401
99,129,15,107,350
140,115,31,40,326
91,131,16,76,314
9,104,82,34,229
20,61,131,84,296
13,33,43,50,139
70,119,143,119,451
65,22,33,22,142
65,74,45,65,249
97,105,98,17,317
4,81,71,75,231
111,103,59,128,401
9,143,93,134,379
47,108,66,72,293
66,70,68,133,337
127,7,81,56,271
83,64,49,131,327
123,21,70,105,319
133,76,94,7,310
44,95,97,87,323
86,11,103,53,253
44,2,7,21,74
65,51,6,6,128
65,85,11,123,284
74,145,137,88,444
142,5,73,136,356
146,61,122,48,377
19,82,46,18,165
146,53,32,66,297
1,83,109,61,254
23,77,148,19,267
25,129,103,71,328
74,129,139,71,413
115,150,50,97,412
52,2,108,78,240
149,37,83,5,274
58,144,2,5,209
55,82,116,57,310
118,104,37,113,372
33,87,128,91,339
40,118,88,124,370
47,138,41,67,293
3,137,129,85,354
101,114,150,9,374
113,77,80,84,354
68,117,92,145,422
83,78,15,92,268
12,73,81,110,276
71,17,47,118,253
4,76,9,145,234
38,40,40,122,240
149,23,29,8,209
32,29,100,34,195
36,33,77,81,227
72,56,97,123,348
27,36,58,96,217
117,128,132,2,379
23,95,118,50,286
54,38,55,99,246
59,13,129,74,275
108,50,35,135,328
19,47,9,107,182
54,73,47,4,178
130,22,122,51,325
131,39,108,110,388
19,88,117,18,242
76,146,2,57,281
118,106,112,98,434
83,130,56,22,291
131,36,7,137,311
89,116,80,135,420
63,109,84,99,355
9,84,103,71,267
2,25,3,10,40
19,67,48,92,226
118,88,55,23,284
44,113,4,83,244
83,77,28,49,237
119,27,143,17,306
58,95,52,35,240
146,119,61,39,365
59,73,81,81,294
36,69,69,89,263
139,99,106,124,468
100,97,57,92,346
110,26,146,61,343
52,40,94,28,214
72,15,93,39,219
140,55,111,9,315
39,144,144,2,329
150,3,30,12,195
16,93,12,122,243
124,103,145,44,416
97,101,113,4,315
2,53,58,42,155
147,75,132,138,492
104,100,71,6,281
7,100,93,97,297
45,44,55,98,242
40,122,138,138,438
142,116,142,88,488
78,47,76,53,254
4,68,145,80,297
46,55,3,142,246
121,34,49,100,304
11,29,110,1,151
133,119,73,29,354
77,100,5,42,224
1,59,113,102,275
40,127,10,24,201
66,30,69,128,293
120,11,128,56,315
77,139,135,131,482
47,92,15,75,229
142,76,64,22,304
98,117,129,82,426
67,89,61,39,256
124,84,75,149,432
138,70,116,45,369
143,55,71,125,394
51,55,57,78,241
37,98,82,64,281
114,34,87,62,297
147,137,129,21,434
24,115,76,16,231
124,21,149,146,440
20,78,3,136,237
39,95,42,104,280
42,99,38,8,187
141,107,59,34,341
27,136,142,77,382
89,136,148,47,420
142,11,52,129,334
144,129,28,1,302
103,65,75,123,366
8,51,13,91,163
131,137,31,120,419
144,113,89,27,373
121,138,94,111,464
90,131,119,48,388
110,29,30,1,170
144,136,105,40,425
132,31,52,102,317
114,90,28,7,239
35,90,81,24,230
50,124,53,16,243
80,37,13,70,200
70,18,58,15,161
45,144,112,115,416
145,80,61,98,384
149,20,7,26,202
48,43,67,98,256
37,9,8,120,174
145,68,76,111,400
120,29,139,87,375
91,25,73,65,254
73,52,138,2,265
97,71,124,33,325
139,76,47,8,270
21,70,81,97,269
96,35,116,76,323
120,123,52,29,324
86,34,103,76,299
44,63,68,82,257
133,89,83,61,366
42,36,22,43,143
21,34,145,85,285
64,66,38,137,305
96,21,118,34,269
88,106,142,96,432
9,71,101,22,203
96,34,57,80,267
80,20,97,87,284
115,121,50,119,405
126,109,126,52,413
11,132,17,81,241
135,72,48,18,273
110,150,20,32,312
135,122,47,147,451
141,53,18,137,349
105,42,14,72,233
91,59,39,55,244
64,142,128,115,449
91,52,65,5,213
147,134,106,103,490
118,132,89,145,484
94,2,106,107,309
38,27,71,76,212
140,10,9,2,161
93,137,63,40,333
2,74,107,147,330
128,145,14,93,380
11,92,88,59,250
108,84,75,74,341
28,97,21,122,268
132,93,93,9,327
90,114,69,2,275
18,126,29,108,281
28,12,30,130,200
135,96,117,16,364
27,31,39,40,137
104,51,22,1,178
14,143,94,60,311
117,85,115,14,331
72,118,76,135,401
1,128,17,27,173
37,15,68,2,122
99,120,63,54,336
44,49,137,51,281
112,84,108,12,316
120,28,17,51,216
22,38,110,91,261
118,32,59,11,220
32,145,32,77,286
127,133,66,123,449
84,22,24,78,208
129,35,44,98,306
142,144,42,75,403
126,105,93,30,354
49,25,80,16,170
122,148,102,6,378
136,41,40,88,305
140,61,62,27,290
106,57,56,35,254
10,132,73,26,241
53,9,23,141,226
80,130,143,146,499
63,129,95,47,334
44,139,1,106,290
96,12,10,115,233
105,30,123,56,314
129,141,134,127,531
113,101,78,17,309
64,110,9,63,246
64,124,92,53,333
33,37,69,117,256
104,139,102,8,353
34,125,45,16,220
119,126,105,124,474
19,36,114,1,170
59,94,95,53,301
39,44,92,118,293
25,34,110,35,204
5,110,72,9,196
112,29,83,124,348
145,127,72,42,386
119,34,86,98,337
97,51,97,105,350
137,117,88,120,462
84,111,57,111,363
116,21,55,5,197
150,124,14,114,402
51,57,24,90,222
4,121,87,7,219
127,39,143,84,393
67,139,58,63,327
141,58,140,115,454
103,88,126,134,451
26,76,57,88,247
109,7,58,88,262
20,95,36,38,189
134,64,148,58,404
118,118,56,124,416
81,102,36,24,243
121,53,2,99,275
142,144,22,141,449
25,141,113,89,368
73,130,130,23,356
143,24,121,58,346
73,29,55,25,182
5,26,54,115,200
82,23,59,52,216
92,30,19,67,208
88,29,138,120,375
31,99,104,6,240
34,11,35,35,115
122,34,121,145,422
83,16,106,44,249
58,75,115,88,336
50,143,73,121,387
111,107,3,81,302
118,74,135,19,346
142,40,117,95,394
44,71,115,23,253
130,126,82,34,372
8,58,39,147,252
67,132,12,10,221
23,13,1,76,113
48,124,13,41,226
29,48,129,125,331
87,142,135,144,508
78,113,132,128,451
76,67,51,96,290
38,133,41,44,256
77,142,44,35,298
83,13,96,32,224
138,109,70,43,360
86,126,55,10,277
30,8,58,73,169
90,78,62,9,239
114,113,87,1,315
136,33,136,98,403
30,77,63,29,199
24,38,48,31,141
49,125,38,138,350
88,34,107,63,292
31,64,31,121,247
41,40,19,18,118
60,123,78,22,283
83,71,63,12,229
118,116,3,87,324
57,108,32,89,286
38,122,30,86,276
74,64,109,80,327
29,74,7,125,235
31,144,83,19,277
142,17,90,117,366
67,101,89,18,275
14,83,105,81,283
108,110,144,78,440
3,115,120,54,292
29,32,125,12,198
134,28,132,55,349
73,74,138,26,311
46,77,87,97,307
140,110,14,48,312
63,67,139,91,360
24,112,120,101,357
84,96,71,92,343
33,11,59,130,233
24,14,5,76,119
141,48,34,92,315
66,109,99,138,412
2,133,35,113,283
126,17,111,150,404
3,21,32,34,90
39,83,123,111,356
11,3,7,69,90
110,12,45,22,189
69,7,68,57,201
33,70,110,48,261
100,73,87,2,262
93,134,104,99,430
64,100,100,21,285
115,14,110,70,309
66,139,64,7,276
92,91,111,150,444
18,48,36,6,108
76,27,109,27,239
124,88,64,113,389
148,107,17,60,332
128,105,134,38,405
139,32,63,72,306
93,88,30,71,282
106,127,1,117,351
32,138,75,101,346
7,40,115,96,258
103,130,106,24,363
44,33,76,33,186
73,8,127,87,295
69,24,72,110,275
56,101,125,117,399
81,130,41,43,295
40,110,132,57,339
47,52,96,11,206
26,87,54,104,271
68,118,83,78,347
130,136,41,29,336
107,57,71,66,301
84,32,120,127,363
54,38,2,121,215
131,23,31,41,226
17,112,107,123,359
136,3,141,66,346
93,49,113,104,359
29,27,97,60,213
98,25,92,148,363
31,11,113,39,194
74,145,21,91,331
67,10,62,85,224
75,29,111,114,329
148,48,66,21,283
61,101,45,56,263
135,2,73,129,339
115,68,89,19,291
140,139,130,131,540
52,38,3,55,148
49,66,147,62,324
23,63,8,118,212
84,106,62,70,322
122,30,15,104,271
39,2,114,18,173
68,140,123,4,335
80,20,30,90,220
137,135,98,143,513
114,117,148,39,418
88,135,99,91,413
98,51,30,126,305
67,132,46,54,299
21,132,27,20,200
78,125,32,74,309
23,25,110,33,191
71,45,16,148,280
47,131,60,136,374
21,94,30,9,154
109,100,18,22,249
48,140,70,1,259
41,90,115,43,289
91,2,149,136,378
32,56,75,6,169
69,132,82,134,417
3,115,65,30,213
20,2,1,38,61
21,136,105,48,310
108,133,96,128,465
59,60,34,59,212
7,103,99,115,324
30,18,32,25,105
46,28,30,72,176
15,102,45,71,233
116,85,25,12,238
133,106,132,76,447
109,54,134,66,363
9,68,70,117,264
35,111,93,6,245
48,135,138,24,345
26,134,116,90,366
34,21,12,39,106
47,132,110,129,418
59,143,57,77,336
49,140,78,37,304
85,28,83,53,249
110,4,105,62,281
110,106,8,40,264
63,4,148,60,275
149,95,29,55,328
40,117,147,146,450
27,29,50,4,110
33,9,28,84,154
32,8,20,113,173
93,77,77,135,382
124,81,83,83,371
53,59,74,140,326
120,100,128,98,446
134,28,42,43,247
29,97,54,122,302
9,8,120,122,259
73,96,125,36,330
124,67,31,121,343
3,67,45,135,250
139,73,28,93,333
14,81,65,80,240
93,2,103,85,283
36,58,8,14,116
141,4,119,130,394
120,11,60,85,276
46,104,16,24,190
139,117,17,69,342
45,40,41,144,270
103,72,134,65,374
113,6,73,68,260
115,5,67,101,288
75,132,13,80,300
33,8,4,104,149
122,102,74,118,416
118,138,106,50,412
138,137,9,104,388
123,49,82,109,363
90,52,121,117,380
123,7,30,124,284
139,109,23,30,301
74,109,100,122,405
118,118,127,27,390
110,91,84,57,342
127,22,141,10,300
146,144,122,123,535
145,16,74,13,248
50,34,15,131,230
55,18,46,88,207
118,96,46,112,372
147,13,66,59,285
144,106,143,5,398
49,42,19,115,225
92,116,141,25,374
89,32,58,38,217
123,21,48,103,295
145,67,150,61,423
88,12,130,60,290
147,81,7,66,301
14,43,12,86,155
57,87,22,98,264
126,23,90,34,273
45,1,51,59,156
85,36,106,118,345
80,22,92,94,288
100,10,41,84,235
3,60,8,142,213
47,127,102,55,331
84,127,74,11,296
45,2,40,11,98
4,67,25,5,101
82,58,88,107,335
26,72,102,102,302
110,48,66,129,353
128,25,74,59,286
51,32,19,136,238
69,93,67,129,358
84,102,85,79,350
89,144,5,116,354
33,81,59,111,284
104,54,33,35,226
90,34,36,63,223
123,57,89,128,397
140,129,28,105,402
62,88,100,149,399
125,56,81,15,277
12,21,82,24,139
39,32,94,124,289
71,4,13,110,198
122,84,12,50,268
89,60,42,3,194
98,43,114,91,346
108,40,126,74,348
71,28,100,17,216
120,132,120,8,380
122,125,81,34,362
123,101,78,138,440
117,139,94,142,492
141,12,118,58,329
19,55,39,14,127
85,61,53,28,227
136,55,108,92,391
81,133,146,82,442
103,42,58,108,311
82,21,107,148,358
124,25,4,143,296
90,41,50,60,241
103,107,125,66,401
31,85,24,65,205
31,71,91,143,336
121,79,88,51,339
123,46,95,22,286
61,10,30,19,120
63,84,105,6,258
120,60,34,109,323
117,46,3,117,283
62,93,37,47,239
33,120,25,69,247
53,84,55,17,209
109,27,142,28,306
50,13,50,104,217
18,113,147,42,320
131,22,144,144,441
46,122,72,49,289
49,135,105,146,435
39,147,97,124,407
8,19,93,142,262
125,104,14,60,303
34,94,89,133,350
143,65,110,31,349
150,108,54,106,418
72,5,36,53,166
45,48,114,50,257
31,120,146,141,438
49,80,120,94,343
28,76,47,21,172
67,33,46,28,174
1,56,84,106,247
100,72,124,8,304
31,55,6,6,98
38,4,74,18,134
108,2,90,81,281
137,102,72,55,366
9,56,120,149,334
110,50,148,62,370
81,113,138,141,473
52,5,31,9,97
97,68,15,36,216
4,20,137,122,283
56,90,136,61,343
63,127,86,125,401
85,46,60,52,243
119,131,91,18,359
41,143,23,114,321
137,27,103,131,398
76,13,15,122,226
109,46,2,32,189
15,29,106,114,264
147,76,52,31,306
77,69,29,91,266
123,35,12,30,200
32,129,129,81,371
91,88,4,99,282
89,97,53,16,255
149,124,60,26,359
23,73,149,125,370
8,141,82,7,238
130,80,148,52,410
2,34,3,149,188
61,135,32,134,362
71,96,85,95,347
42,84,47,121,294
112,66,95,102,375
127,30,88,41,286
27,124,11,137,299
117,136,60,122,435
86,4,114,4,208
138,45,30,150,363
42,112,30,95,279
80,84,21,45,230
1,144,145,74,364
91,75,49,54,269
116,69,99,42,326
138,133,67,12,350
112,122,41,138,413
43,122,91,110,366
96,22,107,111,336
136,32,3,19,190
1,2,130,137,270
86,78,15,57,236
106,47,111,37,301
129,108,55,73,365
68,105,5,64,242
27,27,126,107,287
103,12,106,17,238
139,52,10,93,294
104,20,34,38,196
90,38,2,86,216
147,81,149,150,527
39,98,84,149,370
63,78,142,132,415
28,58,76,90,252
1,21,95,47,164
89,145,45,91,370
33,78,123,114,348
25,99,95,4,223
76,58,58,94,286
95,64,92,33,284
119,7,55,71,252
103,135,99,114,451
59,96,105,115,375
142,11,111,146,410
69,143,85,7,304
62,116,103,124,405
50,9,134,115,308
114,15,149,50,328
50,19,92,144,305
34,81,55,11,181
135,135,31,135,436
87,110,118,100,415
51,69,29,120,269
130,88,149,150,517
128,68,23,18,237
4,39,82,146,271
142,110,46,112,410
79,128,121,81,409
119,59,64,114,356
6,38,106,90,240
21,44,37,52,154
142,150,60,44,396
100,67,112,130,409
61,132,78,11,282
44,25,72,129,270
37,14,7,104,162
109,44,2,19,174
105,99,73,87,364
46,112,61,27,246
39,3,47,68,157
34,56,108,84,282
125,63,148,70,406
7,123,112,68,310
106,66,74,43,289
61,141,86,128,416
103,142,91,38,374
58,70,76,121,325
84,116,116,93,409
18,5,135,110,268
122,129,107,25,383
39,79,76,142,336
66,51,34,4,155
22,104,13,84,223
127,67,103,82,379
69,110,57,138,374
63,123,9,74,269
119,144,48,3,314
134,112,109,8,363
16,127,9,86,238
69,149,84,4,306
67,20,56,113,256
97,27,132,33,289
25,138,108,81,352
127,72,20,13,232
108,50,145,19,322
73,103,76,145,397
84,130,124,122,460
9,144,128,93,374
3,79,117,130,329
56,20,51,93,220
49,71,86,15,221
126,91,44,30,291
128,29,29,145,331
60,11,147,93,311
113,5,122,16,256
107,76,11,75,269
9,126,61,88,284
116,26,113,12,267
134,146,142,130,552
30,45,132,137,344
60,40,41,147,288
13,65,20,18,116
120,124,140,24,408
31,147,67,86,331
137,108,148,78,471
10,34,132,13,189
113,33,84,77,307
149,53,67,118,387
25,143,80,61,309
40,23,54,104,221
92,57,146,111,406
90,76,104,83,353
8,29,102,66,205
72,44,93,139,348
9,77,127,131,344
92,71,109,7,279
123,110,34,118,385
120,20,91,27,258
70,140,87,133,430
67,19,117,111,314
30,61,45,104,240
85,45,35,85,250
31,104,13,67,215
53,134,12,20,219
32,11,91,13,147
93,15,64,92,264
107,94,145,9,355
64,21,78,118,281
51,120,140,24,335
11,51,69,98,229
41,99,112,73,325
101,75,31,83,290
65,100,97,36,298
150,145,108,121,524
104,98,54,8,264
102,72,12,29,215
13,13,21,79,126
31,44,93,45,213
63,50,118,105,336
75,33,28,92,228
20,132,93,24,269
76,108,107,50,341
86,1,48,51,186
53,43,42,35,173
48,37,96,112,293
10,28,52,43,133
13,82,92,148,335
98,19,55,87,259
54,99,121,45,319
64,85,122,85,356
65,110,44,1,220
46,88,82,148,364
135,99,28,150,412
103,95,105,102,405
90,78,118,78,364
47,70,37,111,265
95,26,149,147,417
89,109,43,87,328
116,99,118,142,475
143,139,46,107,435
56,66,70,35,227
86,48,117,148,399
128,144,125,50,447
67,94,45,20,226
64,95,103,135,397
64,149,117,55,385
110,101,42,11,264
123,79,126,37,365
70,79,141,39,329
42,68,145,150,405
70,44,44,33,191
13,84,15,95,207
143,145,127,42,457
58,27,145,43,273
99,43,123,10,275
101,19,32,103,255
44,148,65,129,386
40,48,29,28,145
111,73,135,37,356
29,146,10,37,222
23,66,86,21,196
146,69,101,106,422
113,25,27,11,176
91,116,95,4,306
112,125,11,75,323
110,74,105,103,392
118,140,15,6,279
37,74,59,108,278
90,86,86,102,364
133,72,51,81,337
30,138,80,41,289
111,21,33,124,289
10,118,105,127,360
93,48,12,73,226
136,84,59,13,292
40,97,99,72,308
12,109,132,78,331
44,35,82,126,287
2,68,82,42,194
145,108,29,142,424
89,48,5,60,202
126,104,91,92,413
139,113,72,15,339
44,47,19,96,206
106,5,76,81,268
27,62,8,126,223
108,67,52,22,249
14,5,60,53,132
50,65,77,23,215
107,33,128,99,367
95,43,96,85,319
70,23,143,137,373
67,10,31,103,211
121,113,35,36,305
109,17,9,46,181
23,146,145,100,414
34,131,59,48,272
77,74,81,33,265
119,81,82,40,322
132,124,110,2,368
34,131,36,32,233
14,37,76,140,267
2,58,64,111,235
1,96,63,31,191
36,30,30,24,120
9,143,55,102,309
81,32,25,73,211
11,9,80,88,188
144,39,112,114,409
14,149,34,137,334
115,52,1,30,198
114,146,43,105,408
143,16,123,122,404
108,147,32,114,401
86,120,132,87,425
38,64,126,148,376
148,133,128,51,460
23,103,45,54,225
140,58,61,7,266
51,4,121,26,202
36,15,45,114,210
3,34,33,37,107
70,57,142,7,276
123,73,76,119,391
83,21,2,52,158
111,21,11,33,176
25,117,84,58,284
119,77,35,110,341
138,27,122,84,371
142,136,143,87,508
89,75,13,6,183
87,8,111,110,316
126,58,29,28,241
120,141,114,95,470
45,110,71,106,332
140,7,43,18,208
111,143,70,62,386
134,117,90,23,364
58,109,147,147,461
58,51,80,16,205
132,120,52,142,446
83,72,67,148,370
33,143,62,99,337
88,90,71,68,317
40,20,56,55,171
70,6,18,30,124
134,137,99,103,473
55,46,88,74,263
73,91,121,146,431
37,27,110,49,223
46,132,114,6,298
51,126,8,147,332
4,48,58,96,206
6,136,127,67,336
123,84,2,51,260
70,14,131,148,363
131,3,81,5,220
11,41,143,89,284
116,113,12,123,364
29,40,110,142,321
27,111,78,133,349
9,121,72,125,327
34,120,110,88,352
3,145,143,67,358
124,80,47,7,258
12,37,10,45,104
101,6,85,65,257
103,22,41,13,179
51,65,133,59,308
72,74,98,119,363
67,106,108,115,396
44,43,22,89,198
96,130,103,6,335
19,39,57,147,262
59,66,67,67,259
105,24,90,31,250
146,112,88,22,368
90,39,58,130,317
27,65,79,98,269
132,117,44,40,333
95,121,46,42,304
55,66,50,105,276
114,3,107,121,345
64,79,147,78,368
59,123,39,128,349
68,43,38,113,262
78,5,127,105,315
2,54,42,72,170
121,146,97,61,425
104,57,108,108,377
22,55,62,116,255
43,112,57,90,302
149,117,97,146,509
61,123,132,91,407
81,89,85,105,360
109,9,150,65,333
29,95,92,92,308
85,118,118,105,426
41,50,1,58,150
20,50,121,96,287
10,149,21,52,232
114,85,26,101,326
25,36,3,47,111
138,7,111,121,377
12,85,87,139,323
119,61,137,87,404
44,140,126,127,437
96,105,118,75,394
86,51,39,84,260
91,147,87,122,447
73,43,132,30,278
8,150,42,12,212
46,120,99,67,332
126,112,40,109,387
97,47,128,116,388
9,148,129,25,311
16,141,146,144,447
108,66,29,69,272
46,98,125,67,336
107,90,35,13,245
65,65,140,68,338
67,55,96,66,284
65,103,131,32,331
123,75,93,21,312
149,94,108,50,401
75,45,59,119,298
110,103,26,90,329
132,66,31,92,321
85,33,37,82,237
37,99,144,20,300
138,85,112,134,469
10,103,112,32,257
24,81,135,103,343
53,57,117,98,325
150,111,30,42,333
133,46,51,32,262
150,87,146,131,514
73,116,55,95,339
91,90,150,97,428
44,150,83,78,355
26,131,127,12,296
141,60,8,57,266
56,64,79,22,221
2,110,116,125,353
30,147,56,81,314
114,150,117,14,395
93,110,28,39,270
27,149,50,31,257
19,5,149,107,280
27,88,46,79,240
105,26,12,48,191
22,17,65,38,142
66,128,114,90,398
120,84,73,132,409
31,11,71,136,249
121,93,62,40,316
11,145,42,121,319
150,52,93,92,387
26,19,67,138,250
36,119,28,59,242
77,65,72,32,246
127,40,6,31,204
114,97,13,108,332
119,37,134,86,376
135,61,5,20,221
26,23,126,42,217
109,2,46,61,218
115,120,84,143,462
41,94,101,21,257
90,35,64,108,297
69,4,73,43,189
148,27,45,55,275
17,49,100,54,220
19,75,149,91,334
112,129,21,137,399
139,23,113,72,347
45,64,2,22,133
33,58,44,66,201
55,58,120,73,306
63,53,124,133,373
1,123,85,30,239
135,61,98,129,423
115,119,66,108,408
86,117,144,10,357
33,45,72,149,299
26,67,34,93,220
143,72,61,52,328
1,82,133,53,269
86,21,130,92,329
74,48,131,9,262
141,9,62,31,243
50,140,19,16,225
138,114,98,12,362
60,42,39,91,232
48,79,18,4,149
3,93,83,75,254
21,149,30,90,290
57,59,12,63,191
98,56,64,28,246
76,143,75,81,375
10,7,104,26,147
128,134,14,1,277
126,16,32,35,209
79,18,43,28,168
137,88,35,121,381
142,141,113,41,437
52,142,84,67,345
80,129,113,58,380
10,96,114,42,262
139,51,39,86,315
88,118,130,35,371
60,143,59,20,282
29,97,46,31,203
40,123,93,16,272
78,124,132,83,417
52,144,3,39,238
140,139,48,140,467
40,73,129,24,266
49,18,84,111,262
17,54,10,54,135
146,79,69,91,385
150,103,134,86,473
55,69,67,53,244
93,34,69,34,230
128,21,17,50,216
53,80,66,67,266
13,68,94,92,267
140,26,100,63,329
69,60,23,27,179
40,139,75,134,388
52,49,123,43,267
47,8,65,102,222
34,98,91,73,296
107,47,126,93,373
104,23,101,10,238
26,70,112,115,323
139,33,43,1,216
41,17,101,82,241
21,49,95,19,184
76,12,105,2,195
134,106,49,126,415
11,35,80,33,159
73,124,73,38,308
25,37,12,83,157
86,93,30,79,288
31,94,140,106,371
103,131,137,96,467
140,101,1,135,377
147,90,10,26,273
27,44,109,92,272
89,28,2,79,198
40,71,61,83,255
87,8,8,66,169
25,33,112,102,272
65,130,38,91,324
48,113,113,142,416
131,55,134,81,401
56,24,19,97,196
62,100,140,51,353
32,34,77,90,233
81,74,61,17,233
77,12,65,30,184
129,64,77,14,284
73,103,81,88,345
45,135,17,79,276
42,75,145,23,285
101,46,46,87,280
56,39,58,117,270
139,9,41,72,261
13,52,24,3,92
141,68,79,10,298
88,123,35,33,279
97,134,36,82,349
108,34,1,50,193
101,142,47,145,435
135,71,41,11,258
9,112,118,145,384
9,140,54,9,212
12,83,64,54,213
89,48,123,54,314
141,45,88,150,424
92,89,51,99,331
44,107,53,48,252
18,3,113,3,137
34,78,13,140,265
131,7,11,132,281
61,30,53,86,230
102,15,125,40,282
97,95,147,78,417
10,111,4,91,216
45,51,140,40,276
103,34,71,78,286
107,103,81,122,413
102,117,35,124,378
41,19,30,15,105
119,47,122,68,356
135,50,77,64,326
56,82,81,80,299
137,24,27,108,296
102,134,69,49,354
60,114,142,92,408
53,135,30,50,268
55,20,112,14,201
146,128,102,62,438
25,111,42,59,237
7,53,106,17,183
145,60,106,97,408
144,118,92,90,444
56,64,12,29,161
134,121,52,128,435
71,81,129,28,309
68,105,50,88,311
138,3,57,102,300
98,6,1,62,167
59,54,48,54,215
133,82,140,17,372
110,6,123,89,328
79,61,88,56,284
83,116,33,20,252
72,136,100,9,317
150,56,107,9,322
143,57,10,30,240
128,78,66,65,337
14,20,54,132,220
118,5,116,131,370
14,9,149,125,297
80,17,42,25,164
30,48,59,58,195
95,19,57,94,265
150,146,21,67,384
117,62,127,110,416
126,106,146,75,453
111,81,140,1,333
42,44,124,32,242
40,111,9,48,208
91,122,101,32,346
42,65,6,86,199
41,79,14,65,199
28,112,81,67,288
120,126,49,38,333
96,146,129,1,372
12,56,52,110,230
92,25,30,115,262
119,18,97,37,271
92,6,75,18,191
140,67,119,105,431
37,104,82,117,340
121,77,28,119,345
65,38,126,108,337
24,109,112,45,290
43,72,138,2,255
49,114,43,69,275
36,45,109,125,315
117,102,79,82,380
82,69,121,47,319
11,53,49,4,117
8,79,13,97,197
30,93,149,27,299
30,3,32,85,150
109,70,70,87,336
143,93,146,112,494
64,69,149,75,357
138,26,23,17,204
100,93,66,54,313
113,64,134,64,375
102,54,13,87,256
123,62,26,107,318
73,134,121,112,440
42,122,101,103,368
35,23,54,114,226
150,83,75,117,425
55,53,138,137,383
49,107,25,150,331
33,31,142,96,302
29,79,121,22,251
84,120,7,51,262
85,11,50,51,197
10,49,10,144,213
67,133,5,76,281
141,81,84,45,351
21,54,39,143,257
76,1,67,28,172
147,106,106,127,486
88,7,18,15,128
3,111,127,145,386
31,70,95,24,220
70,112,114,60,356
88,142,23,140,393
139,3,103,2,247
134,111,145,3,393
136,102,82,30,350
72,83,72,135,362
111,137,59,117,424
131,4,37,8,180
139,53,118,46,356
89,59,14,116,278
7,41,63,81,192
99,96,109,141,445
53,116,57,85,311
25,89,102,120,336
33,142,39,5,219
69,34,146,116,365
121,139,146,137,543
143,100,40,67,350
131,46,96,142,415
30,25,125,28,208
18,27,82,37,164
14,14,99,27,154
69,137,51,111,368
105,21,11,131,268
51,41,136,57,285
32,22,17,76,147
97,11,73,40,221
102,100,121,131,454
94,69,138,122,423
43,2,2,83,130
6,7,115,71,199
17,38,128,126,309
70,79,8,130,287
70,125,4,146,345
103,84,120,99,406
80,31,93,50,254
84,120,8,133,345
7,146,30,144,327
100,101,133,133,467
116,72,44,51,283
119,98,65,117,399
74,145,24,105,348
31,57,104,39,231
9,117,78,2,206
34,76,9,75,194
87,94,150,27,358
137,141,14,59,351
33,86,14,120,253
13,71,50,81,215
99,133,9,91,332
115,97,112,7,331
68,117,42,73,300
28,37,82,54,201
113,45,62,21,241
36,37,19,55,147
128,28,51,103,310
61,23,115,29,228
19,81,50,138,288
89,106,122,53,370
28,39,32,56,155
39,28,139,98,304
116,38,134,98,386
87,3,66,119,275
100,70,105,55,330
75,136,87,145,443
113,83,67,124,387
25,7,105,146,283
21,56,139,43,259
112,41,130,133,416
80,94,123,38,335
58,140,126,32,356
110,90,56,69,325
89,41,62,33,225
12,53,24,59,148
21,80,19,113,233
25,93,120,124,362
25,98,3,97,223
6,49,125,2,182
83,150,8,22,263
15,3,9,66,93
53,84,23,24,184
53,136,37,112,338
124,61,52,35,272
119,129,123,52,423
42,148,112,58,360
65,2,117,48,232
8,40,92,30,170
125,25,125,116,391
86,140,94,95,415
44,74,126,54,298
33,46,137,86,302
71,141,38,13,263
30,72,140,31,273
145,21,52,144,362
99,52,134,125,410
33,32,47,148,260
63,139,130,105,437
50,7,84,90,231
143,122,77,13,355
26,6,81,53,166
124,29,136,108,397
41,108,83,61,293
64,145,3,48,260
12,119,44,104,279
35,36,80,142,293
18,84,93,98,293
84,132,39,80,335
20,4,47,116,187
28,50,30,29,137
110,77,32,132,351
43,95,119,88,345
102,136,88,9,335
14,5,36,149,204
36,29,106,73,244
117,145,114,117,493
134,36,48,128,346
12,131,124,107,374
51,83,41,76,251
6,48,53,135,242
4,98,115,110,327
73,56,90,133,352
103,143,116,129,491
109,20,14,45,188
48,113,21,124,306
100,145,46,14,305
125,120,144,23,412
119,80,75,23,297
95,60,99,81,335
137,77,96,88,398
1,37,14,91,143
113,101,85,128,427
26,140,91,70,327
138,96,136,19,389
24,55,138,112,329
101,7,106,130,344
4,109,125,140,378
131,17,106,93,347
95,49,67,138,349
28,96,65,131,320
35,8,136,36,215
11,32,125,148,316
32,50,90,13,185
104,43,118,10,275
40,1,31,49,121
107,83,145,42,377
130,43,132,15,320
64,139,72,104,379
96,8,44,78,226
100,8,36,144,288
21,106,106,144,377
129,143,97,19,388
109,149,103,23,384
57,102,72,51,282
98,128,80,35,341
49,133,16,44,242
48,56,47,28,179
68,31,27,73,199
96,10,104,82,292
53,23,149,58,283
75,93,100,21,289
74,89,13,34,210
44,3,43,99,189
86,141,30,21,278
95,55,62,51,263
18,63,48,81,210
108,48,141,19,316
133,16,139,60,348
2,76,79,47,204
64,72,130,148,414
112,100,26,79,317
43,85,17,48,193
2,136,87,32,257
107,140,95,120,462
52,116,20,90,278
59,105,117,15,296
131,59,56,143,389
82,96,5,148,331
134,53,10,125,322
13,104,45,121,283
92,86,95,79,352
18,125,10,129,282
56,115,74,146,391
34,36,34,49,153
78,61,100,1,240
22,42,126,51,241
98,137,13,68,316
144,106,133,55,438
93,108,77,108,386
58,140,43,138,379
92,83,137,91,403
47,3,108,17,175
96,48,94,84,322
123,9,15,1,148
129,49,105,22,305
44,19,67,115,245
123,29,123,48,323
136,134,88,112,470
118,93,95,67,373
106,13,102,57,278
111,82,28,55,276
38,51,126,32,247
74,1,29,71,175
84,131,15,24,254
28,101,18,16,163
8,111,18,7,144
40,125,134,19,318
98,6,124,28,256
39,119,31,132,321
91,21,64,105,281
50,28,25,48,151
81,72,43,147,343
124,35,49,64,272
150,117,84,68,419
123,79,100,120,422
87,83,132,38,340
30,123,143,132,428
121,76,16,14,227
137,7,78,25,247
114,112,107,120,453
12,73,62,114,261
68,40,31,50,189
87,2,134,67,290
17,148,83,92,340
94,27,10,115,246
41,94,115,129,379
35,104,69,16,224
149,134,92,104,479
133,90,95,115,433
21,6,67,51,145
116,43,25,67,251
92,94,77,105,368
135,60,94,126,415
59,97,144,94,394
105,56,90,103,354
71,36,63,29,199
120,69,33,79,301
87,68,139,27,321
44,103,135,57,339
100,65,59,48,272
129,20,139,55,343
44,120,76,18,258
25,73,10,147,255
9,63,121,15,208
115,39,79,16,249
110,89,141,106,446
12,99,18,13,142
92,110,5,95,302
72,35,14,73,194
111,50,136,100,397
73,45,130,133,381
108,43,78,36,265
121,45,86,31,283
146,84,85,38,353
98,72,55,123,348
109,2,73,3,187
56,58,25,148,287
49,150,71,132,402
77,72,75,132,356
84,62,124,104,374
68,81,130,113,392
19,82,143,75,319
150,72,78,78,378
25,147,139,128,439
102,99,97,13,311
41,44,148,33,266
15,15,45,104,179
35,112,8,12,167
100,135,82,53,370
95,111,37,44,287
140,65,29,31,265
20,60,32,65,177
30,102,139,31,302
140,91,30,4,265
144,146,60,8,358
42,11,19,139,211
66,81,11,93,251
75,57,7,148,287
58,25,129,147,359
79,30,124,47,280
21,114,106,11,252
142,87,83,147,459
128,86,86,100,400
35,143,112,2,292
142,31,97,90,360
40,120,14,15,189
147,103,90,86,426
48,62,97,8,215
148,59,84,130,421
12,72,66,90,240
150,96,111,128,485
15,61,115,122,313
146,51,134,133,464
82,125,63,5,275
149,43,10,135,337
39,95,20,90,244
36,23,117,16,192
86,122,148,90,446
102,135,71,33,341
131,50,35,95,311
138,83,25,33,279
8,54,26,92,180
107,137,48,16,308
89,71,115,114,389
57,54,10,68,189
118,96,117,118,449
91,70,128,62,351
119,135,134,142,530
133,144,9,60,346
21,96,114,95,326
1,21,109,136,267
50,87,97,70,304
148,31,140,61,380
114,142,72,13,341
133,97,150,57,437
62,98,74,145,379
108,130,105,124,467
45,90,103,32,270
2,45,26,81,154
64,57,108,10,239
68,61,114,36,279
4,37,130,129,300
50,92,12,48,202
118,6,62,71,257
63,53,127,72,315
37,76,79,112,304
131,26,38,132,327
92,144,149,149,534
72,125,106,109,412
44,76,11,5,136
60,25,99,141,325
103,28,33,60,224
99,143,94,64,400
140,21,126,122,409
104,79,52,91,326
30,106,25,82,243
6,88,81,68,243
145,127,136,113,521
76,41,48,92,257
17,87,25,19,148
116,123,96,131,466
110,110,84,129,433
138,144,67,39,388
64,56,22,72,214
134,60,77,72,343
3,128,84,116,331
108,134,84,43,369
51,58,4,13,126
99,28,102,63,292
12,94,58,73,237
141,100,31,105,377
50,57,96,65,268
37,112,58,142,349
133,130,29,145,437
94,80,54,62,290
21,135,72,83,311
147,135,62,106,450
84,106,23,23,236
47,107,38,17,209
33,63,60,117,273
2,84,83,96,265
107,119,145,74,445
58,6,127,72,263
91,114,60,131,396
45,147,145,145,482
89,68,82,105,344
146,13,66,30,255
28,70,2,48,148
68,135,99,64,366
47,124,26,23,220
20,148,52,118,338
146,39,17,145,347
50,75,137,113,375
50,143,55,136,384
86,83,37,22,228
18,148,141,29,336
28,83,131,105,347
150,70,118,65,403
51,106,7,147,311
66,124,107,19,316
138,83,81,69,371
98,118,88,144,448
127,78,28,89,322
127,70,93,48,338
90,106,141,51,388
66,116,21,29,232
102,87,36,40,265
29,93,42,88,252
56,47,140,92,335
70,123,87,75,355
44,101,99,27,271
67,29,77,127,300
144,4,35,141,324
48,142,102,46,338
129,8,133,56,326
71,122,144,28,365
11,63,102,128,304
136,7,150,135,428
139,43,68,91,341
42,140,14,107,303
117,115,124,123,479
111,103,69,77,360
56,54,14,62,186
64,142,85,96,387
104,35,40,14,193
51,82,130,21,284
106,147,96,142,491
136,102,119,86,443
109,104,134,143,490
140,74,109,146,469
47,132,149,135,463
128,43,2,142,315
57,147,113,48,365
79,8,123,21,231
125,92,86,144,447
25,68,76,131,300
138,128,126,3,395
145,131,107,1,384
66,41,134,110,351
104,77,44,99,324
46,66,126,96,334
91,116,112,50,369
85,14,141,50,290
123,140,4,91,358
82,26,150,4,262
34,116,150,149,449
92,49,136,76,353
89,118,87,50,344
14,16,85,89,204
36,84,110,4,234
56,114,11,47,228
65,7,27,111,210
68,15,13,133,229
28,57,74,120,279
37,83,95,113,328
132,105,86,35,358
42,79,62,150,333
93,119,132,70,414
92,88,4,58,242
4,27,65,56,152
64,16,15,19,114
45,143,142,55,385
38,55,22,66,181
19,65,88,85,257
84,76,72,73,305
77,120,120,13,330
112,9,111,118,350
141,15,102,46,304
3,126,68,51,248
110,112,75,144,441
101,89,76,140,406
106,57,130,97,390
116,114,28,120,378
79,89,84,108,360
110,66,99,84,359
5,67,24,51,147
34,138,130,110,412
149,131,44,53,377
56,133,34,32,255
88,47,66,42,243
136,19,137,87,379
10,7,34,38,89
34,8,39,147,228
106,10,131,137,384
56,71,58,60,245
6,143,73,32,254
26,63,137,99,325
9,35,103,74,221
84,92,15,103,294
121,142,105,145,513
26,128,61,137,352
78,58,108,87,331
1,9,39,29,78
47,119,85,142,393
41,112,71,150,374
104,121,102,27,354
39,97,39,2,177
104,126,51,6,287
11,100,5,134,250
73,1,100,6,180
47,121,114,33,315
64,72,80,125,341
27,5,134,5,171
116,144,35,31,326
106,131,63,136,436
96,39,112,76,323
29,12,82,17,140
5,37,70,138,250
91,102,74,92,359
142,19,142,56,359
139,22,24,120,305
92,30,129,131,382
14,32,100,67,213
46,42,127,56,271
14,60,28,11,113
114,87,53,2,256
107,60,40,106,313
78,112,72,36,298
2,143,2,7,154
76,70,65,2,213
20,133,111,44,308
96,67,50,91,304
100,140,56,115,411
108,116,102,77,403
116,105,131,1,353
32,46,56,145,279
56,63,130,130,379
31,68,69,48,216
56,54,118,3,231
144,49,142,29,364
81,43,29,134,287
133,143,40,137,453
110,53,54,45,262
144,128,15,70,357
104,59,118,99,380
42,93,84,12,231
88,106,78,99,371
83,65,52,124,324
53,95,147,145,440
53,139,70,118,380
6,46,32,124,208
70,1,19,122,212
138,88,52,71,349
68,98,45,34,245
62,117,75,139,393
113,13,150,100,376
62,126,8,98,294
34,149,46,51,280
136,21,93,62,312
122,65,56,85,328
43,43,136,86,308
98,118,76,85,377
24,3,14,61,102
10,142,33,50,235
93,18,117,79,307
140,41,33,116,330
40,51,147,104,342
103,128,3,22,256
41,138,115,46,340
150,100,115,135,500
95,94,109,41,339
31,71,138,70,310
41,50,83,29,203
30,67,61,138,296
95,146,3,92,336
88,67,149,135,439
46,29,30,112,217
120,132,117,71,440
129,3,116,144,392
89,57,16,109,271
129,106,106,26,367
40,36,133,94,303
54,121,27,56,258
138,66,116,100,420
75,93,10,138,316
82,43,104,88,317
146,25,81,112,364
80,5,12,142,239
131,71,6,128,336
65,18,75,16,174
23,71,61,24,179
8,64,72,14,158
56,49,59,9,173
41,3,130,42,216
29,28,128,9,194
131,84,96,115,426
4,87,109,41,241
102,4,87,87,280
39,25,7,26,97
17,16,135,99,267
45,103,5,123,276
16,97,138,58,309
82,103,15,23,223
77,114,125,84,400
97,12,38,127,274
30,123,110,42,305
41,136,51,47,275
44,48,69,135,296
87,54,86,12,239
91,17,59,20,187
7,89,10,126,232
101,76,8,25,210
136,39,89,132,396
45,99,40,46,230
93,73,41,22,229
13,48,7,47,115
110,40,108,20,278
22,83,82,15,202
150,126,68,5,349
143,137,105,63,448
150,63,117,138,468
7,72,3,133,215
15,85,42,59,201
117,96,58,82,353
49,96,85,144,374
29,79,116,51,275
85,135,46,48,314
71,45,91,139,346
117,36,26,120,299
10,28,68,60,166
124,124,31,111,390
89,36,80,67,272
71,109,7,130,317
37,145,54,64,300
40,121,2,116,279
128,66,133,75,402
1,2,86,87,176
66,137,54,55,312
2,108,135,130,375
74,74,62,27,237
5,84,141,34,264
106,141,23,60,330
107,86,134,146,473
74,32,59,60,225
23,3,129,37,192
72,130,18,20,240
44,53,49,148,294
142,138,140,84,504
132,108,11,17,268
43,30,44,31,148
48,135,60,99,342
74,2,62,119,257
142,141,124,95,502
29,71,139,75,314
31,112,110,90,343
17,115,77,32,241
14,134,68,63,279
3,5,40,10,58
135,104,1,30,270
3,119,105,39,266
50,31,69,2,152
42,87,111,44,284
98,52,142,59,351
59,136,65,90,350
67,79,27,116,289
68,111,112,100,391
128,47,6,44,225
56,12,139,102,309
91,129,7,31,258
107,30,22,1,160
39,28,34,105,206
83,34,12,51,180
138,111,75,33,357
119,29,17,53,218
132,143,110,146,531
16,57,45,137,255
95,96,47,100,338
9,9,40,66,124
79,26,27,20,152
110,67,83,95,355
147,111,87,106,451
100,20,120,128,368
47,107,3,114,271
51,93,76,15,235
92,50,48,89,279
25,75,31,88,219
127,31,113,99,370
16,75,104,131,326
41,18,48,37,144
74,87,150,18,329
45,126,45,3,219
52,2,54,30,138
8,75,22,136,241
130,40,9,102,281
98,123,114,149,484
103,58,23,44,228
92,47,16,75,230
47,41,110,1,199
103,112,48,105,368
119,122,77,135,453
72,119,106,94,391
50,80,57,14,201
17,38,85,147,287
104,84,5,95,288
143,65,48,126,382
42,17,102,66,227
25,135,95,61,316
80,18,20,76,194
31,113,131,11,286
5,108,1,66,180
15,146,39,150,350
18,26,82,146,272
49,76,78,16,219
88,19,108,3,218
105,130,69,91,395
124,6,33,113,276
108,146,59,62,375
95,120,137,102,454
45,81,68,6,200
102,99,111,30,342
6,64,100,79,249
1,22,1,63,87
61,130,5,3,199
8,148,9,26,191
41,97,17,3,158
125,134,116,65,440
136,68,67,110,381
11,37,68,150,266
54,2,127,24,207
87,109,48,9,253
131,127,125,55,438
22,121,43,38,224
45,54,16,59,174
127,72,83,62,344
11,108,72,60,251
118,147,64,13,342
26,22,65,142,255
150,29,119,140,438
123,111,130,10,374
91,28,73,101,293
150,97,115,88,450
8,101,88,49,246
21,35,43,59,158
91,19,91,147,348
100,30,85,137,352
59,33,36,149,277
134,108,14,101,357
100,18,93,108,319
95,95,113,100,403
100,101,76,60,337
68,12,104,46,230
126,96,140,29,391
81,89,6,84,260
136,120,20,12,288
32,25,71,120,248
1,145,77,109,332
31,140,66,41,278
105,46,142,42,335
116,114,23,4,257
58,108,89,103,358
130,30,55,61,276
35,92,135,109,371
128,114,11,7,260
134,123,77,67,401
86,9,116,12,223
51,23,18,104,196
77,77,63,117,334
54,57,144,11,266
79,2,66,2,149
51,102,11,46,210
12,59,95,104,270
57,113,136,65,371
102,128,87,68,385
41,28,18,131,218
47,20,126,74,267
16,39,21,101,177
80,62,124,33,299
119,2,22,105,248
90,18,143,16,267
118,88,9,36,251
82,11,30,91,214
100,88,47,94,329
25,72,138,12,247
31,63,132,65,291
6,107,36,131,280
57,52,2,95,206
102,28,39,116,285
129,81,106,53,369
148,65,130,135,478
4,141,147,139,431
108,150,71,114,443
33,149,24,63,269
115,19,8,97,239
137,35,46,14,232
80,52,4,123,259
117,4,56,134,311
36,76,109,129,350
58,105,34,97,294
79,1,64,82,226
57,1,123,91,272
100,52,137,125,414
68,18,46,18,150
23,81,16,142,262
43,79,86,5,213
91,104,83,87,365
91,80,122,93,386
105,85,56,143,389
128,6,138,130,402
100,78,1,111,290
31,56,92,60,239
9,31,123,14,177
61,113,139,88,401
87,71,85,141,384
107,74,55,64,300
9,113,145,123,390
138,14,19,144,315
108,141,97,40,386
150,67,18,68,303
140,86,122,74,422
23,145,49,109,326
15,88,28,121,252
1,34,142,75,252
107,38,1,38,184
70,135,113,81,399
97,94,130,44,365
73,132,107,14,326
15,125,144,131,415
109,54,2,123,288
144,15,38,38,235
23,99,32,144,298
138,76,135,67,416
93,112,106,101,412
38,118,28,134,318
43,94,32,56,225
136,16,81,105,338
78,106,40,12,236
134,2,21,112,269
101,101,50,120,372
27,103,84,39,253
123,65,61,133,382
25,102,86,73,286
1,93,115,34,243
146,34,45,22,247
84,148,145,88,465
118,92,79,103,392
94,73,101,35,303
127,126,102,36,391
29,9,102,61,201
59,100,87,95,341
61,48,148,93,350
91,137,55,134,417
23,86,25,107,241
123,127,2,74,326
75,129,111,110,425
119,14,83,145,361
40,58,139,60,297
125,97,5,124,351
32,65,90,78,265
101,29,107,111,348
144,72,8,54,278
3,46,91,14,154
66,128,46,55,295
90,78,54,137,359
143,142,78,22,385
17,12,132,40,201
139,12,8,146,305
47,45,94,26,212
48,21,147,16,232
129,29,10,81,249
126,109,94,86,415
82,51,36,44,213
120,121,109,24,374
4,2,138,29,173
18,124,115,109,366
20,83,21,76,200
110,68,111,71,360
92,101,58,13,264
99,52,18,80,249
55,72,58,23,208
114,127,5,41,287
101,38,7,79,225
47,88,22,113,270
75,94,20,103,292
147,27,8,103,285
76,55,140,112,383
72,40,101,41,254
77,99,116,76,368
66,69,22,102,259
102,109,75,65,351
77,126,43,139,385
59,127,49,90,325
121,135,85,8,349
94,28,50,51,223
147,44,27,70,288
35,11,118,95,259
30,21,120,147,318
56,115,123,85,379
17,148,21,25,211
105,142,141,106,494
134,118,102,23,377
58,111,77,19,265
35,83,51,28,197
27,61,40,2,130
46,4,106,61,217
31,131,87,57,306
114,86,100,148,448
36,35,6,84,161
110,61,56,48,275
60,131,101,79,371
12,100,104,147,363
12,124,44,103,283
125,30,142,79,376
38,45,149,94,326
38,92,114,94,338
84,146,69,120,419
93,34,141,96,364
95,23,13,8,139
138,58,3,9,208
131,103,12,140,386
16,37,2,150,205
129,83,69,46,327
108,72,31,77,288
52,102,105,79,338
138,1,125,139,403
75,25,104,85,289
135,130,124,32,421
119,43,27,143,332
118,18,131,55,322
1,33,83,136,253
86,73,28,11,198
142,141,44,15,342
42,84,20,27,173
141,27,113,25,306
113,23,38,98,272
62,6,106,51,225
84,78,133,66,361
58,107,69,136,370
36,111,17,83,247
60,128,140,38,366
15,107,7,114,243
68,51,50,50,219
40,126,96,101,363
86,91,21,38,236
38,85,114,6,243
12,77,135,68,292
19,30,55,77,181
45,116,138,28,327
89,10,133,94,326
70,103,13,73,259
57,78,135,100,370
10,99,81,88,278
20,146,124,83,373
88,103,112,13,316
86,124,97,98,405
43,89,54,103,289
8,150,8,88,254
94,91,84,124,393
41,69,24,61,195
121,138,136,88,483
78,62,43,57,240
86,131,75,93,385
68,135,150,85,438
56,108,66,131,361
67,95,76,92,330
21,127,75,109,332
85,117,60,43,305
31,35,59,33,158
101,58,135,3,297
65,11,132,97,305
55,140,44,89,328
91,81,64,2,238
43,32,109,107,291
86,11,133,82,312
101,62,83,30,276
109,66,46,118,339
79,27,130,148,384
32,95,107,103,337
36,77,83,50,246
131,73,93,85,382
118,28,112,62,320
129,46,111,27,313
94,107,147,117,465
35,64,39,23,161
55,50,95,83,283
13,22,149,133,317
93,53,92,48,286
1,70,93,89,253
91,124,24,119,358
134,138,36,110,418
5,68,128,138,339
105,137,39,40,321
131,19,89,92,331
60,89,10,128,287
85,77,3,86,251
149,105,76,116,446
115,4,22,127,268
72,79,47,41,239
58,25,143,59,285
140,6,32,63,241
17,1,146,146,310
126,10,138,71,345
91,101,148,53,393
21,14,20,93,148
127,117,54,104,402
53,54,56,105,268
133,90,11,121,355
22,101,109,88,320
121,61,127,99,408
87,90,24,135,336
101,149,5,109,364
67,32,54,53,206
100,102,98,24,324
115,39,105,22,281
85,42,141,24,292
143,144,107,150,544
106,45,46,72,269
39,72,107,76,294
113,12,81,126,332
34,19,33,117,203
58,84,83,72,297
38,108,2,143,291
30,36,59,56,181
101,76,67,95,339
62,86,76,134,358
48,11,11,130,200
87,132,4,40,263
74,34,135,31,274
76,2,26,123,227
138,32,35,134,339
127,81,90,71,369
115,113,131,75,434
117,89,43,49,298
83,12,57,60,212
76,19,141,14,250
28,65,109,65,267
105,101,14,55,275
130,48,111,72,361
38,128,92,110,368
73,8,98,60,239
65,30,118,58,271
140,86,137,58,421
76,30,140,50,296
145,135,144,72,496
103,22,3,50,178
27,98,120,45,290
65,100,28,125,318
97,39,48,101,285
20,114,84,73,291
129,66,81,88,364
131,62,38,58,289
64,9,68,104,245
8,149,111,149,417
91,98,79,107,375
22,68,88,2,180
20,85,56,38,199
135,118,36,8,297
5,115,36,107,263
98,71,74,147,390
112,69,51,146,378
51,19,135,23,228
69,23,134,70,296
106,137,34,50,327
120,21,24,24,189
142,31,147,20,340
56,41,27,72,196
78,77,109,24,288
90,93,24,99,306
93,9,1,54,157
105,40,30,133,308
63,97,118,26,304
124,41,60,108,333
68,49,121,42,280
83,1,113,16,213
144,101,21,46,312
73,134,100,11,318
76,79,63,62,280
117,135,76,97,425
136,48,43,134,361
2,91,104,55,252
26,116,76,10,228
102,71,59,7,239
7,38,41,116,202
108,10,31,96,245
76,149,145,10,380
148,88,111,126,473
94,129,69,89,381
133,59,34,108,334
87,113,2,24,226
52,125,19,104,300
43,17,40,130,230
124,100,19,91,334
97,123,64,137,421
113,100,25,134,372
24,82,96,26,228
1,56,9,64,130
23,34,14,143,214
41,119,7,17,184
36,49,34,135,254
26,3,126,119,274
95,113,33,99,340
110,19,149,43,321
27,116,114,111,368
131,129,30,30,320
9,37,104,89,239
85,25,131,29,270
98,121,125,41,385
125,39,69,145,378
4,39,46,15,104
84,84,86,73,327
123,18,5,150,296
43,107,79,139,368
124,119,21,51,315
44,134,53,68,299
58,87,60,79,284
137,59,24,33,253
135,14,48,14,211
98,130,122,104,454
30,71,116,118,335
130,102,19,112,363
56,101,104,24,285
85,79,150,23,337
76,63,143,55,337
56,25,106,145,332
75,10,90,148,323
147,39,81,121,388
39,145,140,68,392
147,53,123,125,448
91,1,21,100,213
147,26,33,41,247
30,13,140,69,252
20,20,56,5,101
104,6,29,21,160
45,95,84,16,240
68,72,139,12,291
7,40,45,15,107
120,37,95,52,304
55,52,142,70,319
12,147,104,8,271
9,133,26,36,204
65,110,21,30,226
135,61,57,66,319
9,113,134,126,382
144,59,122,13,338
40,13,94,22,169
127,40,105,126,398
72,87,34,98,291
11,33,126,121,291
70,81,12,119,282
116,34,122,127,399
41,23,49,40,153
107,123,44,72,346
109,60,81,38,288
8,139,146,79,372
53,13,110,148,324
57,22,115,83,277
95,125,38,94,352
17,19,137,15,188
84,135,146,103,468
3,7,121,125,256
66,27,86,111,290
34,78,150,134,396
105,8,36,129,278
133,124,18,45,320
59,10,126,21,216
9,47,98,73,227
137,129,17,51,334
1,59,90,97,247
48,47,130,30,255
95,134,145,144,518
80,1,61,115,257
29,11,131,112,283
119,52,76,122,369
119,130,41,61,351
3,139,91,83,316
119,5,35,78,237
24,130,88,133,375
91,134,144,96,465
80,120,94,72,366
21,17,108,28,174
136,56,121,57,370
78,140,16,48,282
31,103,110,34,278
82,36,19,90,227
98,75,105,127,405
73,33,36,14,156
98,5,77,117,297
43,43,129,39,254
87,83,5,35,210
31,4,46,120,201
26,12,24,101,163
52,118,25,114,309
29,116,101,57,303
60,72,66,131,329
133,80,73,146,432
118,22,130,35,305
13,110,146,128,397
33,11,58,27,129
139,43,27,132,341
95,91,138,92,416
88,8,102,113,311
114,94,102,134,444
122,65,65,87,339
36,135,130,69,370
23,21,48,79,171
14,133,52,136,335
4,137,22,116,279
64,31,75,104,274
33,53,31,64,181
15,26,122,53,216
70,19,50,129,268
138,140,145,50,473
35,116,40,137,328
124,31,26,3,184
19,132,77,96,324
64,120,47,47,278
19,117,130,51,317
79,69,72,23,243
52,6,85,96,239
19,104,81,58,262
38,27,26,24,115
112,77,10,91,290
140,146,98,60,444
134,125,111,103,473
61,47,140,35,283
139,94,10,109,352
38,31,88,57,214
49,6,61,102,218
101,58,63,103,325
133,60,78,105,376
97,1,61,43,202
138,134,144,61,477
116,53,109,87,365
100,24,95,57,276
87,47,48,139,321
89,56,59,27,231
23,85,138,82,328
58,116,81,73,328
12,54,18,75,159
33,121,34,109,297
90,45,36,34,205
138,61,140,138,477
143,85,74,87,389
100,2,80,79,261
31,17,136,50,234
145,73,150,23,391
108,69,149,73,399
140,84,129,75,428
70,43,144,49,306
27,106,41,105,279
133,68,145,51,397
107,75,37,103,322
27,61,115,84,287
41,34,72,91,238
14,79,10,56,159
1,59,20,40,120
67,74,128,134,403
105,15,96,142,358
6,133,52,133,324
81,93,131,130,435
6,9,82,10,107
86,116,72,60,334
15,74,107,47,243
34,72,80,21,207
21,13,106,131,271
68,118,83,142,411
72,91,49,7,219
31,7,14,40,92
22,113,27,87,249
13,34,39,62,148
105,128,1,41,275
60,95,120,44,319
46,16,6,148,216
56,13,136,129,334
114,124,40,16,294
20,96,2,143,261
111,107,130,56,404
100,139,70,47,356
81,4,114,24,223
39,85,93,6,223
84,52,127,102,365
149,101,29,95,374
12,66,122,71,271
123,77,123,70,393
108,126,17,149,400
21,56,121,132,330
136,13,47,100,296
53,7,129,24,213
54,138,143,2,337
81,33,118,106,338
38,31,27,97,193
146,142,149,56,493
117,107,149,53,426
134,93,3,148,378
44,70,79,44,237
100,95,86,106,387
150,51,112,39,352
77,2,36,137,252
11,31,21,65,128
109,53,118,68,348
36,105,118,91,350
15,47,130,29,221
50,135,77,114,376
45,130,70,8,253
63,94,113,92,362
53,65,45,35,198
52,15,22,84,173
76,94,39,55,264
9,96,98,22,225
145,77,80,6,308
101,149,96,24,370
6,105,93,112,316
27,1,96,25,149
108,59,109,76,352
43,125,61,45,274
59,5,34,105,203
137,28,118,55,338
8,119,60,150,337
150,69,100,90,409
47,134,119,10,310
71,80,4,83,238
147,120,114,131,512
50,115,51,51,267
18,71,93,55,237
124,113,13,64,314
1,125,117,82,325
24,52,15,77,168
25,136,148,73,382
48,26,1,132,207
17,100,63,122,302
141,12,66,23,242
64,74,70,9,217
111,108,145,16,380
75,61,119,80,335
59,145,28,11,243
141,87,37,7,272
122,124,10,147,403
112,142,112,20,386
71,80,92,47,290
107,64,125,110,406
145,79,111,49,384
4,121,27,107,259
127,91,134,6,358
55,121,23,68,267
62,88,53,80,283
39,71,17,87,214
5,34,77,14,130
126,101,69,85,381
123,54,8,5,190
10,46,24,56,136
94,129,150,98,471
105,64,120,127,416
70,16,150,67,303
49,37,127,48,261
73,35,40,34,182
55,135,101,58,349
64,99,7,134,304
19,20,9,62,110
42,114,48,133,337
24,17,88,23,152
10,111,44,62,227
32,49,16,43,140
34,97,67,24,222
9,36,41,91,177
121,42,81,76,320
117,46,45,148,356
40,97,79,111,327
11,14,38,18,81
116,116,24,13,269
53,51,67,8,179
8,65,64,82,219
44,59,27,77,207
108,18,72,121,319
101,21,130,8,260
136,34,128,43,341
36,130,130,114,410
142,76,16,58,292
69,144,27,17,257
93,84,144,9,330
100,86,134,128,448
18,105,61,150,334
66,65,10,94,235
120,63,107,106,396
75,137,75,12,299
137,117,26,80,360
143,145,16,95,399
19,113,141,71,344
132,70,101,77,380
10,105,85,113,313
68,9,149,53,279
143,6,72,111,332
8,92,58,127,285
21,18,147,110,296
147,83,29,105,364
134,73,87,9,303
6,132,51,58,247
3,148,92,133,376
31,102,135,49,317
122,79,137,49,387
118,104,84,37,343
141,77,37,19,274
5,103,56,96,260
144,30,39,101,314
48,82,96,109,335
63,91,8,105,267
118,25,124,3,270
109,86,78,87,360
107,119,83,134,443
128,57,5,24,214
50,148,78,14,290
96,43,33,71,243
48,106,76,120,350
54,89,127,15,285
43,134,134,118,429
96,87,98,25,306
104,142,3,74,323
53,27,43,130,253
62,133,142,104,441
136,128,59,13,336
38,89,142,38,307
37,144,62,74,317
19,108,147,111,385
110,148,115,70,443
116,113,50,69,348
7,139,99,81,326
13,106,110,62,291
15,95,61,11,182
133,100,85,81,399
54,72,45,17,188
3,56,9,72,140
117,82,116,80,395
68,37,5,85,195
69,49,56,62,236
13,89,27,129,258
149,82,18,65,314
72,38,84,91,285
102,143,126,90,461
13,24,80,7,124
135,8,53,100,296
83,96,142,76,397
2,112,120,125,359
25,2,85,25,137
100,17,85,80,282
89,120,62,52,323
19,102,135,55,311
143,57,99,133,432
32,1,145,19,197
112,85,134,81,412
63,51,35,50,199
117,15,45,9,186
64,86,97,144,391
80,129,148,86,443
48,133,35,129,345
1,64,16,130,211
17,71,143,109,340
133,21,5,31,190
86,139,22,19,266
82,66,139,113,400
60,44,1,129,234
145,134,71,78,428
84,64,68,93,309
110,150,78,150,488
28,124,78,66,296
144,80,59,59,342
102,11,56,42,211
74,92,68,59,293
101,83,27,41,252
42,26,36,37,141
7,102,121,63,293
48,80,42,94,264
71,51,36,134,292
77,51,57,148,333
5,62,25,60,152
19,92,61,142,314
41,141,83,148,413
110,116,41,133,400
110,53,62,45,270
53,123,61,110,347
39,27,65,78,209
126,33,7,21,187
93,125,17,111,346
5,28,142,49,224
92,1,136,145,374
31,100,125,2,258
49,122,64,83,318
139,57,25,129,350
66,147,149,138,500
30,149,85,109,373
14,136,119,71,340
111,31,19,43,204
80,8,122,6,216
117,35,16,26,194
122,54,68,88,332
34,144,149,89,416
150,25,26,75,276
42,57,127,132,358
33,122,135,143,433
100,86,138,91,415
149,75,118,63,405
5,88,84,57,234
96,8,124,139,367
121,102,62,16,301
79,42,29,31,181
45,84,131,54,314
54,130,149,10,343
45,7,19,10,81
35,77,147,66,325
15,69,56,2,142
129,52,76,13,270
132,9,118,141,400
77,79,116,130,402
13,53,138,104,308
69,121,16,141,347
112,82,32,139,365
60,19,139,16,234
70,64,60,83,277
66,49,17,111,243
110,81,135,117,443
26,7,74,51,158
67,141,2,35,245
93,13,7,56,169
136,77,21,134,368
146,111,45,72,374
23,115,35,61,234
39,35,57,125,256
13,94,71,141,319
2,65,96,71,234
13,20,116,14,163
35,5,28,58,126
99,40,67,17,223
6,79,42,73,200
103,11,52,135,301
71,39,143,53,306
14,62,136,77,289
113,41,11,19,184
100,52,78,28,258
96,98,89,36,319
149,107,109,78,443
7,93,29,33,162
82,74,88,13,257
49,55,88,89,281
21,89,24,115,249
143,16,80,54,293
4,98,10,101,213
75,66,7,129,277
28,36,62,92,218
110,89,99,10,308
74,15,63,112,264
12,94,29,21,156
63,143,3,85,294
72,133,60,23,288
63,109,115,112,399
112,50,94,21,277
39,61,51,59,210
46,7,143,18,214
134,125,57,121,437
34,121,124,87,366
77,47,8,53,185
68,49,26,64,207
16,43,134,95,288
41,98,1,13,153
92,41,83,95,311
22,51,110,44,227
62,3,54,47,166
126,20,73,111,330
66,92,58,61,277
143,56,25,100,324
145,120,106,103,474
64,78,118,9,269
65,63,30,19,177
105,131,40,49,325
88,39,32,105,264
36,25,22,123,206
123,86,136,42,387
7,105,63,101,276
64,139,147,131,481
144,72,24,143,383
18,99,25,4,146
136,68,58,119,381
66,98,98,20,282
10,44,81,55,190
101,17,10,52,180
42,38,143,16,239
13,45,130,21,209
60,130,11,149,350
111,113,38,90,352
57,70,2,97,226
141,14,92,6,253
150,9,6,35,200
106,25,1,110,242
86,128,148,45,407
116,115,3,88,322
61,42,125,149,377
150,110,3,1,264
21,33,7,17,78
55,132,60,123,370
35,13,122,107,277
4,44,136,57,241
65,83,39,121,308
127,101,79,107,414
29,109,107,122,367
133,41,94,81,349
11,97,93,86,287
15,60,66,23,164
35,16,54,112,217
111,79,141,70,401
94,99,103,31,327
36,31,104,21,192
50,76,86,102,314
75,92,148,105,420
78,90,55,64,287
89,142,120,134,485
137,103,73,75,388
148,145,117,47,457
15,84,3,60,162
73,23,145,39,280
14,114,69,46,243
8,102,103,56,269
124,5,141,15,285
42,103,87,4,236
47,43,6,15,111
84,66,143,15,308
24,148,33,98,303
145,142,140,148,575
71,111,36,127,345
96,86,118,144,444
129,116,136,10,391
22,19,110,21,172
125,94,118,101,438
142,131,50,60,383
22,123,118,62,325
112,66,49,82,309
40,126,32,102,300
66,129,84,91,370
71,150,3,62,286
135,23,142,138,438
102,106,3,71,282
123,142,135,144,544
121,143,108,62,434
42,104,22,36,204
109,28,44,104,285
133,59,86,133,411
73,44,87,115,319
137,80,127,35,379
45,146,28,26,245
77,5,133,39,254
131,30,20,146,327
117,146,112,68,443
136,54,143,72,405
99,25,31,123,278
65,8,142,55,270
9,104,149,40,302
51,74,37,41,203
42,19,143,96,300
132,23,102,144,401
100,62,100,88,350
116,39,134,44,333
4,30,12,63,109
89,73,49,30,241
10,8,101,83,202
19,72,124,13,228
127,6,102,117,352
147,98,100,83,428
96,135,97,66,394
45,86,97,47,275
41,150,36,149,376
59,80,45,119,303
70,65,47,7,189
125,59,55,35,274
129,108,14,39,290
139,133,5,126,403
7,98,126,29,260
48,48,150,28,274
120,136,70,12,338
25,115,63,102,305
54,92,115,120,381
131,103,48,128,410
68,114,7,113,302
36,115,6,64,221
26,81,83,139,329
115,102,74,105,396
147,55,4,61,267
127,137,129,133,526
101,96,142,147,486
20,65,10,64,159
130,100,60,36,326
85,20,146,98,349
14,95,105,133,347
132,49,10,129,320
2,25,66,65,158
103,18,13,145,279
68,64,100,112,344
49,21,3,54,127
121,149,126,84,480
72,89,8,28,197
36,59,147,19,261
29,82,7,8,126
29,132,101,81,343
84,131,93,85,393
85,8,87,62,242
29,57,61,48,195
42,136,38,87,303
35,28,104,8,175
27,40,81,77,225
89,9,53,65,216
30,150,32,69,281
107,98,142,53,400
32,85,99,53,269
127,105,96,12,340
149,117,34,90,390
69,96,72,55,292
63,105,71,11,250
94,148,15,108,365
3,66,87,145,301
24,20,82,39,165
19,79,92,57,247
93,132,1,9,235
41,121,139,19,320
11,132,37,126,306
111,144,117,32,404
68,114,16,7,205
47,80,141,105,373
4,6,119,28,157
148,78,96,108,430
12,3,51,56,122
131,73,128,44,376
67,111,86,11,275
119,84,118,99,420
127,84,98,104,413
38,66,19,90,213
57,55,5,102,219
47,145,112,2,306
89,106,27,115,337
89,45,70,139,343
56,134,46,124,360
103,54,106,114,377
133,34,125,86,378
14,19,117,7,157
79,117,22,110,328
120,133,121,98,472
138,107,110,38,393
117,61,107,135,420
127,133,70,92,422
141,142,66,75,424
61,91,2,26,180
63,64,3,150,280
87,67,30,116,300
108,19,146,26,299
92,32,35,120,279
70,73,125,148,416
30,106,45,130,311
147,76,113,97,433
125,30,70,56,281
59,13,149,74,295
35,150,12,13,210
104,84,144,44,376
51,33,54,117,255
90,113,75,117,395
141,6,38,57,242
64,20,133,47,264
41,3,124,3,171
8,35,105,113,261
63,13,54,113,243
44,98,139,81,362
1,37,68,49,155
74,68,11,129,282
63,128,9,20,220
102,81,150,1,334
48,77,148,52,325
100,117,96,106,419
23,123,41,112,299
81,75,5,9,170
101,63,31,149,344
77,148,107,92,424
113,119,45,51,328
129,104,145,101,479
10,5,110,61,186
77,71,25,26,199
57,126,128,29,340
34,31,146,39,250
119,79,95,142,435
102,14,7,99,222
29,50,52,146,277
33,150,100,54,337
77,25,128,107,337
9,142,110,129,390
29,139,66,85,319
84,106,83,9,282
46,45,120,119,330
112,141,9,67,329
48,53,51,90,242
96,116,148,16,376
120,26,113,129,388
85,53,50,44,232
72,15,91,45,223
75,141,134,100,450
81,17,16,62,176
97,125,114,150,486
25,8,131,125,289
95,6,110,66,277
53,49,108,95,305
102,11,30,47,190
85,15,122,149,371
145,144,83,13,385
99,26,6,45,176
39,141,109,21,310
108,38,116,47,309
103,104,53,83,343
62,101,68,16,247
25,122,52,101,300
10,3,130,70,213
41,90,42,102,275
90,125,132,35,382
27,25,147,136,335
66,40,142,33,281
11,125,36,101,273
97,61,123,98,379
106,24,23,69,222
38,60,52,117,267
35,91,118,97,341
40,149,15,36,240
125,81,56,72,334
75,86,31,14,206
73,28,3,67,171
17,3,136,47,203
88,65,139,8,300
78,131,115,124,448
90,110,84,48,332
33,115,26,8,182
115,55,30,29,229
94,120,94,46,354
97,91,141,98,427
68,113,81,92,354
92,120,26,146,384
136,140,132,50,458
53,129,112,20,314
126,115,58,24,323
89,87,82,61,319
30,37,126,36,229
78,85,146,41,350
92,77,22,96,287
109,13,101,125,348
22,19,135,146,322
139,51,71,116,377
32,50,33,106,221
36,126,76,57,295
44,126,10,83,263
75,138,24,75,312
131,88,50,41,310
83,39,32,96,250
114,15,5,124,258
12,76,146,4,238
55,33,6,79,173
5,140,121,104,370
28,46,105,70,249
27,58,101,49,235
6,141,15,114,276
123,123,131,27,404
84,57,128,55,324
77,11,114,149,351
150,104,29,92,375
27,3,102,62,194
42,36,132,147,357
6,12,77,23,118
7,142,9,116,274
39,94,38,21,192
108,46,86,137,377
122,126,54,125,427
118,96,49,144,407
121,113,55,103,392
118,29,124,78,349
128,60,68,67,323
109,127,4,122,362
149,132,26,10,317
73,120,2,18,213
73,110,85,29,297
10,72,75,119,276
86,40,69,1,196
34,69,14,27,144
22,62,108,82,274
150,51,98,4,303
127,140,77,84,428
112,97,129,103,441
20,72,64,29,185
139,31,14,17,201
24,9,61,73,167
44,77,98,76,295
49,115,150,82,396
81,109,72,142,404
30,34,146,111,321
8,86,25,71,190
99,47,137,88,371
83,55,52,89,279
64,117,65,73,319
36,97,2,8,143
133,120,12,137,402
66,32,4,35,137
27,92,117,25,261
102,149,39,142,432
68,8,19,133,228
121,1,134,51,307
54,50,150,102,356
38,81,68,132,319
130,21,101,82,334
98,66,15,39,218
116,81,146,116,459
73,96,78,86,333
89,53,133,19,294
51,34,113,28,226
118,25,29,44,216
44,75,2,64,185
74,89,127,47,337
34,107,124,81,346
33,116,77,138,364
70,83,139,96,388
37,137,142,93,409
109,5,39,139,292
136,100,85,134,455
108,28,107,2,245
133,124,4,142,403
125,144,150,126,545
25,90,43,70,228
148,36,130,141,455
135,31,47,116,329
116,17,90,100,323
85,47,59,74,265
50,13,46,9,118
31,31,3,103,168
33,94,32,100,259
76,126,55,13,270
103,109,104,36,352
111,95,141,76,423
96,48,69,123,336
37,13,105,120,275
93,56,10,77,236
61,145,96,16,318
107,22,32,147,308
143,108,103,79,433
90,59,51,102,302
114,16,43,90,263
16,54,68,141,279
149,141,60,113,463
95,90,84,142,411
82,129,83,110,404
93,105,127,66,391
48,105,19,63,235
59,10,98,69,236
121,50,41,126,338
142,22,5,18,187
46,3,37,73,159
37,97,42,14,190
57,38,24,98,217
150,74,50,12,286
120,82,93,97,392
80,57,43,127,307
120,56,41,103,320
18,8,89,22,137
143,26,33,90,292
72,72,45,115,304
131,23,68,106,328
140,46,83,79,348
37,70,88,50,245
111,12,28,88,239
20,104,10,81,215
96,13,29,3,141
32,56,18,86,192
138,124,44,77,383
129,11,118,42,300
122,145,131,53,451
74,80,16,72,242
144,82,93,150,469
131,69,31,101,332
76,68,133,138,415
84,68,146,37,335
24,85,111,109,329
124,107,2,113,346
97,40,32,138,307
14,56,53,45,168
138,62,75,27,302
71,138,13,125,347
94,73,104,97,368
51,60,112,67,290
130,147,88,4,369
84,109,54,51,298
63,51,54,116,284
129,140,148,56,473
83,35,58,77,253
72,59,17,132,280
75,134,28,88,325
51,147,116,121,435
87,117,76,129,409
65,80,65,91,301
72,4,52,150,278
106,23,144,75,348
39,76,106,127,348
9,102,110,41,262
57,56,109,129,351
101,105,52,135,393
81,51,113,58,303
38,142,21,107,308
54,146,87,33,320
6,2,149,116,273
58,54,83,31,226
34,55,131,9,229
102,63,124,62,351
54,86,50,24,214
108,37,1,98,244
27,42,28,28,125
18,65,73,116,272
61,108,10,59,238
70,115,31,32,248
38,103,14,87,242
24,145,102,142,413
14,51,74,87,226
116,8,103,70,297
39,1,140,26,206
59,63,135,16,273
143,51,60,147,401
105,14,24,7,150
28,96,112,49,285
93,65,74,70,302
8,83,89,38,218
129,116,133,43,421
120,104,44,99,367
90,26,145,87,348
10,93,72,133,308
36,128,73,17,254
124,96,86,120,426
87,41,7,89,224
114,35,44,1,194
97,56,24,73,250
131,99,90,86,406
11,143,86,42,282
98,9,12,98,217
128,54,134,116,432
112,71,94,73,350
50,60,26,16,152
107,67,18,113,305
28,98,44,111,281
134,63,61,137,395
99,107,113,96,415
50,35,91,16,192
8,35,30,9,82
90,13,119,23,245
87,63,119,114,383
94,137,70,71,372
110,64,66,23,263
56,111,98,91,356
15,131,57,10,213
35,34,44,47,160
14,104,51,144,313
52,61,45,63,221
2,24,127,72,225
70,131,87,44,332
104,58,34,13,209
89,117,94,122,422
10,78,91,67,246
86,127,34,42,289
88,59,31,94,272
20,148,114,96,378
50,147,106,114,417
76,149,44,21,290
11,102,138,31,282
17,99,22,51,189
130,7,102,95,334
4,100,114,141,359
139,120,39,27,325
139,90,107,107,443
11,121,54,125,311
78,25,67,25,195
133,4,36,103,276
21,138,7,11,177
116,101,48,71,336
59,38,123,126,346
18,80,140,89,327
40,51,147,100,338
46,118,68,62,294
104,138,72,77,391
62,76,112,109,359
83,51,112,112,358
79,118,125,66,388
40,44,69,19,172
57,62,63,150,332
5,68,123,53,249
82,103,31,19,235
74,119,19,114,326
56,105,135,1,297
10,78,118,24,230
110,140,150,75,475
69,93,106,10,278
147,4,27,33,211
113,146,99,22,380
57,40,85,103,285
53,105,69,107,334
50,133,8,40,231
25,69,10,11,115
70,23,116,30,239
119,66,22,120,327
101,3,75,32,211
81,121,78,99,379
88,61,52,145,346
38,10,91,82,221
106,41,150,88,385
150,11,110,35,306
107,69,48,125,349
3,98,116,45,262
130,75,86,2,293
98,37,142,135,412
34,80,4,24,142
45,113,118,138,414
143,122,51,19,335
16,121,138,14,289
62,104,49,119,334
132,47,2,128,309
125,130,128,76,459
59,97,25,104,285
87,66,17,128,298
43,115,59,85,302
31,49,62,20,162
137,105,59,103,404
48,60,81,131,320
69,78,137,103,387
6,94,104,52,256
99,81,52,70,302
21,37,83,55,196
40,75,45,138,298
120,55,65,16,256
118,143,16,123,400
83,7,19,47,156
103,12,128,79,322
89,40,50,12,191
59,133,125,20,337
86,63,35,52,236
59,28,58,34,179
42,91,63,57,253
136,112,81,78,407
141,69,43,35,288
122,8,63,110,303
68,10,94,130,302
51,132,76,53,312
146,57,75,119,397
120,12,30,146,308
87,80,76,29,272
36,113,71,70,290
31,139,19,53,242
110,113,137,10,370
142,23,125,50,340
128,17,51,45,241
91,147,84,102,424
127,112,110,148,497
127,4,118,25,274
67,37,80,15,199
18,50,108,140,316
98,40,126,17,281
42,110,56,117,325
40,68,89,43,240
94,56,71,53,274
105,139,76,92,412
14,114,1,87,216
142,38,84,16,280
79,90,97,60,326
76,82,136,90,384
22,139,110,110,381
40,100,150,62,352
4,10,81,78,173
149,42,78,12,281
112,68,150,130,460
135,138,38,13,324
24,118,28,92,262
96,123,13,50,282
72,135,143,135,485
23,84,31,58,196
1,6,132,85,224
26,108,141,66,341
32,85,3,14,134
97,80,15,114,306
108,81,50,48,287
85,38,142,9,274
95,59,13,75,242
99,110,105,53,367
33,18,100,31,182
137,57,46,72,312
139,78,25,84,326
81,121,76,74,352
123,91,18,149,381
26,73,98,148,345
119,80,103,52,354
70,95,53,135,353
99,41,60,24,224
84,96,76,108,364
4,92,35,18,149
41,136,85,63,325
49,87,37,118,291
65,9,101,77,252
2,12,23,73,110
38,22,18,13,91
12,121,111,105,349
69,94,114,64,341
130,133,46,119,428
30,117,29,33,209
41,85,76,73,275
94,110,48,4,256
43,144,64,56,307
56,102,65,11,234
39,146,77,74,336
102,85,33,107,327
111,149,54,142,456
117,136,22,63,338
125,72,78,113,388
89,136,127,131,483
55,29,91,30,205
100,113,73,82,368
113,22,86,96,317
93,61,24,83,261
109,148,99,132,488
145,46,43,140,374
67,114,91,144,416
105,111,109,111,436
35,38,45,26,144
103,132,86,130,451
123,118,21,110,372
119,85,66,82,352
43,132,47,95,317
64,55,124,144,387
107,30,112,75,324
19,132,105,13,269
54,100,4,100,258
15,66,143,100,324
28,38,24,46,136
35,24,124,80,263
60,40,127,144,371
80,21,89,75,265
132,64,55,12,263
91,92,84,101,368
56,149,97,94,396
68,72,125,70,335
128,90,36,55,309
80,33,3,53,169
110,72,48,140,370
121,29,1,55,206
146,86,115,126,473
1,9,57,30,97
110,141,124,24,399
75,121,114,116,426
60,52,121,11,244
107,91,88,104,390
56,62,27,127,272
87,122,66,93,368
126,88,127,55,396
14,56,93,33,196
131,144,8,141,424
1,143,3,84,231
116,120,85,21,342
61,90,135,19,305
103,42,129,67,341
63,119,67,129,378
19,25,57,20,121
26,54,81,9,170
48,27,5,23,103
47,130,80,94,351
14,117,17,143,291
47,102,43,21,213
143,138,121,43,445
118,89,49,138,394
54,15,115,1,185
66,47,120,23,256
82,36,35,36,189
93,120,42,75,330
46,132,144,74,396
24,9,94,45,172
63,126,118,99,406
73,19,70,91,253
106,146,27,139,418
30,47,128,102,307
19,134,21,40,214
109,44,141,149,443
134,8,135,3,280
27,121,127,145,420
49,59,54,8,170
57,14,75,41,187
73,105,107,132,417
117,2,129,40,288
19,69,99,97,284
4,20,120,1,145
116,58,78,127,379
134,59,113,131,437
136,131,41,121,429
4,117,29,147,297
19,107,19,19,164
2,107,71,75,255
82,81,25,27,215
1,55,131,2,189
39,65,91,66,261
26,82,1,2,111
138,141,99,89,467
150,92,140,104,486
106,69,138,85,398
51,3,147,114,315
143,88,92,109,432
118,46,110,69,343
147,111,117,148,523
92,133,2,121,348
105,6,53,122,286
150,90,54,83,377
146,99,7,81,333
63,100,82,94,339
35,147,57,61,300
118,62,101,137,418
121,8,115,102,346
84,10,5,88,187
100,41,28,124,293
64,52,64,53,233
95,66,36,64,261
148,57,41,103,349
31,140,113,97,381
140,1,133,4,278
93,125,13,74,305
22,58,34,57,171
107,145,91,125,468
63,97,25,24,209
111,45,114,78,348
79,107,65,57,308
40,68,76,116,300
142,38,49,19,248
89,102,64,26,281
107,100,36,83,326
55,60,68,100,283
33,123,93,108,357
114,110,13,2,239
9,93,35,116,253
55,114,67,80,316
113,50,137,13,313
142,87,121,90,440
79,128,46,146,399
18,28,49,70,165
5,129,118,79,331
64,67,139,16,286
131,133,17,63,344
47,103,73,148,371
40,59,3,125,227
106,95,132,43,376
5,36,150,92,283
146,96,97,58,397
130,121,29,88,368
48,144,17,7,216
136,122,118,150,526
112,119,98,70,399
42,3,36,29,110
46,80,105,112,343
101,44,54,86,285
10,135,71,61,277
11,33,83,138,265
8,130,15,35,188
117,21,108,72,318
134,128,77,86,425
139,55,59,51,304
98,11,93,123,325
48,50,55,142,295
1,111,68,111,291
76,116,114,111,417
71,111,145,57,384
17,97,25,120,259
22,39,2,92,155
24,22,51,13,110
4,147,97,25,273
27,137,137,64,365
7,122,51,68,248
93,36,16,134,279
76,136,126,145,483
88,134,67,17,306
20,78,78,118,294
86,2,12,113,213
62,107,113,81,363
113,78,60,75,326
40,18,21,131,210
5,49,71,63,188
79,8,80,40,207
125,56,115,20,316
52,72,95,15,234
11,20,57,41,129
83,72,107,141,403
74,68,74,40,256
57,15,60,123,255
17,102,44,56,219
72,32,20,126,250
82,83,125,147,437
55,149,132,58,394
145,149,136,102,532
96,16,107,37,256
6,15,123,148,292
111,36,42,119,308
92,100,101,138,431
78,125,121,36,360
83,83,48,116,330
62,41,110,38,251
142,22,9,74,247
102,37,103,10,252
56,42,12,73,183
80,112,83,126,401
120,3,132,39,294
79,146,45,31,301
130,84,115,114,443
92,6,104,10,212
44,55,120,80,299
60,27,72,149,308
109,95,120,47,371
96,14,32,11,153
105,1,44,87,237
91,100,46,42,279
2,95,27,10,134
128,142,48,15,333
123,78,80,21,302
49,72,30,53,204
107,72,116,140,435
55,112,27,8,202
119,33,59,34,245
112,92,46,11,261
77,46,31,131,285
146,87,89,125,447
30,147,67,57,301
111,105,7,7,230
139,69,43,140,391
36,42,44,35,157
104,128,93,124,449
134,33,125,135,427
44,145,60,40,289
109,123,1,89,322
103,22,48,30,203
82,91,26,114,313
97,136,113,97,443
5,141,83,103,332
33,20,127,122,302
4,94,51,67,216
43,133,41,59,276
104,28,117,92,341
62,90,127,135,414
15,35,131,9,190
98,102,65,147,412
43,34,100,90,267
17,132,1,57,207
17,71,67,91,246
48,5,33,36,122
20,53,43,147,263
44,132,43,5,224
97,99,3,19,218
30,115,19,58,222
42,65,125,67,299
106,74,49,58,287
49,46,37,133,265
18,131,144,48,341
98,13,105,121,337
46,36,37,46,165
14,41,6,2,63
7,61,71,102,241
125,72,6,94,297
85,149,41,19,294
11,72,87,100,270
103,48,67,58,276
61,25,97,147,330
54,91,36,96,277
46,124,136,3,309
52,147,145,47,391
97,56,120,94,367
80,22,40,23,165
64,138,99,74,375
48,108,60,2,218
104,91,51,61,307
80,77,15,55,227
12,97,86,13,208
140,90,1,100,331
16,47,20,53,136
37,84,14,62,197
79,112,136,80,407
16,21,86,15,138
111,138,126,22,397
45,3,63,77,188
106,118,26,142,392
9,133,1,85,228
63,82,106,147,398
39,59,94,42,234
91,72,138,126,427
120,113,45,82,360
79,87,128,97,391
5,57,85,103,250
136,9,144,131,420
112,33,115,55,315
35,65,119,119,338
9,87,71,60,227
78,131,139,144,492
133,65,9,127,334
16,118,149,147,430
30,61,41,12,144
48,66,136,26,276
38,134,143,104,419
5,78,116,148,347
81,54,124,47,306
71,74,60,5,210
92,124,73,91,380
42,42,65,105,254
22,122,97,64,305
102,115,65,81,363
61,92,121,15,289
59,49,4,86,198
123,37,114,66,340
113,130,12,36,291
131,105,31,131,398
75,106,94,81,356
62,52,102,57,273
52,63,10,113,238
28,34,1,1,64
34,55,25,54,168
142,60,81,145,428
100,58,128,122,408
112,119,56,87,374
56,117,78,59,310
31,66,149,74,320
39,8,132,127,306
141,21,61,141,364
136,138,142,38,454
46,6,4,95,151
33,103,128,102,366
6,74,19,100,199
116,67,1,108,292
110,29,44,124,307
145,38,55,142,380
145,71,118,111,445
66,31,125,19,241
19,110,1,139,269
118,19,55,70,262
22,96,134,40,292
120,149,78,66,413
39,135,25,51,250
97,136,46,123,402
119,140,53,130,442
121,142,134,43,440
141,48,11,53,253
50,150,133,144,477
82,117,145,94,438
94,120,141,146,501
125,80,65,87,357
6,105,19,115,245
47,87,134,66,334
102,35,147,142,426
67,128,93,39,327
60,62,93,56,271
98,55,146,38,337
130,70,54,54,308
18,52,128,5,203
73,58,126,114,371
3,34,31,120,188
142,148,9,19,318
96,61,32,36,225
137,63,66,130,396
2,4,65,22,93
91,31,147,64,333
2,100,137,115,354
30,127,11,9,177
49,23,98,62,232
63,31,50,82,226
21,18,34,117,190
87,72,113,7,279
51,74,138,45,308
44,124,125,136,429
21,34,29,43,127
57,55,127,36,275
110,88,103,145,446
86,10,71,88,255
60,13,80,11,164
60,104,111,49,324
26,113,126,119,384
44,139,114,20,317
42,13,57,80,192
33,125,50,127,335
18,140,114,58,330
119,131,142,122,514
145,44,42,138,369
9,75,26,80,190
113,132,90,19,354
130,38,42,92,302
14,54,9,135,212
81,86,19,82,268
74,67,136,103,380
144,92,55,36,327
112,73,80,15,280
17,27,65,128,237
54,51,88,26,219
92,109,4,94,299
128,136,4,61,329
70,121,130,15,336
131,96,147,80,454
103,19,68,129,319
104,63,67,42,276
128,83,115,99,425
70,55,21,24,170
35,110,96,90,331
142,94,89,61,386
134,107,46,80,367
129,113,145,62,449
131,118,79,24,352
112,134,64,53,363
34,137,52,69,292
133,18,146,118,415
121,1,35,26,183
5,2,55,7,69
17,120,122,83,342
119,136,129,120,504
138,50,21,15,224
64,15,117,74,270
38,125,68,10,241
126,89,1,56,272
59,53,65,82,259
65,77,132,55,329
45,83,65,2,195
102,99,5,144,350
84,62,2,13,161
66,136,118,139,459
12,150,120,57,339
21,110,1,93,225
68,129,14,35,246
149,108,114,9,380
56,118,35,34,243
129,142,138,128,537
13,51,133,142,339
67,89,100,58,314
37,134,101,23,295
135,112,7,118,372
131,45,60,64,300
146,139,139,60,484
139,124,35,113,411
72,131,39,38,280
74,116,59,74,323
55,74,47,19,195
124,114,25,99,362
72,80,1,88,241
29,52,42,49,172
2,3,61,103,169
150,140,47,31,368
134,21,91,115,361
129,109,83,18,339
22,130,3,61,216
135,55,12,49,251
119,45,136,67,367
139,94,67,35,335
104,129,60,106,399
18,146,75,11,250
5,107,52,122,286
73,51,18,150,292
50,22,36,8,116
53,58,72,38,221
75,66,71,99,311
114,67,75,76,332
77,63,3,116,259
139,145,137,2,423
91,47,124,49,311
114,113,6,105,338
112,22,111,5,250
148,22,18,27,215
130,8,75,94,307
14,11,70,77,172
113,133,118,5,369
81,142,22,100,345
17,114,107,82,320
32,2,78,8,120
16,126,44,82,268
122,48,98,39,307
42,46,23,108,219
25,112,27,95,259
129,104,109,95,437
132,142,98,115,487
105,3,47,12,167
73,65,6,68,212
61,83,58,125,327
144,67,128,122,461
120,118,29,18,285
150,135,71,33,389
122,5,40,75,242
84,118,43,120,365
131,89,46,82,348
54,146,37,5,242
80,91,43,17,231
60,51,101,79,291
8,95,109,100,312
115,4,77,21,217
10,129,115,134,388
68,32,118,135,353
112,95,94,31,332
66,92,73,55,286
60,136,93,117,406
37,59,97,117,310
23,121,105,137,386
55,146,78,114,393
27,103,108,13,251
56,138,12,131,337
47,145,82,105,379
135,37,141,142,455
79,76,41,41,237
26,2,146,120,294
137,124,95,60,416
90,42,101,40,273
102,9,129,76,316
49,109,102,88,348
19,86,21,66,192
71,7,58,6,142
6,41,144,147,338
53,29,125,134,341
35,133,112,135,415
149,61,11,74,295
11,26,127,28,192
43,89,55,139,326
126,32,41,3,202
103,46,32,130,311
102,112,62,136,412
124,73,120,137,454
36,21,149,105,311
45,46,102,65,258
14,142,130,125,411
137,126,106,105,474
109,42,129,39,319
12,95,137,28,272
24,88,136,112,360
6,105,34,80,225
125,90,44,105,364
28,50,145,11,234
141,17,143,74,375
16,149,6,98,269
5,21,124,141,291
82,71,81,99,333
118,133,16,138,405
4,134,127,25,290
84,41,37,17,179
37,29,147,50,263
62,39,121,131,353
149,132,89,109,479
124,25,27,9,185
62,15,50,121,248
44,99,48,82,273
118,22,146,146,432
104,76,42,130,352
65,103,114,143,425
43,132,140,129,444
39,59,19,53,170
83,25,93,104,305
83,64,90,72,309
109,63,55,7,234
94,115,23,111,343
15,130,32,18,195
44,118,133,83,378
108,36,98,47,289
12,70,3,124,209
37,18,49,140,244
74,14,21,63,172
43,123,35,50,251
127,65,83,109,384
41,54,43,77,215
114,75,93,125,407
36,33,96,135,300
114,51,77,122,364
73,40,70,54,237
150,49,2,36,237
78,105,28,115,326
23,102,116,135,376
71,46,104,60,281
137,111,80,149,477
90,8,105,52,255
130,50,128,53,361
150,54,63,41,308
4,5,124,85,218
37,28,55,109,229
75,16,11,25,127
31,140,74,42,287
131,68,67,70,336
123,126,117,93,459
96,22,130,109,357
79,139,146,86,450
74,54,5,33,166
45,15,24,89,173
19,102,33,85,239
109,81,8,108,306
8,60,70,39,177
53,12,78,32,175
111,41,119,20,291
33,55,21,46,155
125,7,80,113,325
57,55,117,116,345
120,1,56,69,246
39,128,130,4,301
44,92,16,61,213
12,101,47,49,209
100,144,39,91,374
37,89,136,68,330
32,129,59,120,340
70,19,94,117,300
112,94,22,5,233
80,143,50,73,346
77,61,17,7,162
8,90,22,58,178
102,32,95,55,284
1,135,23,105,264
59,66,94,133,352
110,101,125,8,344
135,34,107,73,349
21,24,25,67,137
145,71,33,114,363
129,17,106,102,354
106,108,15,59,288
37,67,36,85,225
70,97,103,22,292
143,54,109,58,364
43,57,65,150,315
44,92,52,67,255
149,87,30,67,333
25,27,124,38,214
111,117,93,7,328
146,79,113,7,345
16,113,121,34,284
106,138,17,71,332
31,146,30,22,229
114,80,94,132,420
94,113,76,86,369
104,101,33,22,260
143,87,100,95,425
43,83,135,130,391
4,81,68,57,210
78,145,115,74,412
20,122,6,91,239
127,103,150,35,415
79,119,63,95,356
37,66,60,64,227
84,111,112,108,415
109,116,29,2,256
29,63,66,121,279
51,50,104,29,234
23,119,141,116,399
132,71,13,150,366
148,122,120,147,537
7,54,101,18,180
85,82,46,92,305
22,111,103,122,358
110,31,34,106,281
82,55,80,60,277
138,147,60,102,447
86,148,19,102,355
83,144,16,51,294
137,6,3,101,247
55,3,55,28,141
23,5,130,6,164
78,9,56,23,166
42,76,8,121,247
89,40,63,84,276
149,30,148,98,425
40,135,12,15,202
78,6,70,17,171
142,56,80,49,327
79,22,120,114,335
100,18,70,16,204
65,10,86,43,204
45,104,87,104,340
29,107,5,34,175
3,84,50,37,174
125,41,42,105,313
146,123,7,1,277
125,68,45,64,302
95,133,100,27,355
4,130,42,30,206
97,79,119,2,297
106,24,96,97,323
65,92,48,47,252
21,90,15,41,167
112,6,125,129,372
117,62,32,73,284
129,73,116,95,413
9,117,140,19,285
138,53,106,103,400
26,106,106,129,367
7,60,125,68,260
145,82,3,145,375
39,122,141,110,412
89,135,121,79,424
20,132,112,25,289
58,146,126,26,356
137,146,149,42,474
128,41,42,130,341
76,70,51,102,299
21,94,141,29,285
34,115,11,29,189
145,89,150,77,461
54,70,40,98,262
138,103,137,119,497
140,34,7,81,262
44,115,4,111,274
54,57,148,117,376
19,139,14,106,278
49,134,32,137,352
2,25,37,17,81
84,29,16,134,263
28,39,113,121,301
118,91,119,5,333
39,79,69,102,289
122,40,58,54,274
32,146,77,117,372
8,41,70,41,160
34,76,149,75,334
65,119,13,99,296
31,66,8,17,122
114,147,63,66,390
109,141,144,140,534
103,117,101,66,387
57,144,80,92,373
27,124,6,106,263
104,69,15,3,191
89,66,2,99,256
128,77,122,19,346
147,54,121,6,328
150,9,23,56,238
86,66,18,35,205
128,125,8,150,411
66,24,8,115,213
53,50,29,46,178
46,109,10,82,247
110,86,54,59,309
113,145,103,146,507
117,73,18,15,223
16,73,118,65,272
47,74,127,104,352
73,118,39,142,372
49,29,80,30,188
105,142,41,19,307
75,58,60,4,197
147,98,63,89,397
65,58,15,150,288
118,77,107,70,372
59,73,50,53,235
19,36,149,134,338
131,18,72,22,243
92,92,126,126,436
46,65,122,10,243
92,85,67,117,361
5,75,20,89,189
41,43,116,59,259
6,101,95,27,229
90,95,52,1,238
55,143,65,23,286
128,103,6,84,321
140,84,88,26,338
81,28,88,77,274
27,121,39,150,337
34,66,146,7,253
47,1,114,18,180
69,29,105,147,350
60,114,16,119,309
17,48,98,129,292
30,21,117,58,226
81,61,17,117,276
129,138,116,44,427
13,18,83,146,260
130,41,27,127,325
113,119,117,111,460
8,10,119,83,220
49,13,10,106,178
33,76,86,128,323
63,58,19,70,210
32,63,81,139,315
97,90,127,142,456
92,43,125,101,361
35,95,135,132,397
112,1,44,145,302
4,74,117,120,315
9,145,39,59,252
142,93,80,85,400
37,96,1,60,194
148,149,24,53,374
76,58,19,61,214
113,110,150,87,460
134,63,135,137,469
101,3,76,95,275
26,95,99,120,340
95,141,32,28,296
131,99,122,122,474
6,40,139,11,196
40,133,67,122,362
49,26,113,31,219
78,6,139,108,331
24,95,37,149,305
126,149,77,75,427
76,119,8,50,253
35,51,60,92,238
131,19,70,115,335
86,99,24,76,285
72,146,21,113,352
22,97,117,79,315
18,60,136,9,223
5,2,2,14,23
24,91,134,143,392
99,47,60,24,230
69,112,70,111,362
63,64,37,147,311
103,51,71,128,353
128,92,9,130,359
99,128,13,78,318
123,135,45,71,374
139,18,129,48,334
29,71,60,116,276
12,125,60,115,312
21,87,121,20,249
86,87,32,112,317
125,64,88,77,354
141,66,138,70,415
115,66,97,32,310
14,17,121,29,181
55,121,90,50,316
24,50,10,68,152
140,150,24,98,412
125,129,102,89,445
135,123,95,69,422
115,30,135,3,283
39,75,46,74,234
34,51,4,95,184
119,2,70,107,298
104,133,55,131,423
29,104,66,122,321
19,124,25,66,234
54,146,90,17,307
105,41,66,38,250
21,85,140,13,259
7,127,64,89,287
103,7,79,52,241
64,116,132,142,454
55,123,134,136,448
35,22,62,129,248
148,84,92,46,370
1,32,105,20,158
45,19,83,145,292
37,46,13,150,246
35,89,130,112,366
123,39,149,113,424
22,129,143,53,347
108,116,48,99,371
11,56,96,54,217
116,13,119,11,259
142,115,31,127,415
63,48,100,74,285
67,74,124,18,283
54,148,65,49,316
34,128,57,85,304
30,72,18,97,217
62,56,138,48,304
59,125,73,147,404
12,46,150,65,273
44,48,95,115,302
52,34,63,9,158
112,82,25,31,250
38,25,34,123,220
126,58,135,44,363
145,19,107,124,395
69,8,110,53,240
98,25,130,74,327
100,85,46,23,254
143,76,87,115,421
1,87,48,119,255
34,15,49,136,234
65,97,78,25,265
3,44,149,39,235
92,61,43,142,338
144,133,127,110,514
93,57,124,105,379
90,5,13,95,203
54,11,13,61,139
36,104,94,125,359
67,1,19,117,204
133,25,21,80,259
75,94,49,139,357
117,40,140,108,405
126,44,132,89,391
72,3,13,73,161
82,95,136,140,453
90,126,1,22,239
70,45,15,45,175
111,94,28,27,260
62,24,148,135,369
79,76,113,58,326
22,50,114,101,287
29,47,97,61,234
140,84,127,8,359
119,58,90,82,349
84,10,111,25,230
148,115,29,22,314
56,66,49,91,262
58,146,8,137,349
49,102,10,16,177
83,85,7,128,303
116,96,48,60,320
94,132,81,47,354
142,137,116,124,519
107,65,83,51,306
131,110,96,40,377
14,74,53,147,288
57,40,143,73,313
41,68,39,86,234
30,43,135,51,259
51,127,134,146,458
15,77,18,119,229
95,53,65,113,326
115,76,90,67,348
21,54,22,104,201
96,27,25,114,262
13,5,92,30,140
91,112,9,6,218
126,99,46,119,390
54,78,129,75,336
103,81,26,113,323
54,127,38,57,276
74,75,33,84,266
72,1,125,97,295
40,24,99,66,229
8,130,128,59,325
29,97,141,86,353
138,52,137,13,340
97,45,55,107,304
93,47,56,82,278
121,148,94,26,389
147,83,78,84,392
141,70,147,51,409
24,124,117,39,304
103,38,16,25,182
145,54,88,17,304
4,85,94,53,236
76,103,117,46,342
32,121,122,64,339
33,79,101,66,279
3,130,18,40,191
131,38,9,42,220
123,109,142,150,524
90,7,89,33,219
79,113,88,34,314
123,99,148,144,514
122,95,89,85,391
3,114,103,39,259
20,71,43,68,202
28,27,147,92,294
141,67,19,67,294
76,16,73,25,190
130,79,14,38,261
47,48,143,90,328
144,99,90,98,431
98,144,124,41,407
134,30,28,79,271
119,149,7,28,303
122,88,68,109,387
52,3,122,51,228
36,99,103,43,281
59,106,66,125,356
67,140,112,83,402
73,35,19,94,221
103,120,119,4,346
80,124,110,8,322
93,69,11,106,279
122,127,9,90,348
46,120,12,95,273
26,86,88,31,231
93,75,126,131,425
25,91,6,77,199
110,23,51,63,247
139,118,64,80,401
10,40,29,114,193
56,41,99,40,236
128,28,80,122,358
17,108,38,26,189
126,93,79,66,364
62,9,14,68,153
74,37,135,109,355
95,56,31,146,328
133,13,88,101,335
33,123,148,55,359
130,23,28,68,249
109,2,132,37,280
75,116,63,90,344
50,51,19,48,168
119,84,54,107,364
45,25,86,147,303
2,87,52,71,212
87,75,43,44,249
25,33,65,29,152
82,105,34,96,317
89,22,92,147,350
125,40,22,29,216
95,42,28,103,268
3,44,33,149,229
31,8,134,141,314
147,53,60,70,330
78,132,14,40,264
55,103,32,42,232
139,107,132,14,392
123,20,137,70,350
45,94,22,120,281
121,59,125,93,398
65,46,100,9,220
94,85,134,97,410
103,95,21,31,250
142,110,5,53,310
1,94,92,9,196
73,90,78,111,352
54,40,91,100,285
63,28,25,148,264
22,137,31,139,329
75,90,141,69,375
116,15,71,106,308
9,74,85,7,175
141,64,135,119,459
54,58,55,107,274
14,142,35,47,238
139,32,30,36,237
103,54,123,146,426
5,12,35,146,198
90,98,147,55,390
57,88,22,119,286
47,33,109,97,286
47,7,8,146,208
99,115,91,75,380
90,16,73,98,277
63,66,52,44,225
102,26,8,139,275
17,43,143,34,237
101,140,109,19,369
89,121,138,74,422
139,145,91,36,411
88,33,94,122,337
94,105,78,15,292
85,134,143,101,463
120,38,125,29,312
131,149,118,87,485
74,12,43,10,139
134,144,87,85,450
2,88,79,48,217
113,11,91,71,286
11,115,63,122,311
124,124,132,90,470
117,89,62,65,333
126,2,41,69,238
139,37,139,125,440
83,73,100,100,356
40,30,134,102,306
36,4,17,25,82
34,126,23,28,211
125,66,131,127,449
104,20,55,62,241
90,103,80,106,379
19,58,122,21,220
101,68,55,42,266
84,78,84,57,303
41,60,114,16,231
3,100,33,94,230
29,93,15,70,207
81,33,46,39,199
118,31,12,41,202
88,114,36,75,313
9,35,147,33,224
120,1,13,82,216
67,131,54,6,258
11,69,55,114,249
112,26,146,80,364
113,9,93,84,299
136,142,118,65,461
116,27,16,45,204
73,110,68,129,380
132,10,117,14,273
50,145,122,8,325
43,128,104,140,415
143,68,31,19,261
20,14,50,70,154
67,11,136,50,264
4,15,121,68,208
123,57,66,10,256
78,132,44,4,258
83,126,88,108,405
45,91,111,125,372
147,118,44,41,350
115,11,11,57,194
1,1,102,68,172
2,94,64,96,256
30,138,19,27,214
89,17,145,70,321
109,135,119,70,433
102,30,52,52,236
38,125,84,25,272
11,121,55,13,200
34,14,80,25,153
33,94,49,142,318
46,98,143,132,419
82,47,107,93,329
98,55,123,138,414
103,92,52,55,302
73,141,108,96,418
80,56,105,98,339
53,58,62,141,314
63,74,65,115,317
99,44,43,74,260
91,78,136,9,314
105,4,11,9,129
123,72,107,6,308
127,61,149,105,442
97,68,62,113,340
114,5,121,78,318
64,147,84,83,378
79,10,4,13,106
19,69,3,60,151
6,142,82,75,305
13,64,112,34,223
147,56,65,41,309
79,141,81,5,306
24,147,118,33,322
86,131,108,150,475
142,4,117,37,300
105,87,112,72,376
123,44,53,113,333
88,39,145,78,350
99,74,137,108,418
143,40,38,8,229
132,141,35,16,324
57,77,46,15,195
4,117,19,26,166
34,18,150,145,347
3,51,76,47,177
42,110,13,19,184
146,42,91,35,314
60,28,2,80,170
108,83,92,45,328
58,106,10,97,271
27,141,103,118,389
118,83,112,102,415
148,69,124,119,460
145,115,56,69,385
11,123,69,18,221
141,63,105,62,371
129,64,69,13,275
42,131,141,45,359
148,46,4,113,311
78,134,14,97,323
58,2,135,102,297
98,32,81,4,215
41,94,118,135,388
25,109,72,17,223
77,2,34,36,149
107,93,64,44,308
63,102,137,34,336
38,77,50,131,296
99,137,70,145,451
128,76,100,129,433
137,111,39,119,406
22,125,128,78,353
34,105,98,95,332
98,64,15,133,310
59,29,141,59,288
61,91,126,110,388
114,99,35,108,356
51,135,93,68,347
30,31,120,27,208
70,17,141,116,344
123,65,53,65,306
106,128,10,53,297
46,113,44,30,233
133,120,149,89,491
59,24,37,96,216
134,77,55,5,271
132,48,57,103,340
80,43,21,150,294
15,125,58,108,306
75,33,123,97,328
120,117,124,90,451
5,131,2,56,194
143,90,140,132,505
136,107,150,107,500
60,60,45,128,293
100,43,83,27,253
31,147,114,36,328
127,91,145,138,501
21,122,63,123,329
132,121,98,137,488
88,34,99,18,239
139,96,113,138,486
148,2,57,7,214
55,59,4,60,178
7,2,139,47,195
123,14,48,57,242
133,43,73,16,265
109,146,42,132,429
126,37,7,67,237
11,126,145,64,346
88,41,113,123,365
133,117,85,21,356
126,14,18,145,303
103,65,61,73,302
135,121,32,12,300
61,48,106,142,357
13,62,66,77,218
98,113,69,130,410
40,7,75,103,225
72,68,99,66,305
16,73,138,32,259
77,19,132,98,326
15,91,133,47,286
64,117,137,144,462
1,54,10,20,85
133,40,82,59,314
146,147,45,58,396
147,83,7,65,302
91,40,109,60,300
147,18,66,85,316
127,4,20,61,212
130,125,127,76,458
13,131,43,57,244
55,137,111,61,364
49,5,109,72,235
29,52,110,22,213
50,97,135,2,284
136,140,116,97,489
128,102,33,101,364
11,2,34,108,155
123,133,74,110,440
130,96,115,110,451
130,146,113,75,464
6,134,123,71,334
146,41,144,101,432
125,39,126,62,352
39,13,122,139,313
120,69,44,116,349
2,30,40,149,221
96,52,54,54,256
106,32,45,18,201
9,82,115,79,285
58,19,110,53,240
51,86,28,45,210
40,74,146,84,344
139,93,139,80,451
43,83,77,66,269
39,57,113,10,219
34,89,25,21,169
94,111,27,19,251
63,22,34,61,180
119,109,127,20,375
10,118,150,6,284
145,28,122,46,341
81,64,50,131,326
16,109,133,109,367
102,74,70,99,345
3,18,34,2,57
102,26,94,127,349
125,104,94,146,469
119,146,109,4,378
138,1,18,39,196
19,98,50,52,219
107,32,101,86,326
42,37,137,45,261
137,93,78,84,392
96,12,80,61,249
28,9,19,14,70
18,59,118,64,259
93,131,6,116,346
145,75,110,49,379
53,136,53,103,345
143,85,97,149,474
43,66,137,82,328
65,128,106,6,305
93,136,119,94,442
96,20,87,122,325
107,43,58,115,323
2,96,135,138,371
147,47,66,28,288
81,64,131,121,397
51,148,88,51,338
101,60,141,116,418
22,56,83,19,180
75,86,41,85,287
32,73,16,94,215
52,62,23,124,261
68,35,136,95,334
117,103,1,143,364
45,123,38,53,259
104,36,47,2,189
144,130,77,19,370
52,75,2,8,137
116,64,108,115,403
120,44,49,67,280
83,112,73,17,285
71,90,112,74,347
98,27,43,117,285
75,82,119,114,390
121,90,113,89,413
21,28,22,137,208
70,109,96,113,388
16,36,20,42,114
34,124,24,55,237
85,49,86,95,315
44,55,23,70,192
30,107,30,65,232
50,142,67,30,289
72,103,84,147,406
52,66,100,72,290
96,59,131,10,296
110,40,139,150,439
140,70,54,57,321
63,118,145,50,376
11,84,63,28,186
128,147,61,46,382
123,66,96,86,371
57,128,95,27,307
42,113,84,79,318
45,88,129,4,266
123,58,88,146,415
74,85,94,27,280
111,71,70,117,369
125,41,83,63,312
28,23,63,133,247
22,43,143,100,308
133,6,45,117,301
29,15,18,38,100
99,24,146,11,280
100,103,138,66,407
117,18,128,73,336
12,47,81,95,235
35,74,143,68,320
29,73,9,54,165
117,103,32,45,297
44,18,49,47,158
55,137,8,62,262
9,140,10,63,222
99,7,101,2,209
112,15,25,53,205
90,89,71,38,288
147,109,142,51,449
33,123,11,15,182
70,131,122,65,388
65,69,59,1,194
116,145,22,22,305
67,59,124,111,361
72,33,19,122,246
79,87,109,75,350
109,147,82,35,373
74,94,129,100,397
38,102,143,16,299
39,66,51,124,280
52,14,62,106,234
81,20,1,63,165
134,45,124,23,326
112,118,133,95,458
105,4,132,48,289
139,103,108,75,425
11,148,123,52,334
127,27,125,85,364
86,109,109,102,406
86,89,138,125,438
118,91,82,94,385
99,122,47,41,309
22,75,150,148,395
113,13,141,57,324
32,115,131,115,393
115,75,115,56,361
42,52,33,87,214
24,78,19,142,263
34,119,102,61,316
94,64,136,43,337
134,48,55,22,259
108,47,50,128,333
17,44,117,72,250
83,123,15,65,286
14,115,38,4,171
112,143,93,115,463
125,102,9,82,318
35,3,83,25,146
87,95,41,6,229
10,66,44,37,157
58,10,141,120,329
12,149,2,109,272
17,148,87,100,352
51,107,63,72,293
8,135,72,22,237
74,38,136,43,291
12,123,64,80,279
124,108,54,100,386
65,49,20,138,272
73,10,96,14,193
49,131,16,104,300
125,93,33,98,349
22,107,107,41,277
75,125,142,148,490
28,34,131,141,334
39,52,24,30,145
81,80,113,93,367
126,74,93,48,341
83,125,87,80,375
97,90,105,145,437
35,70,20,87,212
113,96,24,106,339
150,83,146,78,457
138,142,141,106,527
9,53,84,22,168
139,117,49,42,347
134,61,137,93,425
131,73,11,134,349
51,64,63,27,205
46,80,42,11,179
38,138,30,30,236
80,23,25,131,259
6,56,3,84,149
64,142,103,47,356
85,81,65,31,262
128,62,67,148,405
85,54,63,94,296
139,97,57,73,366
88,100,127,137,452
14,26,138,24,202
32,99,125,89,345
45,63,24,111,243
74,102,36,78,290
101,72,106,91,370
72,115,139,130,456
80,33,63,10,186
117,11,121,83,332
66,105,73,13,257
54,33,132,1,220
33,15,93,3,144
36,114,25,45,220
119,134,36,107,396
127,19,49,75,270
34,135,84,8,261
129,27,26,77,259
48,112,48,34,242
140,40,99,87,366
138,69,141,133,481
144,25,119,7,295
108,121,137,78,444
2,46,145,110,303
112,64,36,24,236
103,82,23,52,260
124,83,73,146,426
94,10,109,68,281
101,114,118,147,480
73,143,143,46,405
119,95,72,35,321
78,75,141,122,416
120,146,36,24,326
90,62,27,118,297
99,93,81,141,414
67,22,124,53,266
75,91,130,3,299
94,34,23,68,219
32,79,108,51,270
123,85,7,55,270
12,66,20,97,195
132,49,78,54,313
7,112,74,40,233
51,50,91,80,272
66,78,48,10,202
29,117,89,80,315
73,66,108,100,347
130,107,89,65,391
54,14,69,33,170
48,126,135,21,330
134,49,134,146,463
105,47,111,95,358
124,125,115,71,435
118,3,131,75,327
142,99,139,149,529
113,121,44,61,339
39,48,122,104,313
69,131,16,76,292
89,45,44,95,273
140,5,58,53,256
91,35,94,11,231
101,69,51,134,355
25,66,47,89,227
21,120,100,36,277
68,17,133,3,221
8,129,88,26,251
122,113,130,69,434
140,70,64,17,291
135,66,123,134,458
107,138,20,4,269
147,144,3,116,410
94,114,82,69,359
83,112,145,87,427
56,87,91,111,345
122,113,49,118,402
80,150,21,91,342
112,80,11,39,242
117,131,86,89,423
80,32,77,125,314
140,82,137,55,414
83,98,136,63,380
21,145,53,124,343
122,111,43,36,312
30,134,100,148,412
46,1,12,35,94
149,11,51,25,236
7,19,90,94,210
99,124,132,16,371
9,94,4,59,166
112,12,23,145,292
150,4,23,90,267
40,82,55,150,327
149,39,70,24,282
143,98,136,88,465
149,59,130,19,357
139,25,15,42,221
39,112,92,30,273
49,31,93,142,315
92,134,59,91,376
101,35,98,30,264
146,136,47,115,444
66,32,57,2,157
47,126,106,68,347
102,63,56,37,258
128,116,122,11,377
124,131,117,12,384
49,92,114,50,305
65,37,12,132,246
17,70,58,15,160
68,103,119,121,411
119,6,7,130,262
136,144,38,144,462
147,21,137,106,411
9,12,68,106,195
67,37,125,8,237
78,85,130,4,297
58,91,22,90,261
117,87,36,42,282
101,149,139,46,435
148,146,50,73,417
45,78,45,32,200
6,51,12,124,193
49,27,61,63,200
48,40,94,148,330
60,143,21,80,304
55,9,140,44,248
12,32,111,52,207
47,41,119,11,218
59,92,104,49,304
75,23,57,25,180
10,145,103,32,290
44,141,15,105,305
1,96,39,11,147
76,133,100,60,369
117,33,90,92,332
92,89,35,119,335
84,138,41,28,291
114,129,58,58,359
15,35,146,40,236
40,142,26,92,300
87,108,118,57,370
92,22,77,117,308
140,136,128,122,526
6,61,111,143,321
138,27,144,28,337
99,60,95,135,389
80,96,140,120,436
142,137,8,74,361
53,51,28,150,282
45,147,84,14,290
79,112,144,65,400
25,46,17,150,238
79,123,124,90,416
100,33,49,149,331
52,126,16,24,218
7,81,72,2,162
47,49,17,28,141
98,66,22,75,261
78,32,126,30,266
70,124,79,49,322
16,147,71,86,320
55,63,26,23,167
11,122,61,130,324
68,140,146,105,459
81,101,128,63,373
123,110,76,50,359
41,116,82,95,334
44,54,39,12,149
60,143,145,140,488
26,148,143,61,378
66,103,145,149,463
95,122,126,2,345
93,2,10,55,160
122,72,81,149,424
23,134,76,148,381
35,9,53,22,119
27,117,114,76,334
145,85,83,141,454
44,73,62,59,238
16,47,71,21,155
145,39,148,62,394
81,33,12,91,217
21,103,122,76,322
90,47,84,122,343
71,141,37,50,299
73,32,78,99,282
113,36,5,75,229
65,2,145,71,283
5,148,115,43,311
19,127,40,121,307
83,145,26,47,301
34,103,3,87,227
2,117,18,9,146
62,36,31,13,142
126,38,68,74,306
15,125,122,138,400
97,136,14,75,322
4,71,25,55,155
136,14,129,147,426
52,105,33,87,277
107,77,149,60,393
108,99,74,40,321
101,75,107,12,295
87,19,132,51,289
34,148,48,125,355
87,1,110,67,265
64,60,103,94,321
95,143,16,144,398
52,41,124,86,303
3,61,48,82,194
128,83,150,116,477
146,106,16,142,410
109,49,146,149,453
117,22,48,26,213
26,82,150,92,350
3,89,100,80,272
10,37,94,81,222
137,91,124,27,379
54,89,111,141,395
113,52,41,38,244
107,62,118,70,357
22,107,41,67,237
145,7,133,68,353
14,147,147,53,361
15,105,143,85,348
15,59,141,78,293
53,16,32,47,148
85,129,100,114,428
98,17,8,49,172
59,7,67,146,279
4,137,139,81,361
51,16,9,146,222
53,45,27,115,240
43,48,82,43,216
69,57,112,132,370
37,128,107,75,347
12,29,116,106,263
19,83,140,137,379
98,88,128,79,393
19,6,149,90,264
56,51,65,133,305
82,105,80,57,324
83,67,88,109,347
12,5,53,122,192
47,47,105,128,327
37,86,9,127,259
138,117,7,131,393
112,1,1,19,133
141,65,63,7,276
107,65,26,69,267
98,44,111,3,256
72,144,39,16,271
88,28,59,97,272
92,101,30,140,363
39,71,95,55,260
4,8,14,107,133
97,57,68,1,223
113,28,70,148,359
69,40,108,131,348
142,115,133,24,414
113,61,42,1,217
23,6,68,66,163
88,142,16,118,364
3,97,76,150,326
50,123,67,83,323
13,102,87,84,286
118,142,113,19,392
118,109,84,51,362
132,36,125,43,336
60,8,48,131,247
7,26,144,75,252
124,143,86,124,477
23,17,81,48,169
23,42,43,116,224
100,52,13,70,235
101,123,149,82,455
10,35,54,136,235
14,63,29,88,194
19,19,83,96,217
106,57,129,74,366
142,28,99,19,288
112,73,142,50,377
36,102,82,46,266
70,10,37,53,170
45,35,120,85,285
17,31,117,61,226
81,97,86,20,284
23,67,16,71,177
101,58,149,90,398
18,115,62,50,245
127,87,50,102,366
31,65,122,109,327
8,70,65,78,221
140,7,38,103,288
82,131,91,131,435
101,97,149,66,413
72,65,95,7,239
79,105,143,134,461
22,50,98,40,210
99,41,26,114,280
102,6,6,11,125
74,150,82,87,393
16,65,14,74,169
18,50,28,3,99
42,145,16,105,308
107,31,5,42,185
72,6,136,130,344
137,87,115,102,441
78,124,54,70,326
110,49,103,47,309
86,20,35,128,269
135,70,55,120,380
55,69,5,84,213
5,102,57,46,210
131,129,78,40,378
3,98,110,100,311
77,97,36,13,223
16,51,132,96,295
130,96,86,129,441
9,129,109,44,291
34,50,61,57,202
10,59,13,69,151
11,140,35,136,322
64,95,121,74,354
147,39,89,60,335
120,106,133,3,362
144,67,16,69,296
40,131,66,86,323
111,22,36,139,308
93,21,49,111,274
11,116,78,92,297
66,34,142,120,362
123,148,92,102,465
64,13,17,78,172
101,123,137,53,414
146,84,49,59,338
122,9,53,91,275
72,83,3,74,232
95,139,133,104,471
57,9,127,91,284
73,131,145,50,399
122,72,41,60,295
2,129,36,51,218
126,38,149,131,444
128,16,140,6,290
39,81,20,19,159
145,127,81,124,477
75,15,29,127,246
54,149,147,53,403
112,117,86,74,389
47,143,48,65,303
146,39,79,13,277
138,119,7,12,276
44,84,131,95,354
35,133,135,7,310
122,147,95,15,379
128,75,24,32,259
19,103,86,59,267
55,35,101,66,257
18,59,126,5,208
133,62,75,34,304
99,14,67,144,324
54,42,15,129,240
102,88,73,87,350
51,111,105,91,358
100,27,112,82,321
26,119,86,95,326
138,10,8,96,252
102,12,29,101,244
35,23,27,23,108
72,3,71,130,276
40,47,143,42,272
145,6,11,45,207
41,82,8,40,171
142,33,25,98,298
60,141,82,52,335
74,145,80,120,419
52,16,26,131,225
106,82,114,66,368
115,85,105,117,422
6,95,123,15,239
73,75,115,86,349
122,132,82,31,367
54,138,20,120,332
82,29,58,52,221
28,96,33,79,236
39,7,4,37,87
128,119,103,114,464
130,5,92,31,258
84,1,92,26,203
115,49,119,147,430
13,38,41,90,182
100,47,78,136,361
122,31,112,85,350
71,107,128,38,344
104,86,136,120,446
3,68,108,102,281
103,138,83,105,429
44,92,131,129,396
127,119,44,129,419
127,10,110,17,264
100,113,127,35,375
120,67,143,94,424
5,36,89,91,221
135,80,138,74,427
126,11,41,99,277
19,83,82,44,228
77,68,79,87,311
98,146,145,137,526
46,68,87,87,288
86,136,76,83,381
22,29,25,89,165
92,101,70,64,327
50,14,94,65,223
83,70,72,100,325
9,25,137,28,199
31,53,103,105,292
25,69,128,104,326
1,109,55,103,268
102,82,129,63,376
136,113,100,44,393
21,70,41,76,208
144,116,95,77,432
38,58,13,21,130
30,33,94,124,281
109,137,28,43,317
80,150,120,87,437
49,95,40,8,192
94,88,52,38,272
25,90,118,81,314
78,49,145,140,412
124,106,100,136,466
77,133,63,85,358
64,5,26,138,233
10,100,71,136,317
81,150,74,104,409
68,4,61,149,282
121,66,61,63,311
125,146,9,12,292
77,93,125,55,350
64,33,97,123,317
61,30,33,30,154
138,54,113,57,362
75,9,51,59,194
109,82,75,29,295
36,141,95,141,413
73,7,89,46,215
22,43,17,74,156
103,134,15,10,262
60,144,54,147,405
147,22,14,35,218
103,86,143,116,448
46,106,58,12,222
5,21,24,15,65
61,60,56,126,303
86,2,11,28,127
65,135,115,84,399
26,118,61,10,215
48,66,135,93,342
40,135,136,147,458
40,129,55,24,248
137,53,50,123,363
40,61,49,65,215
108,45,117,15,285
15,43,33,80,171
106,61,48,83,298
148,140,67,79,434
31,13,65,94,203
24,79,9,80,192
92,132,121,62,407
2,107,141,79,329
5,45,1,105,156
77,99,101,141,418
69,108,121,76,374
93,7,76,102,278
71,43,46,5,165
95,34,96,142,367
145,12,83,63,303
104,74,8,74,260
112,73,119,79,383
81,134,47,70,332
123,43,132,78,376
36,90,142,17,285
39,148,42,109,338
75,122,148,21,366
139,27,128,69,363
97,28,102,24,251
117,12,54,137,320
114,75,59,12,260
144,74,98,109,425
108,146,60,79,393
64,21,98,143,326
106,69,37,110,322
20,20,94,27,161
72,7,132,39,250
48,96,97,47,288
134,53,103,56,346
124,13,48,48,233
119,66,45,133,363
45,134,55,19,253
92,100,127,56,375
87,147,128,41,403
140,17,14,9,180
142,46,104,120,412
120,92,47,88,347
7,119,34,27,187
114,143,119,23,399
121,145,126,50,442
14,80,108,118,320
124,128,70,115,437
66,23,118,88,295
23,63,58,145,289
4,31,33,90,158
106,6,21,102,235
12,102,87,91,292
49,15,29,41,134
114,71,85,98,368
78,17,25,93,213
10,57,94,12,173
121,48,35,100,304
81,20,36,51,188
128,96,16,4,244
85,57,22,67,231
64,79,5,143,291
111,110,37,48,306
125,88,46,72,331
88,44,132,114,378
103,45,125,100,373
4,99,7,136,246
91,95,112,73,371
89,16,1,18,124
149,49,74,30,302
41,132,36,101,310
31,11,124,96,262
98,120,8,7,233
39,67,10,69,185
37,107,40,123,307
122,145,66,115,448
104,49,105,64,322
116,51,128,2,297
106,116,11,46,279
63,101,140,10,314
51,64,11,68,194
91,93,73,66,323
4,45,50,128,227
119,145,7,30,301
125,91,90,80,386
83,86,145,75,389
117,104,44,142,407
25,38,129,4,196
69,103,128,86,386
115,70,94,94,373
55,63,145,20,283
86,11,104,25,226
120,91,35,72,318
141,35,73,18,267
68,119,146,109,442
17,21,59,99,196
113,148,134,65,460
110,84,119,41,354
121,132,42,126,421
9,103,55,145,312
32,12,63,148,255
61,42,61,58,222
42,90,110,135,377
19,114,40,54,227
73,104,1,88,266
39,86,99,34,258
6,23,127,122,278
5,19,122,115,261
13,126,20,150,309
128,78,132,125,463
52,77,44,113,286
18,78,133,129,358
24,12,67,79,182
21,10,18,95,144
88,124,14,94,320
139,8,109,6,262
101,123,56,104,384
34,124,122,40,320
17,72,98,143,330
81,21,145,115,362
60,14,97,82,253
23,129,16,35,203
93,56,9,17,175
73,22,116,73,284
141,147,68,74,430
79,12,67,120,278
18,18,149,138,323
32,15,118,102,267
18,15,9,43,85
79,100,125,120,424
139,14,96,140,389
63,150,136,141,490
132,56,111,89,388
1,130,94,72,297
35,123,102,130,390
12,124,36,116,288
53,76,137,46,312
136,99,107,65,407
119,80,124,86,409
136,100,4,113,353
140,116,48,135,439
6,70,87,149,312
64,58,41,74,237
98,115,114,55,382
11,112,39,68,230
4,111,89,91,295
73,80,107,1,261
52,68,31,102,253
71,45,13,12,141
141,135,115,8,399
24,116,47,37,224
133,98,75,28,334
124,112,136,21,393
141,1,17,92,251
124,146,73,126,469
8,74,55,5,142
16,21,38,77,152
120,148,89,149,506
126,109,93,142,470
54,9,40,90,193
119,52,129,51,351
44,126,43,121,334
72,32,139,101,344
25,72,73,36,206
75,45,60,1,181
49,148,94,107,398
68,53,93,114,328
55,40,120,2,217
77,55,86,101,319
95,141,96,16,348
7,21,52,27,107
86,89,46,109,330
115,90,59,101,365
106,10,85,74,275
119,11,140,137,407
62,111,47,127,347
88,55,149,109,401
109,3,91,109,312
148,103,109,138,498
122,78,128,50,378
133,119,14,13,279
146,109,74,43,372
137,103,46,50,336
34,105,117,94,350
10,31,135,95,271
94,139,89,110,432
112,38,103,112,365
149,66,67,37,319
82,40,76,133,331
134,147,15,147,443
137,49,61,43,290
52,39,99,97,287
132,31,140,77,380
33,83,121,80,317
72,132,83,99,386
4,78,120,14,216
141,56,30,57,284
47,31,35,30,143
69,143,105,78,395
50,97,34,83,264
136,111,117,10,374
10,131,33,22,196
87,44,124,89,344
7,35,132,95,269
20,124,89,7,240
134,120,77,101,432
123,149,116,52,440
14,94,32,70,210
149,88,39,127,403
6,23,148,56,233
81,133,53,76,343
100,70,146,25,341
99,59,121,87,366
64,88,149,27,328
7,103,104,77,291
60,85,112,38,295
135,56,52,144,387
91,69,149,106,415
150,16,77,13,256
109,35,58,135,337
65,134,101,150,450
53,32,46,125,256
19,53,9,38,119
86,96,82,139,403
106,98,85,41,330
137,102,121,74,434
149,94,12,9,264
139,143,119,97,498
87,22,78,136,323
103,85,14,70,272
78,106,107,62,353
70,84,54,60,268
83,148,75,101,407
138,131,96,41,406
32,29,96,143,300
18,141,101,25,285
88,62,87,132,369
46,87,27,52,212
76,149,1,109,335
89,101,44,142,376
92,31,36,135,294
6,46,5,27,84
135,48,144,113,440
75,78,37,18,208
148,133,12,71,364
11,19,134,63,227
98,52,104,55,309
94,4,76,31,205
81,90,19,15,205
83,9,141,72,305
34,26,24,108,192
99,46,33,120,298
12,132,30,92,266
96,113,3,50,262
143,42,2,22,209
36,108,91,134,369
116,114,128,39,397
114,53,52,37,256
142,104,83,49,378
131,73,123,11,338
81,2,120,70,273
139,8,17,56,220
29,11,46,64,150
120,65,92,32,309
77,137,108,52,374
18,115,12,46,191
145,41,46,28,260
2,84,84,145,315
113,44,73,106,336
74,88,94,54,310
16,102,122,13,253
128,44,134,18,324
95,57,62,119,333
39,121,143,18,321
76,8,98,90,272
35,8,48,108,199
144,81,50,76,351
98,44,121,104,367
10,146,60,34,250
73,82,80,15,250
108,135,146,65,454
119,143,143,139,544
114,127,9,75,325
11,144,1,138,294
98,114,138,116,466
55,3,147,2,207
42,97,57,56,252
77,68,49,102,296
95,5,145,22,267
25,110,111,72,318
65,128,139,101,433
64,10,60,95,229
131,114,111,109,465
83,137,100,52,372
3,6,114,113,236
59,36,1,133,229
87,127,58,67,339
138,21,17,45,221
92,71,133,28,324
49,27,27,69,172
53,46,96,149,344
50,25,19,20,114
75,13,68,67,223
76,89,97,131,393
94,50,139,108,391
49,51,94,94,288
42,128,123,52,345
90,54,62,50,256
24,37,125,4,190
27,64,139,90,320
25,136,62,129,352
65,118,48,83,314
98,132,44,133,407
119,106,54,122,401
84,29,101,68,282
70,106,95,108,379
80,10,52,78,220
150,20,118,19,307
146,27,88,95,356
118,24,137,101,380
108,52,89,147,396
88,9,121,120,338
141,48,90,112,391
32,93,49,17,191
52,40,58,14,164
25,25,109,121,280
17,143,126,63,349
119,3,140,32,294
23,86,62,82,253
20,11,123,3,157
131,46,150,49,376
108,62,64,70,304
150,127,1,136,414
3,10,74,34,121
23,6,56,145,230
54,100,17,134,305
19,49,136,25,229
19,56,63,13,151
142,35,35,42,254
63,140,118,51,372
67,80,57,74,278
99,113,91,2,305
22,51,92,122,287
130,60,146,78,414
128,22,10,97,257
3,85,124,39,251
84,94,19,21,218
8,119,73,104,304
50,57,119,148,374
100,150,49,64,363
114,32,89,3,238
142,39,3,118,302
96,45,41,44,226
132,122,48,41,343
59,9,55,38,161
11,144,77,97,329
144,33,109,116,402
131,61,39,103,334
125,124,113,25,387
106,144,5,109,364
146,26,122,104,398
47,28,57,131,263
7,76,143,118,344
1,122,68,50,241
149,125,112,32,418
21,38,84,142,285
75,124,45,144,388
124,111,50,122,407
140,65,32,2,239
11,110,13,119,253
114,145,137,68,464
132,5,110,130,377
42,24,20,147,233
93,93,83,52,321
102,133,102,27,364
118,140,43,118,419
60,112,33,113,318
51,95,141,97,384
12,16,113,42,183
5,60,142,84,291
70,42,69,55,236
73,92,107,75,347
21,117,139,117,394
150,124,129,70,473
66,21,58,69,214
75,5,30,48,158
59,144,93,48,344
20,37,55,80,192
24,41,92,125,282
67,4,85,13,169
39,87,138,16,280
99,68,58,71,296
49,109,142,148,448
58,123,18,17,216
71,116,83,7,277
84,53,131,22,290
60,52,134,50,296
68,41,132,53,294
12,16,72,35,135
19,84,16,40,159
119,4,18,82,223
120,138,99,20,377
86,80,91,126,383
38,46,102,18,204
138,2,62,122,324
17,125,64,43,249
88,82,26,113,309
31,25,66,56,178
135,147,130,76,488
94,125,84,145,448
148,128,48,10,334
34,67,11,102,214
130,123,63,5,321
46,56,58,134,294
49,33,99,91,272
115,77,133,45,370
57,30,10,27,124
113,118,21,112,364
118,83,76,76,353
127,133,111,54,425
90,102,111,135,438
103,92,2,3,200
39,131,36,111,317
80,104,25,118,327
121,44,1,66,232
121,51,126,127,425
119,64,31,108,322
84,53,140,91,368
4,47,65,106,222
55,85,15,127,282
19,119,10,130,278
128,64,19,21,232
118,137,115,34,404
100,56,54,59,269
23,39,30,147,239
4,35,45,150,234
1,93,53,19,166
51,127,7,113,298
72,55,21,144,292
145,138,79,43,405
140,78,7,48,273
25,58,60,95,238
4,129,111,109,353
143,92,57,110,402
50,139,57,142,388
149,133,123,55,460
66,63,83,86,298
74,33,14,23,144
129,121,94,109,453
135,56,72,82,345
22,6,127,78,233
140,136,24,121,421
39,9,64,144,256
137,20,126,2,285
18,86,13,123,240
121,79,4,6,210
27,50,25,118,220
90,21,131,102,344
149,142,89,149,529
100,69,116,133,418
139,91,127,65,422
124,118,104,9,355
103,80,3,24,210
35,34,136,66,271
44,111,147,107,409
109,42,119,56,326
140,26,114,7,287
78,22,23,144,267
112,123,69,118,422
49,89,139,140,417
47,111,75,6,239
127,72,129,17,345
144,111,8,31,294
15,113,119,14,261
146,1,24,150,321
79,59,54,133,325
56,104,71,59,290
82,76,66,64,288
48,98,48,70,264
79,45,71,113,308
137,91,21,46,295
120,143,134,98,495
129,113,141,65,448
120,48,45,150,363
140,54,38,49,281
107,66,98,74,345
91,56,83,20,250
92,41,21,109,263
42,1,121,100,264
33,118,120,53,324
125,100,126,73,424
3,74,71,112,260
95,17,135,143,390
88,53,20,28,189
71,150,111,1,333
96,18,114,72,300
113,82,20,97,312
37,13,53,27,130
116,3,146,68,333
8,29,101,53,191
109,118,3,102,332
12,22,105,11,150
43,19,108,97,267
145,142,134,136,557
74,65,98,31,268
91,101,56,99,347
92,82,120,59,353
138,111,150,127,526
88,120,37,101,346
23,130,72,37,262
106,134,26,35,301
123,3,119,150,395
121,106,43,78,348
12,2,89,1,104
15,67,2,19,103
39,88,88,95,310
75,118,34,51,278
40,122,67,120,349
48,116,102,79,345
110,126,108,22,366
73,100,52,30,255
36,23,88,3,150
42,149,130,114,435
52,65,28,146,291
124,88,105,109,426
93,24,88,35,240
142,79,48,132,401
95,91,76,70,332
47,121,89,145,402
76,112,80,14,282
2,112,69,59,242
23,82,74,93,272
133,54,130,144,461
53,5,129,81,268
150,12,87,25,274
30,142,108,40,320
46,40,115,89,290
64,135,97,35,331
101,105,147,77,430
85,11,98,42,236
82,3,8,54,147
67,61,52,75,255
117,64,114,111,406
57,42,136,54,289
58,53,41,84,236
85,121,83,73,362
28,19,96,122,265
19,109,149,140,417
131,96,81,140,448
141,52,108,10,311
5,124,72,53,254
131,122,28,56,337
16,87,78,71,252
112,28,7,34,181
30,44,60,133,267
107,96,109,125,437
107,87,73,114,381
119,54,27,67,267
150,68,24,21,263
33,138,78,59,308
111,134,135,70,450
84,149,101,2,336
44,116,145,132,437
143,139,44,92,418
118,105,75,104,402
123,145,94,23,385
120,32,89,22,263
112,92,15,65,284
113,101,129,114,457
111,99,129,66,405
21,58,110,87,276
81,30,126,98,335
18,125,34,44,221
24,7,118,2,151
139,87,101,144,471
116,71,140,65,392
102,26,50,95,273
148,143,102,4,397
42,127,69,20,258
46,48,38,53,185
119,99,73,57,348
110,95,24,74,303
12,117,125,5,259
9,27,43,18,97
78,24,13,63,178
24,38,144,36,242
79,98,98,67,342
100,13,12,126,251
110,96,10,9,225
71,150,115,24,360
78,7,112,135,332
120,113,11,138,382
139,26,127,8,300
4,62,81,129,276
101,122,150,102,475
121,12,36,149,318
132,138,98,15,383
50,59,79,41,229
29,22,90,104,245
13,56,73,138,280
82,61,78,28,249
24,90,119,49,282
62,92,13,35,202
101,28,102,33,264
10,88,113,24,235
86,133,92,74,385
4,108,42,27,181
48,96,98,127,369
114,59,83,69,325
21,101,112,71,305
150,80,22,62,314
82,146,42,71,341
41,109,65,63,278
20,66,87,106,279
74,5,31,75,185
115,86,3,146,350
30,67,115,76,288
125,133,75,41,374
41,94,36,27,198
46,92,100,107,345
120,48,81,146,395
2,11,57,131,201
80,23,13,41,157
35,140,5,21,201
69,118,144,95,426
45,21,110,67,243
109,146,23,9,287
6,84,148,74,312
24,55,119,3,201
115,55,124,78,372
88,50,54,50,242
32,79,85,12,208
101,53,18,72,244
150,8,131,99,388
24,150,143,79,396
84,104,72,14,274
112,106,33,141,392
97,20,132,65,314
118,83,4,48,253
134,132,112,12,390
101,78,132,115,426
83,50,111,118,362
66,101,43,65,275
1,38,96,80,215
28,44,74,69,215
92,67,23,10,192
74,90,141,46,351
2,90,58,119,269
59,23,84,148,314
35,59,88,8,190
145,100,98,75,418
64,5,89,130,288
14,89,110,23,236
127,132,103,105,467
131,26,75,130,362
46,87,10,7,150
120,116,73,39,348
10,106,30,122,268
70,26,111,98,305
45,10,78,91,224
120,130,1,96,347
42,52,106,47,247
112,50,89,88,339
115,118,142,128,503
106,49,39,101,295
77,44,43,63,227
114,89,16,110,329
102,26,9,150,287
149,119,40,88,396
1,39,95,93,228
116,119,123,19,377
124,150,41,138,453
97,118,122,112,449
86,38,101,144,369
92,36,60,125,313
53,120,20,94,287
27,31,46,37,141
127,65,2,65,259
39,141,124,47,351
67,32,1,11,111
142,87,112,134,475
39,118,81,28,266
69,47,139,4,259
87,140,90,142,459
39,40,96,26,201
84,64,124,97,369
125,17,113,47,302
117,81,71,137,406
77,135,131,142,485
28,1,62,85,176
105,53,20,143,321
53,35,19,135,242
13,80,134,5,232
18,24,144,139,325
115,103,145,30,393
38,58,67,101,264
109,106,150,23,388
141,103,48,88,380
56,16,50,147,269
126,79,118,138,461
35,80,135,43,293
33,137,35,37,242
110,56,115,146,427
3,15,144,95,257
120,97,72,24,313
74,112,98,58,342
85,23,106,130,344
58,10,62,108,238
48,148,81,50,327
41,80,21,133,275
121,44,125,145,435
78,14,103,6,201
24,66,107,91,288
118,79,65,58,320
115,84,17,105,321
126,42,84,93,345
102,95,53,4,254
150,78,133,147,508
130,115,50,39,334
32,138,86,123,379
76,67,35,115,293
121,29,73,133,356
113,12,65,142,332
138,126,93,59,416
112,148,88,107,455
44,132,58,135,369
37,52,64,47,200
17,91,134,106,348
109,104,1,148,362
140,42,92,50,324
127,79,87,10,303
12,23,91,52,178
54,133,75,49,311
82,116,31,134,363
130,124,113,115,482
31,84,81,98,294
112,123,4,11,250
50,124,57,147,378
142,10,77,59,288
35,135,145,81,396
20,104,102,109,335
84,51,69,80,284
85,43,20,114,262
61,48,39,79,227
105,136,60,115,416
112,126,135,118,491
121,103,114,105,443
53,113,63,15,244
83,120,142,139,484
27,120,134,128,409
45,33,64,136,278
36,53,132,145,366
27,85,27,124,263
131,131,52,60,374
99,99,57,57,312
74,40,98,149,361
137,26,122,131,416
99,68,111,62,340
90,84,109,87,370
46,65,137,39,287
89,14,142,114,359
31,25,79,146,281
116,90,1,77,284
18,85,83,22,208
64,91,121,125,401
119,18,89,60,286
90,89,111,83,373
9,129,44,42,224
144,3,12,115,274
36,94,17,129,276
93,65,35,83,276
132,66,101,86,385
142,16,42,70,270
150,102,141,84,477
88,120,25,77,310
106,91,17,43,257
72,72,138,57,339
35,49,26,136,246
121,86,134,89,430
2,26,58,71,157
56,136,150,42,384
79,110,3,131,323
69,106,34,30,239
65,80,115,106,366
79,143,13,88,323
96,129,147,7,379
12,32,7,99,150
144,143,35,27,349
132,140,144,15,431
24,8,77,5,114
10,31,35,34,110
121,18,117,123,379
102,106,49,121,378
44,21,13,125,203
139,40,80,113,372
38,37,11,49,135
15,45,136,8,204
68,117,125,150,460
114,128,125,47,414
61,121,81,74,337
142,90,56,121,409
55,55,144,66,320
149,104,15,2,270
21,21,20,116,178
20,6,67,9,102
11,138,100,89,338
65,127,50,122,364
14,110,10,145,279
64,107,141,47,359
32,43,18,6,99
133,61,95,136,425
39,15,99,7,160
41,11,49,150,251
59,63,138,112,372
38,145,120,141,444
46,116,125,17,304
55,41,99,139,334
5,34,34,29,102
3,9,11,73,96
120,24,40,83,267
124,75,91,49,339
74,33,72,7,186
82,37,69,127,315
146,44,56,53,299
145,98,2,71,316
86,100,117,21,324
104,70,133,10,317
37,55,68,41,201
68,39,115,3,225
120,103,72,1,296
63,120,146,110,439
5,138,124,109,376
97,74,86,135,392
59,10,66,76,211
85,107,43,145,380
3,8,66,15,92
149,21,29,112,311
78,75,66,133,352
147,111,58,106,422
32,26,31,115,204
54,124,111,34,323
108,17,61,39,225
133,31,28,143,335
1,15,37,21,74
123,1,13,134,271
119,77,65,43,304
46,136,54,144,380
139,80,124,96,439
30,142,74,33,279
22,2,50,38,112
37,73,32,50,192
114,94,50,57,315
144,66,37,42,289
18,77,149,13,257
74,144,52,86,356
130,80,2,101,313
106,82,7,85,280
19,94,112,140,365
52,86,111,36,285
67,16,27,110,220
40,86,119,98,343
133,80,131,5,349
18,124,28,135,305
13,62,45,26,146
64,142,11,148,365
42,32,58,12,144
111,59,71,89,330
88,150,38,105,381
127,70,144,22,363
135,77,78,58,348
112,30,120,144,406
17,41,128,67,253
59,147,56,36,298
102,9,29,5,145
43,30,83,118,274
32,25,51,122,230
109,10,103,103,325
106,80,87,112,385
116,126,143,76,461
57,136,100,14,307
71,143,37,41,292
39,1,34,92,166
9,91,104,32,236
67,150,108,23,348
9,23,86,96,214
99,91,35,18,243
7,80,45,119,251
33,89,76,129,327
77,106,45,22,250
117,143,44,127,431
104,124,129,6,363
11,78,144,72,305
12,108,8,112,240
43,139,31,120,333
68,137,16,108,329
44,57,14,128,243
42,7,145,8,202
4,148,96,67,315
25,4,56,124,209
82,61,124,133,400
55,46,75,73,249
29,138,24,95,286
54,51,16,48,169
32,148,89,122,391
95,3,137,58,293
66,5,141,62,274
80,8,150,30,268
1,41,82,66,190
128,106,18,6,258
149,111,35,127,422
101,130,131,61,423
69,145,38,58,310
114,99,67,53,333
93,51,144,120,408
35,108,141,117,401
102,27,43,59,231
28,20,52,125,225
84,129,61,25,299
122,94,80,128,424
83,104,66,12,265
66,92,45,5,208
89,131,29,61,310
78,70,107,141,396
29,138,17,101,285
130,150,66,123,469
53,2,129,43,227
78,30,46,39,193
40,108,125,98,371
57,129,40,95,321
8,29,34,28,99
21,3,63,36,123
135,130,142,101,508
39,89,90,130,348
60,51,115,27,253
27,79,138,111,355
74,149,62,123,408
108,142,16,72,338
135,60,121,4,320
93,98,84,65,340
121,22,97,78,318
84,31,15,2,132
114,114,57,31,316
47,114,59,133,353
138,68,132,72,410
39,29,149,72,289
21,150,36,147,354
63,21,78,77,239
128,73,65,129,395
70,39,4,28,141
82,4,27,80,193
113,63,34,64,274
59,37,60,85,241
69,108,118,78,373
60,36,84,20,200
39,75,113,18,245
137,75,36,42,290
34,10,50,96,190
101,10,146,79,336
117,133,72,129,451
146,64,53,49,312
58,137,56,53,304
65,66,78,14,223
52,95,125,68,340
4,122,90,68,284
42,51,42,31,166
40,72,122,77,311
53,30,138,103,324
123,52,148,89,412
78,80,93,98,349
6,81,72,83,242
150,21,128,22,321
114,46,33,26,219
142,27,35,53,257
72,12,140,64,288
133,127,45,128,433
124,4,61,130,319
79,44,111,92,326
113,133,58,66,370
93,39,57,148,337
17,79,121,80,297
33,22,36,50,141
118,64,21,15,218
34,132,125,123,414
50,147,47,49,293
79,35,54,45,213
115,67,41,110,333
141,136,19,124,420
58,27,81,146,312
150,137,97,118,502
7,111,137,136,391
52,20,41,62,175
117,50,71,146,384
150,43,119,24,336
146,37,109,124,416
38,145,145,23,351
36,32,80,145,293
67,147,23,22,259
10,64,25,124,223
19,117,73,140,349
83,86,55,125,349
20,27,51,87,185
63,27,8,32,130
109,51,60,128,348
116,11,75,140,342
84,112,78,27,301
114,149,41,5,309
25,83,31,120,259
61,21,25,116,223
76,60,74,7,217
125,28,63,94,310
81,136,144,52,413
92,61,63,51,267
73,115,110,113,411
26,133,139,132,430
123,103,142,118,486
27,4,55,111,197
76,26,132,53,287
96,76,75,6,253
150,25,76,98,349
86,79,7,24,196
56,108,145,115,424
46,22,52,148,268
79,16,54,30,179
144,54,47,40,285
139,32,120,39,330
76,102,15,20,213
84,14,146,20,264
107,94,83,81,365
137,15,34,77,263
62,1,104,67,234
135,111,121,55,422
110,77,109,114,410
87,72,145,150,454
118,96,37,103,354
17,4,20,46,87
6,56,87,78,227
4,83,78,37,202
118,66,117,125,426
98,34,14,61,207
24,62,96,126,308
44,126,44,111,325
8,128,12,147,295
40,127,51,4,222
101,25,36,110,272
28,57,33,127,245
15,128,42,79,264
62,61,141,143,407
47,132,19,83,281
125,103,65,149,442
21,38,120,4,183
19,133,127,57,336
15,54,135,22,226
114,19,87,71,291
124,140,57,99,420
131,115,94,142,482
93,140,63,80,376
26,94,9,114,243
30,80,105,69,284
102,8,103,7,220
48,92,32,82,254
147,45,12,12,216
44,52,16,142,254
50,3,78,69,200
33,46,90,129,298
37,49,108,61,255
29,99,69,102,299
85,98,112,123,418
12,56,33,2,103
116,64,81,138,399
9,26,3,13,51
111,70,95,53,329
24,114,124,7,269
143,114,134,48,439
120,68,46,77,311
80,98,7,92,277
11,72,18,99,200
17,20,1,142,180
148,21,94,149,412
29,82,79,33,223
12,25,108,134,279
47,15,27,101,190
8,40,117,133,298
97,23,65,63,248
49,69,109,45,272
127,47,14,73,261
121,77,126,94,418
27,126,111,47,311
73,1,119,12,205
110,6,37,61,214
7,60,58,31,156
28,111,71,135,345
67,97,121,93,378
43,24,125,18,210
148,112,56,70,386
6,84,149,86,325
14,25,142,86,267
97,56,149,40,342
101,95,56,31,283
35,101,76,92,304
56,65,115,113,349
117,130,54,139,440
8,42,125,59,234
127,55,33,37,252
43,5,37,136,221
139,51,47,25,262
85,71,131,59,346
150,101,126,16,393
22,44,79,114,259
78,121,89,38,326
100,81,59,76,316
70,102,109,4,285
58,82,106,40,286
22,135,99,14,270
110,97,117,73,397
116,17,56,2,191
132,28,64,79,303
4,147,79,88,318
30,128,87,66,311
100,59,142,129,430
44,95,74,6,219
76,35,112,42,265
91,34,146,25,296
33,136,5,103,277
135,79,35,130,379
31,102,3,145,281
83,15,85,102,285
145,146,66,12,369
150,75,116,62,403
104,28,84,100,316
149,46,48,109,352
70,134,32,96,332
63,109,104,150,426
17,15,85,112,229
98,80,92,4,274
46,10,88,141,285
82,35,116,11,244
105,88,131,130,454
76,87,42,76,281
51,77,35,91,254
139,60,60,113,372
98,67,25,85,275
66,47,67,99,279
78,139,34,87,338
110,39,19,24,192
139,70,123,119,451
52,78,149,138,417
94,65,34,58,251
125,35,88,74,322
143,11,119,111,384
40,115,122,106,383
112,109,138,62,421
29,20,10,54,113
140,64,143,113,460
114,58,48,144,364
74,63,110,120,367
47,32,85,68,232
36,99,53,104,292
109,123,125,146,503
47,93,145,73,358
86,80,90,81,337
17,8,86,65,176
12,121,90,26,249
68,120,79,109,376
93,120,149,52,414
72,76,117,12,277
37,24,60,56,177
118,123,90,31,362
79,85,79,5,248
110,30,81,124,345
20,36,15,80,151
81,7,147,149,384
18,44,98,150,310
118,53,38,54,263
74,27,36,108,245
63,1,45,18,127
100,116,14,77,307
148,42,92,75,357
130,21,54,11,216
2,85,142,146,375
24,86,86,19,215
85,116,120,61,382
123,92,72,14,301
122,71,143,119,455
6,15,109,8,138
99,6,73,138,316
102,19,115,144,380
88,22,103,53,266
17,3,39,38,97
142,60,14,127,343
17,125,73,61,276
24,51,47,8,130
44,72,105,108,329
85,21,138,36,280
91,26,14,64,195
91,139,101,27,358
63,37,129,138,367
118,77,102,22,319
122,87,42,34,285
95,120,93,71,379
76,40,12,105,233
3,50,51,120,224
59,138,139,129,465
54,143,81,122,400
79,63,27,22,191
74,24,141,138,377
6,131,118,14,269
122,47,8,115,292
107,122,32,104,365
68,39,85,32,224
141,133,33,127,434
76,89,143,123,431
27,58,91,48,224
118,30,25,43,216
104,3,84,50,241
74,112,52,124,362
27,139,34,18,218
48,60,49,138,295
98,142,23,73,336
17,108,28,91,244
113,99,79,17,308
106,128,31,121,386
52,107,5,118,282
13,92,35,10,150
56,146,25,53,280
138,119,96,10,363
97,62,72,70,301
148,137,126,63,474
142,65,29,82,318
112,2,45,31,190
66,114,18,39,237
50,77,33,49,209
134,37,31,48,250
80,91,149,117,437
129,7,87,8,231
44,9,85,7,145
129,73,79,149,430
101,122,135,90,448
20,80,29,9,138
119,16,136,11,282
33,1,98,77,209
135,15,9,121,280
31,67,125,2,225
6,40,110,68,224
86,109,137,24,356
76,129,9,37,251
149,146,119,50,464
44,71,68,15,198
115,28,77,114,334
130,75,118,44,367
145,74,131,108,458
69,74,52,57,252
82,20,34,106,242
48,104,24,3,179
95,17,90,139,341
101,59,84,106,350
63,16,126,149,354
112,111,120,17,360
41,80,121,34,276
100,54,123,130,407
136,88,78,27,329
40,65,123,92,320
104,130,109,27,370
70,126,76,99,371
135,89,94,78,396
134,144,111,35,424
53,101,99,59,312
22,91,113,137,363
55,146,106,129,436
71,82,68,100,321
103,59,24,133,319
44,51,31,28,154
65,75,6,76,222
143,50,68,56,317
140,24,111,28,303
14,14,38,107,173
92,23,66,41,222
135,91,36,23,285
81,24,111,125,341
150,87,93,29,359
150,39,106,26,321
9,57,60,44,170
56,66,29,125,276
96,133,106,20,355
84,97,74,3,258
48,18,21,37,124
26,77,14,37,154
126,36,143,106,411
100,33,59,29,221
39,88,69,109,305
106,84,57,74,321
136,13,28,69,246
62,45,134,129,370
67,128,78,88,361
19,57,73,134,283
150,16,46,101,313
4,142,140,10,296
136,105,119,80,440
91,105,32,120,348
103,7,135,15,260
3,89,33,55,180
69,90,31,66,256
136,83,80,57,356
104,30,90,91,315
59,44,90,52,245
40,149,82,57,328
130,53,66,8,257
144,10,8,48,210
132,119,141,43,435
29,118,49,69,265
122,104,51,61,338
59,124,71,27,281
113,95,29,100,337
122,27,61,107,317
80,3,139,141,363
61,3,145,45,254
114,72,117,31,334
101,82,47,19,249
127,10,70,5,212
78,133,42,71,324
60,147,84,46,337
56,62,30,20,168
127,54,92,36,309
9,113,102,58,282
111,42,29,125,307
150,6,8,72,236
57,24,114,73,268
148,5,29,68,250
99,133,121,24,377
50,15,101,78,244
86,20,110,108,324
13,57,56,135,261
84,42,42,136,304
141,120,101,7,369
78,37,55,42,212
63,65,124,17,269
25,7,65,146,243
75,12,113,47,247
58,127,77,91,353
75,62,69,81,287
56,90,148,132,426
39,85,53,6,183
17,56,70,60,203
39,135,125,38,337
10,128,134,108,380
3,89,80,97,269
145,51,2,20,218
44,22,8,111,185
131,107,115,144,497
26,67,66,74,233
67,59,2,88,216
33,5,60,25,123
55,27,61,139,282
146,39,97,30,312
76,85,96,60,317
85,106,147,62,400
112,15,124,115,366
78,26,12,59,175
98,150,47,109,404
28,39,126,11,204
80,75,15,137,307
20,127,59,57,263
27,43,31,118,219
8,118,52,50,228
72,80,126,80,358
14,69,48,51,182
103,149,145,20,417
11,59,24,124,218
90,27,103,143,363
130,132,45,148,455
16,96,146,96,354
1,112,84,109,306
5,31,46,25,107
146,11,72,12,241
61,73,105,36,275
100,43,150,25,318
118,23,97,120,358
77,59,48,66,250
96,110,32,63,301
79,90,109,27,305
25,5,87,111,228
127,42,12,12,193
62,13,88,125,288
126,147,122,5,400
141,28,30,112,311
37,129,17,56,239
100,136,47,87,370
89,76,127,106,398
110,141,130,124,505
89,125,39,76,329
146,6,113,1,266
35,145,118,47,345
76,123,88,23,310
33,71,147,95,346
9,37,42,111,199
90,40,28,54,212
100,2,65,116,283
13,36,144,149,342
149,78,63,118,408
46,148,56,130,380
88,25,87,113,313
75,73,139,86,373
78,95,149,65,387
74,101,99,146,420
93,89,138,119,439
136,120,100,24,380
74,136,139,135,484
107,30,64,150,351
90,43,147,43,323
136,61,51,12,260
63,43,122,127,355
80,40,75,83,278
34,46,88,81,249
142,62,140,38,382
93,56,125,90,364
50,48,8,76,182
101,1,99,7,208
69,54,138,34,295
27,6,141,120,294
137,75,10,92,314
77,57,149,30,313
44,132,123,32,331
131,79,78,71,359
92,116,52,40,300
63,9,45,55,172
138,55,63,143,399
78,88,75,9,250
8,33,19,27,87
77,59,73,87,296
18,95,131,30,274
67,67,6,142,282
38,20,78,15,151
21,146,129,129,425
103,93,7,77,280
143,128,51,31,353
88,4,58,124,274
17,68,98,118,301
26,8,41,122,197
80,93,54,110,337
44,63,2,24,133
65,47,115,132,359
39,98,17,111,265
100,22,82,100,304
127,85,68,147,427
77,48,78,133,336
36,138,102,89,365
150,47,145,42,384
97,127,98,117,439
91,69,24,43,227
73,116,107,141,437
143,71,99,26,339
61,103,24,40,228
20,43,131,131,325
93,16,1,10,120
134,41,36,77,288
61,61,142,30,294
3,6,126,7,142
137,23,20,85,265
23,93,115,52,283
52,37,97,76,262
87,134,17,64,302
120,59,36,105,320
77,20,54,55,206
29,33,41,149,252
73,34,71,49,227
78,112,106,95,391
35,67,60,31,193
99,67,81,23,270
12,67,76,62,217
127,123,11,65,326
19,35,85,142,281
122,101,77,123,423
149,101,17,97,364
55,85,13,77,230
126,60,13,63,262
50,66,27,104,247
69,145,80,142,436
73,76,31,146,326
134,94,146,101,475
55,61,38,91,245
87,61,65,59,272
88,101,9,113,311
91,131,26,18,266
35,147,127,103,412
145,63,47,32,287
131,112,114,25,382
118,85,111,4,318
70,63,25,119,277
64,109,41,43,257
79,7,31,71,188
36,10,47,88,181
6,142,147,52,347
146,147,39,39,371
12,20,125,22,179
143,125,82,14,364
130,4,145,52,331
94,55,103,136,388
67,4,72,141,284
86,109,90,13,298
138,141,121,31,431
41,51,80,95,267
94,38,122,50,304
58,5,49,141,253
94,125,125,63,407
8,102,39,24,173
121,73,25,68,287
105,30,45,49,229
50,68,61,27,206
133,30,19,82,264
121,99,87,35,342
102,40,92,144,378
16,61,21,139,237
109,143,13,3,268
79,13,134,32,258
97,37,100,71,305
96,108,25,120,349
120,53,68,34,275
123,93,53,120,389
49,51,58,148,306
95,143,6,4,248
73,50,142,4,269
19,93,34,132,278
126,98,85,136,445
63,125,83,43,314
85,126,97,53,361
21,31,98,98,248
9,104,117,11,241
116,90,19,142,367
144,4,80,60,288
133,135,130,145,543
32,104,58,14,208
18,91,116,128,353
130,77,89,139,435
129,109,135,43,416
117,127,32,113,389
29,91,25,133,278
11,65,80,132,288
13,123,72,97,305
66,76,28,30,200
97,41,6,32,176
19,58,132,138,347
109,61,144,81,395
59,108,22,113,302
140,23,82,54,299
101,69,92,40,302
29,100,142,136,407
33,69,92,67,261
44,120,44,112,320
37,20,59,2,118
61,23,27,96,207
100,75,93,61,329
133,71,51,123,378
27,37,11,37,112
64,110,19,40,233
77,31,8,139,255
78,4,39,35,156
102,44,66,79,291
58,148,53,131,390
93,33,106,29,261
147,89,128,3,367
114,55,53,111,333
88,78,32,30,228
25,5,53,81,164
63,23,1,129,216
86,44,126,69,325
22,44,21,111,198
28,74,137,97,336
62,112,27,144,345
60,140,43,18,261
79,61,128,58,326
61,120,108,10,299
2,91,111,60,264
123,27,9,89,248
81,72,52,62,267
53,123,17,49,242
131,103,2,71,307
23,114,30,36,203
147,62,120,75,404
68,142,106,59,375
116,60,70,94,340
9,13,74,65,161
84,118,104,42,348
41,48,24,50,163
2,118,87,118,325
30,95,49,35,209
98,45,41,81,265
1,98,15,145,259
93,64,90,78,325
16,6,82,89,193
39,97,98,136,370
117,54,10,63,244
99,145,37,99,380
28,113,89,3,233
71,96,24,8,199
112,32,40,94,278
29,35,40,35,139
141,78,142,27,388
38,70,121,140,369
142,43,123,54,362
7,67,29,21,124
84,97,22,104,307
1,2,21,147,171
62,92,66,60,280
78,106,129,67,380
81,70,121,108,380
4,85,87,124,300
9,73,92,45,219
119,44,33,96,292
132,10,81,5,228
74,144,116,108,442
85,150,16,62,313
94,33,34,89,250
144,143,76,111,474
49,27,16,61,153
39,26,149,57,271
136,41,67,54,298
42,29,37,99,207
130,95,88,13,326
150,136,148,115,549
102,42,91,112,347
54,5,96,86,241
147,99,136,30,412
36,94,109,138,377
72,24,39,10,145
97,127,62,35,321
15,24,143,105,287
99,143,28,19,289
55,74,45,139,313
4,149,22,18,193
89,78,26,23,216
53,10,120,127,310
98,82,99,93,372
109,143,127,94,473
64,48,16,1,129
55,117,44,24,240
58,64,36,50,208
43,125,37,58,263
48,111,2,120,281
148,77,30,110,365
30,113,38,25,206
36,33,31,11,111
87,148,34,74,343
129,64,31,144,368
99,97,15,4,215
108,94,109,135,446
140,116,9,53,318
30,71,61,36,198
6,120,27,107,260
77,119,7,66,269
56,130,67,10,263
50,132,79,148,409
60,87,139,108,394
118,25,35,9,187
126,147,57,20,350
99,54,35,87,275
124,144,27,10,305
32,55,106,59,252
95,98,17,125,335
6,137,110,132,385
27,5,110,102,244
18,137,62,85,302
95,24,79,51,249
108,88,84,2,282
50,18,86,106,260
143,23,68,95,329
150,94,101,18,363
23,83,107,147,360
116,95,116,105,432
55,83,13,96,247
27,58,21,61,167
105,19,12,74,210
46,52,132,143,373
141,128,93,81,443
109,89,119,60,377
69,9,23,54,155
49,137,2,79,267
20,19,115,45,199
51,28,85,28,192
23,9,64,11,107
41,48,72,80,241
99,55,108,62,324
49,70,25,110,254
46,113,57,32,248
49,5,13,60,127
86,112,60,86,344
117,48,49,58,272
91,41,68,116,316
113,8,73,67,261
11,127,136,50,324
21,48,21,62,152
39,3,26,17,85
8,57,89,97,251
142,54,61,20,277
88,113,115,117,433
134,15,65,30,244
26,128,98,147,399
50,66,45,54,215
69,96,43,143,351
17,96,11,136,260
109,139,47,38,333
78,73,98,106,355
77,112,118,131,438
57,135,147,116,455
48,114,44,80,286
45,86,37,147,315
138,137,5,56,336
1,100,112,47,260
45,109,75,35,264
70,119,133,69,391
33,36,37,114,220
22,95,115,36,268
36,51,103,149,339
21,100,148,100,369
84,55,27,105,271
129,14,149,6,298
31,29,134,1,195
74,109,99,132,414
142,116,135,79,472
95,9,134,33,271
107,2,66,127,302
80,129,63,95,367
84,64,139,53,340
110,71,53,50,284
88,14,110,19,231
128,145,54,87,414
61,107,148,66,382
83,80,108,64,335
23,27,77,25,152
85,143,65,143,436
105,22,57,28,212
9,32,128,65,234
26,116,96,52,290
107,62,25,52,246
1,58,42,41,142
141,137,112,69,459
140,29,39,55,263
1,52,99,83,235
12,113,59,83,267
94,120,122,75,411
96,4,149,37,286
6,50,16,104,176
80,2,49,147,278
26,59,74,8,167
96,89,150,28,363
80,15,108,56,259
103,85,136,61,385
136,98,80,76,390
23,38,14,110,185
73,139,35,16,263
86,105,40,36,267
141,9,46,105,301
8,49,131,81,269
25,4,91,30,150
36,49,113,142,340
147,84,131,53,415
129,12,143,81,365
69,137,37,52,295
37,86,12,25,160
125,101,49,65,340
93,90,47,36,266
143,101,10,123,377
124,16,98,38,276
15,22,101,141,279
33,134,7,115,289
82,69,116,62,329
34,72,113,89,308
144,107,50,115,416
150,64,62,32,308
50,137,94,83,364
1,149,37,18,205
64,89,33,53,239
15,70,30,20,135
21,81,59,59,220
122,16,43,3,184
95,30,30,100,255
107,101,122,68,398
76,20,132,8,236
46,73,139,73,331
86,27,45,53,211
127,138,139,52,456
17,103,83,133,336
134,118,148,39,439
41,24,106,56,227
136,105,57,124,422
144,3,41,10,198
40,8,112,135,295
127,125,114,133,499
20,38,7,78,143
96,7,26,88,217
68,72,45,111,296
67,74,27,13,181
63,141,40,100,344
21,46,71,43,181
74,45,59,62,240
12,70,71,120,273
143,136,101,39,419
49,112,7,88,256
3,105,19,111,238
131,22,83,5,241
27,134,99,141,401
59,14,141,39,253
16,8,122,26,172
36,31,54,142,263
69,133,32,114,348
123,125,55,150,453
48,89,60,105,302
48,82,14,68,212
104,136,37,76,353
96,36,100,5,237
53,130,112,5,300
116,2,93,38,249
42,22,5,114,183
79,87,142,84,392
48,68,128,10,254
25,132,132,38,327
15,148,28,61,252
80,113,4,128,325
24,43,33,89,189
34,73,14,70,191
82,134,79,126,421
4,117,66,11,198
38,82,107,125,352
27,40,113,22,202
50,83,70,81,284
118,129,91,26,364
77,122,103,66,368
113,40,41,22,216
87,59,29,19,194
100,84,59,67,310
105,4,45,41,195
76,15,109,128,328
56,11,61,118,246
150,63,6,97,316
19,90,60,75,244
43,128,104,132,407
86,144,28,112,370
45,135,11,4,195
145,93,60,18,316
142,110,5,3,260
133,59,97,109,398
36,92,145,67,340
111,135,77,34,357
146,69,144,150,509
40,27,118,21,206
149,75,96,96,416
53,148,68,142,411
115,8,32,1,156
39,108,23,91,261
44,53,131,129,357
90,61,95,134,380
149,110,50,93,402
54,30,74,144,302
113,133,8,6,260
75,23,149,84,331
85,5,50,92,232
4,2,25,34,65
137,61,53,79,330
114,75,93,132,414
91,73,93,61,318
76,30,81,46,233
86,27,65,73,251
94,42,98,137,371
143,114,10,36,303
66,54,8,74,202
114,87,35,61,297
13,52,92,25,182
30,90,130,8,258
81,12,127,89,309
144,46,122,101,413
145,64,35,123,367
77,125,46,8,256
26,121,106,60,313
114,116,43,51,324
100,139,142,53,434
24,25,86,128,263
125,104,117,75,421
119,19,48,125,311
85,15,1,139,240
100,44,121,39,304
111,14,20,107,252
114,2,81,131,328
150,128,24,15,317
136,147,82,50,415
115,89,2,98,304
139,76,141,12,368
20,117,67,16,220
133,29,117,104,383
64,125,125,101,415
32,97,65,27,221
130,96,66,53,345
44,105,114,143,406
144,108,16,52,320
142,102,122,96,462
61,51,94,106,312
60,21,136,103,320
51,116,133,115,415
68,32,27,128,255
72,140,117,45,374
18,57,63,104,242
145,129,67,42,383
32,49,38,150,269
35,117,84,130,366
142,111,87,66,406
145,13,112,56,326
112,42,14,88,256
130,122,57,34,343
43,135,94,71,343
106,60,23,87,276
14,100,38,99,251
89,85,132,76,382
31,36,40,22,129
146,39,14,68,267
80,25,69,85,259
150,100,29,141,420
91,19,145,134,389
31,131,17,117,296
148,124,81,149,502
7,51,34,114,206
1,24,43,89,157
150,34,125,93,402
117,71,5,90,283
32,52,93,96,273
15,129,79,11,234
136,53,25,44,258
147,49,69,27,292
75,146,80,114,415
149,103,122,104,478
62,115,7,148,332
11,46,61,141,259
22,52,39,134,247
150,37,13,49,249
47,64,139,94,344
112,64,2,35,213
12,44,70,121,247
119,31,112,124,386
137,21,115,117,390
80,8,106,39,233
135,5,100,17,257
11,56,35,50,152
73,46,27,52,198
111,112,114,134,471
92,133,75,35,335
48,128,52,52,280
75,103,114,69,361
24,81,115,8,228
64,75,127,150,416
13,122,131,148,414
136,3,131,55,325
62,103,87,70,322
102,39,55,62,258
16,90,48,51,205
116,148,96,134,494
120,84,94,98,396
64,68,1,66,199
69,111,89,64,333
16,80,75,85,256
50,39,31,76,196
29,95,10,45,179
7,130,93,46,276
111,86,85,116,398
31,64,69,68,232
141,95,125,126,487
23,22,21,18,84
119,97,29,141,386
6,76,99,134,315
35,50,142,148,375
116,71,55,125,367
147,109,143,131,530
87,48,9,129,273
101,131,14,139,385
21,24,53,108,206
80,48,126,70,324
61,20,133,133,347
120,1,2,65,188
76,111,89,65,341
110,28,70,28,236
31,1,59,42,133
120,25,112,25,282
12,73,18,123,226
78,139,132,67,416
33,146,123,51,353
36,136,110,60,342
47,10,11,72,140
77,25,120,23,245
122,69,123,18,332
27,76,137,15,255
110,60,90,119,379
93,1,73,86,253
20,150,49,26,245
66,124,92,91,373
12,56,39,60,167
26,25,4,31,86
125,17,92,87,321
69,69,74,120,332
42,117,133,42,334
67,98,128,78,371
55,107,99,116,377
24,116,30,25,195
67,39,2,114,222
39,137,30,104,310
103,122,111,111,447
144,15,104,13,276
16,30,106,86,238
67,73,61,21,222
146,83,112,8,349
85,15,4,52,156
93,117,32,50,292
6,78,7,118,209
14,88,130,120,352
33,81,4,142,260
113,91,99,128,431
146,123,141,31,441
22,77,51,27,177
77,83,146,15,321
84,112,39,126,361
46,80,80,49,255
118,150,30,117,415
150,15,77,81,323
111,115,38,72,336
31,48,16,38,133
86,43,23,13,165
89,116,125,19,349
67,123,17,100,307
54,55,80,100,289
24,52,136,84,296
94,150,83,37,364
133,45,13,99,290
92,148,86,20,346
23,127,136,33,319
23,113,49,53,238
87,143,5,90,325
52,79,48,129,308
41,95,134,59,329
98,18,99,150,365
100,84,120,122,426
18,91,130,109,348
27,57,5,19,108
81,95,130,58,364
108,38,33,77,256
142,80,103,118,443
70,126,118,84,398
43,105,141,47,336
27,96,92,127,342
104,59,117,107,387
102,139,54,116,411
94,127,47,94,362
72,33,139,82,326
146,111,88,98,443
42,95,109,129,375
135,145,21,81,382
82,35,68,58,243
121,121,16,72,330
144,35,113,117,409
139,45,134,49,367
145,26,140,86,397
123,147,102,22,394
77,99,110,145,431
73,64,94,137,368
45,126,49,27,247
120,31,25,39,215
50,49,37,4,140
14,93,150,95,352
25,22,75,115,237
9,64,134,95,302
30,90,53,143,316
1,15,48,134,198
57,124,98,20,299
46,11,13,49,119
78,143,97,133,451
54,88,149,62,353
144,55,3,121,323
123,11,45,73,252
127,92,39,3,261
123,122,41,48,334
63,128,88,104,383
62,23,10,87,182
98,16,118,137,369
108,85,139,93,425
76,62,44,62,244
54,58,106,91,309
85,132,140,115,472
24,140,23,63,250
93,60,7,69,229
133,103,26,96,358
40,71,4,45,160
149,8,69,61,287
134,27,123,110,394
44,80,105,48,277
68,31,134,20,253
77,115,79,19,290
40,46,93,85,264
80,104,17,120,321
2,104,95,13,214
138,125,124,124,511
129,63,19,75,286
41,23,24,82,170
87,19,150,121,377
111,124,123,30,388
137,48,144,111,440
34,50,80,20,184
149,118,82,110,459
33,31,133,87,284
59,3,14,12,88
65,149,27,88,329
47,4,27,52,130
92,69,141,87,389
4,94,89,107,294
44,38,30,31,143
53,19,38,131,241
30,122,30,37,219
90,40,20,20,170
17,64,62,147,290
113,129,114,35,391
130,118,91,135,474
65,113,70,132,380
86,10,28,130,254
146,141,4,97,388
29,114,28,123,294
55,73,27,108,263
107,123,11,9,250
79,82,117,13,291
48,143,87,52,330
116,50,88,49,303
79,27,147,29,282
47,73,127,106,353
107,4,66,51,228
136,33,123,11,303
7,29,18,72,126
55,42,126,93,316
138,17,93,65,313
130,39,4,46,219
31,140,30,144,345
76,112,63,149,400
137,126,38,54,355
111,53,97,132,393
21,142,61,77,301
92,23,53,11,179
48,83,24,66,221
53,111,25,148,337
14,27,85,67,193
86,14,79,61,240
52,45,49,74,220
124,133,11,69,337
140,46,111,2,299
83,53,72,6,214
125,86,2,7,220
53,92,77,33,255
71,132,9,22,234
80,100,61,55,296
24,120,90,89,323
38,13,15,80,146
34,104,110,146,394
96,145,64,70,375
124,29,149,19,321
7,50,76,103,236
114,2,81,20,217
21,6,82,2,111
14,62,95,38,209
7,51,149,44,251
43,39,47,35,164
70,74,6,101,251
7,70,98,64,239
114,145,72,60,391
3,133,149,79,364
111,59,79,51,300
63,149,49,12,273
146,82,42,116,386
68,72,68,40,248
49,63,134,40,286
119,58,119,122,418
22,6,139,144,311
145,43,136,99,423
140,145,119,106,510
14,90,87,142,333
88,150,30,74,342
108,13,92,90,303
135,4,35,67,241
95,83,104,79,361
32,47,127,21,227
101,12,7,72,192
64,12,42,94,212
40,88,132,62,322
144,105,124,112,485
37,85,101,76,299
96,89,92,76,353
5,90,79,130,304
81,76,135,24,316
147,93,57,7,304
95,72,82,45,294
4,74,56,57,191
57,21,143,24,245
70,148,46,128,392
72,126,70,61,329
96,133,130,84,443
60,28,8,31,127
102,27,138,112,379
86,109,81,79,355
97,140,84,47,368
125,81,115,56,377
96,114,84,22,316
6,52,4,6,68
78,2,107,30,217
142,150,72,60,424
148,90,63,85,386
91,52,108,141,392
42,19,101,140,302
105,80,57,75,317
141,47,37,36,261
99,99,33,100,331
14,126,67,67,274
38,84,50,93,265
65,102,40,114,321
42,30,134,26,232
94,83,134,92,403
69,55,81,118,323
28,8,110,56,202
67,49,136,55,307
150,131,87,76,444
6,142,45,18,211
150,122,47,150,469
127,148,119,30,424
84,70,51,2,207
39,124,70,49,282
8,150,37,59,254
52,98,83,6,239
79,66,6,136,287
144,80,135,74,433
109,36,56,78,279
149,59,4,108,320
91,92,33,31,247
141,143,44,42,370
24,27,96,119,266
34,64,35,71,204
52,76,120,26,274
56,61,61,105,283
100,118,56,114,388
30,123,5,78,236
123,47,150,16,336
137,120,35,8,300
64,46,44,108,262
25,123,60,42,250
135,121,50,148,454
63,112,19,110,304
135,82,64,23,304
19,26,12,77,134
12,5,143,7,167
60,8,85,67,220
128,6,18,16,168
136,33,130,38,337
6,32,145,68,251
22,28,79,36,165
140,115,136,34,425
133,120,138,55,446
112,52,35,20,219
114,80,133,100,427
23,133,132,53,341
102,74,137,98,411
10,25,123,147,305
146,88,142,113,489
102,81,24,24,231
140,4,64,69,277
43,121,60,7,231
133,41,140,42,356
146,22,18,128,314
51,61,117,114,343
108,73,149,96,426
80,91,17,131,319
111,54,43,50,258
89,89,24,114,316
27,3,27,116,173
90,135,71,82,378
135,1,46,123,305
141,14,32,144,331
113,103,113,68,397
69,95,136,136,436
92,116,35,90,333
143,36,32,49,260
61,144,120,10,335
121,106,65,68,360
130,104,28,100,362
146,54,36,118,354
40,139,79,95,353
46,22,38,36,142
75,141,92,112,420
124,41,15,6,186
40,13,90,118,261
68,66,102,86,322
105,117,55,69,346
29,92,95,35,251
79,147,61,110,397
30,103,145,104,382
19,91,10,110,230
130,142,11,141,424
110,150,73,15,348
93,43,35,91,262
132,57,56,42,287
147,11,20,19,197
83,32,55,27,197
124,25,90,3,242
109,55,143,84,391
111,105,77,55,348
131,79,47,47,304
83,107,32,22,244
150,83,84,122,439
115,43,37,120,315
79,85,55,143,362
125,48,9,93,275
68,123,99,34,324
54,65,58,18,195
2,65,55,129,251
105,38,82,146,371
66,72,38,23,199
64,54,6,117,241
34,82,5,27,148
26,146,80,100,352
135,15,78,101,329
17,132,146,121,416
44,44,112,55,255
87,102,127,134,450
136,89,150,61,436
10,117,36,47,210
79,102,78,89,348
137,44,133,122,436
28,107,130,42,307
24,34,65,139,262
88,51,117,124,380
112,65,4,88,269
62,82,105,108,357
124,87,103,9,323
145,87,147,32,411
138,141,143,92,514
60,42,142,89,333
75,105,113,68,361
133,13,20,137,303
22,105,32,6,165
47,123,127,124,421
144,129,117,18,408
148,4,66,127,345
73,97,42,84,296
141,21,144,147,453
20,128,140,56,344
125,40,68,73,306
4,122,54,51,231
103,49,143,23,318
150,137,132,86,505
115,95,15,68,293
67,122,48,89,326
116,92,5,33,246
16,19,64,12,111
14,16,124,64,218
72,103,87,139,401
106,44,53,37,240
60,60,115,19,254
62,128,108,110,408
97,10,22,22,151
5,76,20,47,148
118,45,55,6,224
78,41,37,106,262
20,122,82,26,250
30,50,91,93,264
42,17,47,12,118
28,32,78,43,181
135,100,77,76,388
90,114,58,47,309
67,108,7,90,272
134,72,4,136,346
104,148,54,76,382
126,101,128,117,472
2,29,82,90,203
22,88,37,68,215
104,9,23,96,232
73,116,141,4,334
57,21,89,14,181
37,86,54,137,314
64,70,92,132,358
121,128,125,21,395
123,20,10,83,236
54,89,82,86,311
46,120,101,70,337
68,84,44,56,252
109,42,66,137,354
85,27,107,100,319
57,37,24,69,187
108,73,2,13,196
26,149,91,149,415
85,44,131,126,386
75,132,119,48,374
9,122,56,126,313
140,43,99,4,286
21,106,87,2,216
15,118,39,1,173
96,119,134,134,483
124,120,34,114,392
16,128,36,62,242
150,3,50,84,287
36,92,128,32,288
10,23,137,91,261
89,150,117,17,373
37,129,116,97,379
79,92,75,103,349
79,146,45,89,359
73,125,75,137,410
111,60,123,124,418
33,55,88,61,237
59,102,25,36,222
86,29,119,67,301
68,127,28,36,259
122,127,145,98,492
76,39,84,150,349
107,49,2,15,173
88,130,127,142,487
83,147,97,64,391
111,33,31,122,297
47,38,17,7,109
140,69,133,7,349
142,114,2,68,326
85,65,76,108,334
67,6,132,18,223
8,36,132,129,305
79,115,82,67,343
79,79,1,8,167
1,133,24,57,215
90,42,40,81,253
97,73,72,62,304
22,4,139,128,293
9,128,88,94,319
78,97,35,140,350
7,1,127,85,220
112,97,32,116,357
105,81,146,141,473
148,27,130,76,381
120,4,49,120,293
107,121,101,11,340
93,66,97,36,292
41,141,60,30,272
38,113,33,33,217
16,94,124,97,331
3,108,108,84,303
96,1,112,7,216
48,98,77,12,235
136,64,71,42,313
59,133,58,91,341
147,80,60,35,322
118,109,13,104,344
113,81,21,24,239
79,106,43,135,363
86,40,80,104,310
88,146,133,57,424
32,28,75,66,201
137,102,55,17,311
109,114,1,136,360
62,132,150,49,393
70,42,56,20,188
78,149,109,97,433
37,6,140,19,202
145,96,55,55,351
93,14,34,147,288
121,46,61,89,317
114,101,106,98,419
70,26,4,127,227
148,54,74,44,320
41,67,37,5,150
28,55,106,77,266
132,128,6,150,416
27,129,61,22,239
5,58,69,81,213
23,117,23,8,171
130,28,51,26,235
7,76,62,82,227
17,114,33,13,177
68,12,140,122,342
63,46,32,124,265
119,80,24,145,368
41,59,72,117,289
55,105,140,5,305
77,47,144,120,388
60,28,56,7,151
10,19,9,82,120
4,116,113,22,255
33,76,104,25,238
123,88,55,140,406
1,145,95,145,386
76,67,134,115,392
44,55,123,119,341
78,8,42,6,134
30,91,15,18,154
38,99,36,20,193
29,122,67,144,362
66,93,21,12,192
124,34,49,68,275
120,138,114,64,436
86,40,69,72,267
14,64,86,3,167
136,2,38,52,228
9,87,67,32,195
50,13,51,74,188
110,133,143,53,439
68,36,42,18,164
79,16,6,146,247
57,83,110,115,365
64,29,101,110,304
79,94,29,135,337
128,59,149,26,362
58,142,83,19,302
115,116,40,96,367
88,28,56,12,184
24,82,142,28,276
1,150,22,22,195
113,63,150,28,354
114,131,28,30,303
125,56,4,7,192
65,47,55,71,238
106,41,1,129,277
134,34,104,14,286
149,32,40,108,329
22,20,113,3,158
14,35,26,38,113
24,99,103,55,281
105,35,5,21,166
145,22,101,84,352
68,114,52,28,262
149,138,59,130,476
70,61,147,66,344
110,59,146,98,413
41,115,39,140,335
53,130,142,52,377
134,148,31,94,407
140,47,23,11,221
84,141,147,123,495
138,78,71,78,365
124,47,140,147,458
55,37,129,116,337
71,138,20,118,347
86,137,52,63,338
35,45,13,92,185
7,85,55,105,252
74,59,117,54,304
75,37,113,125,350
75,128,108,16,327
127,45,86,90,348
39,67,56,4,166
132,106,111,105,454
73,131,123,35,362
120,129,142,108,499
103,114,86,145,448
19,82,14,71,186
89,82,138,27,336
21,132,58,95,306
54,67,34,66,221
107,76,46,70,299
33,143,91,4,271
38,145,28,27,238
148,88,147,3,386
75,26,40,147,288
90,130,24,73,317
87,97,36,37,257
146,30,65,26,267
107,23,9,93,232
124,39,101,11,275
61,103,68,55,287
81,129,75,83,368
114,46,7,9,176
92,88,35,111,326
101,76,76,15,268
146,18,146,116,426
4,96,136,150,386
127,100,97,43,367
12,25,87,125,249
136,2,22,90,250
121,60,59,137,377
6,128,42,129,305
40,128,101,19,288
126,149,67,108,450
85,34,19,3,141
93,83,48,35,259
19,78,30,73,200
3,51,25,12,91
20,43,39,1,103
87,41,91,123,342
120,40,41,86,287
134,27,72,33,266
39,90,21,34,184
14,40,36,79,169
18,141,13,31,203
56,90,35,12,193
61,65,100,65,291
127,97,62,30,316
48,20,50,56,174
51,85,114,148,398
113,148,93,143,497
150,53,130,76,409
63,136,121,104,424
50,27,86,81,244
107,33,104,83,327
61,148,113,139,461
102,127,32,103,364
111,27,92,75,305
125,126,1,64,316
45,41,127,56,269
97,96,130,22,345
147,133,5,1,286
30,49,37,13,129
119,69,131,38,357
82,53,85,27,247
53,10,114,7,184
15,61,13,121,210
127,107,33,73,340
112,102,37,124,375
132,99,20,86,337
87,31,123,90,331
36,48,126,148,358
103,61,123,104,391
48,49,87,109,293
150,130,18,22,320
9,74,61,69,213
71,150,59,115,395
44,22,19,34,119
48,139,118,24,329
105,82,109,138,434
55,2,15,95,167
86,147,6,96,335
67,92,8,105,272
17,102,142,29,290
142,97,49,41,329
77,95,120,80,372
143,97,73,16,329
53,142,37,10,242
104,128,27,148,407
52,137,123,22,334
91,126,112,16,345
102,15,11,115,243
144,143,42,15,344
125,64,104,63,356
63,76,64,53,256
108,13,105,150,376
138,50,93,34,315
148,52,139,58,397
111,136,23,95,365
69,46,89,55,259
119,102,44,143,408
81,146,22,126,375
10,56,82,114,262
56,142,29,92,319
31,135,21,126,313
73,37,34,10,154
71,75,57,80,283
103,32,97,29,261
87,27,116,85,315
56,112,91,32,291
20,68,64,54,206
133,74,96,93,396
98,132,63,149,442
89,108,91,139,427
119,1,19,45,184
99,57,7,85,248
130,150,104,59,443
60,68,92,65,285
79,41,144,73,337
128,26,139,89,382
97,65,50,89,301
43,125,118,106,392
98,39,142,139,418
43,15,34,61,153
7,67,83,82,239
146,51,19,139,355
96,126,53,46,321
63,117,14,32,226
51,111,113,147,422
60,112,24,76,272
126,124,41,25,316
78,146,16,104,344
143,5,98,120,366
126,132,144,1,403
86,104,130,14,334
111,129,94,44,378
83,127,9,129,348
125,115,50,27,317
77,131,92,14,314
114,79,69,150,412
89,34,13,28,164
14,33,110,124,281
134,56,90,92,372
37,104,9,96,246
118,32,102,95,347
127,42,43,64,276
134,33,9,66,242
72,69,42,105,288
83,13,53,56,205
6,112,127,73,318
85,84,132,133,434
112,78,138,6,334
91,66,25,21,203
134,89,102,72,397
91,80,39,20,230
110,134,32,44,320
117,98,60,9,284
33,61,90,16,200
3,9,71,145,228
1,54,5,41,101
68,67,83,126,344
138,97,27,12,274
93,20,93,64,270
143,14,127,81,365
149,134,12,136,431
50,127,84,78,339
79,39,95,47,260
24,119,88,86,317
23,79,81,21,204
142,96,25,59,322
39,62,108,93,302
93,21,80,103,297
35,118,66,7,226
72,134,70,57,333
116,99,122,128,465
42,8,116,27,193
45,23,132,141,341
70,132,3,19,224
4,80,16,110,210
123,24,92,25,264
91,59,23,86,259
88,118,11,133,350
66,31,106,111,314
31,114,15,14,174
54,101,55,147,357
69,92,3,3,167
8,135,106,35,284
75,114,125,52,366
49,71,114,5,239
82,85,50,112,329
56,132,150,115,453
48,64,9,73,194
77,1,63,18,159
42,93,74,35,244
12,10,59,54,135
136,24,148,10,318
130,34,40,22,226
72,49,46,76,243
44,101,128,82,355
6,27,88,23,144
49,149,36,35,269
40,105,116,26,287
117,63,59,94,333
53,106,107,11,277
21,71,11,123,226
3,2,2,86,93
18,72,78,61,229
34,126,76,94,330
114,43,103,89,349
91,4,3,55,153
50,21,84,143,298
61,58,146,77,342
12,55,76,60,203
21,44,51,77,193
72,88,99,2,261
40,9,3,76,128
95,12,45,127,279
89,5,42,139,275
70,114,57,4,245
24,104,88,58,274
135,137,105,28,405
123,47,54,133,357
107,71,61,18,257
117,69,14,28,228
117,61,74,42,294
40,120,105,18,283
50,64,97,129,340
125,74,141,47,387
141,83,46,82,352
116,26,60,144,346
39,138,69,118,364
44,118,10,80,252
10,90,138,150,388
97,97,100,24,318
92,10,5,104,211
104,88,144,129,465
68,102,1,96,267
28,138,145,5,316
121,139,76,123,459
37,34,131,133,335
60,121,65,45,291
125,33,22,58,238
102,79,140,79,400
52,119,128,58,357
60,140,90,59,349
80,99,21,133,333
70,138,57,42,307
54,59,60,147,320
5,64,21,141,231
135,77,60,3,275
99,33,132,45,309
93,21,8,15,137
135,72,106,101,414
134,144,26,85,389
41,136,2,69,248
125,30,39,30,224
139,138,34,47,358
129,1,123,26,279
99,52,91,135,377
109,99,41,112,361
70,125,38,98,331
111,13,149,111,384
115,63,30,49,257
63,130,13,65,271
28,76,145,89,338
105,32,142,145,424
35,57,118,116,326
21,122,48,20,211
59,41,98,10,208
32,71,126,22,251
15,121,110,71,317
17,83,11,31,142
33,73,61,87,254
27,36,16,105,184
134,21,113,118,386
112,132,87,124,455
26,67,28,104,225
13,12,89,42,156
115,50,95,28,288
16,137,27,69,249
149,10,138,37,334
72,99,106,125,402
42,52,67,13,174
62,77,105,67,311
109,3,143,18,273
150,105,79,52,386
62,31,124,32,249
35,98,113,41,287
53,41,143,1,238
40,130,66,40,276
29,127,108,72,336
121,90,116,121,448
11,42,60,8,121
61,93,111,13,278
69,31,50,112,262
27,42,116,132,317
97,55,37,73,262
138,90,8,107,343
111,33,44,84,272
88,140,32,107,367
127,21,18,17,183
98,75,114,67,354
137,31,121,61,350
78,137,27,89,331
106,53,48,94,301
2,36,6,38,82
33,6,106,51,196
11,90,99,49,249
110,81,55,71,317
19,38,42,132,231
138,49,64,144,395
63,14,29,54,160
75,116,120,96,407
54,103,20,64,241
132,92,146,145,515
126,86,118,56,386
113,4,26,111,254
146,27,12,6,191
123,103,145,70,441
12,29,27,83,151
10,146,58,90,304
49,23,9,138,219
66,71,9,88,234
63,84,115,42,304
56,19,144,34,253
57,143,44,52,296
34,45,101,109,289
88,98,115,2,303
47,142,44,150,383
58,75,142,102,377
20,4,141,51,216
103,9,34,60,206
121,66,77,134,398
106,67,87,11,271
50,87,64,28,229
25,80,43,89,237
109,34,41,126,310
117,41,100,8,266
121,52,64,16,253
23,54,145,22,244
132,61,137,129,459
8,40,1,110,159
26,75,57,57,215
115,81,91,120,407
45,12,36,27,120
128,11,110,113,362
102,3,85,136,326
8,15,31,62,116
118,59,58,69,304
47,112,74,106,339
22,64,106,29,221
17,29,62,47,155
128,87,2,56,273
58,64,46,31,199
60,126,145,14,345
17,17,14,71,119
13,16,31,103,163
126,25,19,12,182
11,119,91,129,350
17,133,39,150,339
83,130,49,36,298
49,91,98,144,382
89,34,25,13,161
133,91,135,136,495
118,26,127,98,369
20,73,113,99,305
23,38,7,68,136
76,125,16,11,228
116,140,46,57,359
99,80,46,83,308
139,15,140,121,415
35,91,81,15,222
129,75,16,86,306
89,127,110,45,371
71,145,26,18,260
76,33,78,117,304
48,21,31,24,124
78,120,10,10,218
22,45,65,81,213
30,28,91,135,284
31,114,36,120,301
18,14,114,122,268
10,11,134,45,200
143,12,1,124,280
18,33,150,76,277
96,140,49,113,398
69,131,112,92,404
133,68,102,120,423
115,88,47,41,291
120,144,118,93,475
4,115,84,33,236
4,66,100,117,287
1,128,52,108,289
13,105,132,104,354
45,146,88,44,323
83,30,88,94,295
5,7,128,136,276
122,41,55,103,321
104,46,126,57,333
56,21,44,127,248
122,4,5,52,183
37,5,129,149,320
69,4,43,106,222
17,143,47,109,316
94,90,51,128,363
82,86,31,84,283
136,29,65,43,273
40,9,136,14,199
94,59,73,50,276
99,92,25,37,253
112,107,96,40,355
103,114,112,41,370
119,35,80,39,273
15,142,56,82,295
32,60,45,5,142
1,35,135,6,177
82,148,111,8,349
78,6,31,5,120
108,61,117,40,326
113,146,63,59,381
62,111,47,10,230
80,22,13,75,190
2,27,67,64,160
110,97,35,147,389
11,89,23,23,146
46,88,42,21,197
85,75,69,88,317
129,36,10,70,245
21,128,62,26,237
107,57,79,54,297
67,28,68,21,184
50,10,72,119,251
57,43,15,42,157
5,39,41,125,210
118,32,75,82,307
87,49,71,102,309
85,68,115,106,374
34,85,56,141,316
61,10,116,27,214
59,53,85,142,339
9,111,99,100,319
122,23,102,117,364
73,38,55,80,246
31,54,12,82,179
62,72,33,3,170
17,99,130,82,328
59,132,134,66,391
88,99,50,40,277
119,6,134,106,365
34,110,85,133,362
143,129,9,45,326
77,144,75,72,368
106,57,2,96,261
42,128,91,50,311
109,79,133,88,409
50,52,73,149,324
80,75,9,3,167
106,76,81,21,284
49,98,63,104,314
4,45,140,115,304
59,33,28,45,165
6,52,113,96,267
142,78,37,9,266
8,28,71,33,140
26,28,137,82,273
122,26,4,71,223
80,94,6,122,302
90,60,96,113,359
131,116,110,64,421
44,32,85,8,169
135,6,79,46,266
51,35,57,99,242
86,112,11,116,325
89,70,140,137,436
134,88,2,118,342
71,37,17,64,189
68,48,48,111,275
5,88,87,47,227
90,116,68,49,323
87,120,49,12,268
23,40,30,82,175
95,100,146,150,491
26,70,114,77,287
2,56,122,89,269
53,16,36,60,165
141,147,49,50,387
91,76,31,98,296
103,128,126,23,380
27,69,51,13,160
43,108,29,84,264
121,104,54,113,392
34,42,122,134,332
108,49,62,56,275
63,86,14,21,184
129,46,65,8,248
50,23,86,35,194
36,90,28,49,203
41,123,71,2,237
121,28,96,133,378
4,65,147,145,361
110,84,58,51,303
94,119,21,15,249
6,109,76,37,228
58,117,100,116,391
145,49,32,55,281
18,90,51,121,280
42,15,21,99,177
137,150,69,55,411
121,37,15,35,208
30,56,65,59,210
132,8,118,107,365
106,42,121,100,369
113,23,125,133,394
16,133,95,69,313
16,135,49,114,314
72,48,10,58,188
19,14,93,147,273
18,107,29,110,264
75,115,92,125,407
34,86,6,122,248
46,1,88,119,254
72,127,93,14,306
148,91,52,117,408
74,72,88,150,384
120,15,15,6,156
61,88,27,86,262
23,113,96,81,313
107,143,137,136,523
32,49,94,128,303
93,50,136,30,309
117,66,107,117,407
115,36,104,76,331
139,138,140,32,449
9,17,93,119,238
64,1,42,40,147
133,93,119,54,399
119,41,62,74,296
128,107,20,29,284
130,2,138,17,287
60,68,146,102,376
73,71,72,89,305
139,12,144,125,420
112,90,143,114,459
128,25,103,88,344
58,117,64,101,340
109,36,64,102,311
3,97,145,72,317
9,47,49,118,223
128,36,14,99,277
112,50,2,132,296
43,109,106,93,351
35,113,56,78,282
52,2,116,104,274
17,19,39,104,179
75,48,21,100,244
120,100,120,70,410
150,134,42,96,422
133,29,55,115,332
31,55,5,42,133
121,129,77,82,409
44,20,61,112,237
22,49,38,4,113
105,17,102,76,300
11,125,107,69,312
35,51,30,141,257
43,28,46,77,194
117,123,86,66,392
90,48,8,10,156
23,82,147,25,277
136,69,135,147,487
18,3,103,84,208
122,144,26,125,417
142,89,140,125,496
92,123,35,134,384
25,61,79,46,211
30,48,44,75,197
99,29,42,119,289
24,44,116,14,198
9,18,25,20,72
111,31,94,18,254
126,47,150,79,402
52,22,22,123,219
31,113,95,63,302
109,14,30,30,183
61,52,93,15,221
70,6,129,91,296
113,140,119,31,403
138,62,41,13,254
51,98,150,37,336
26,85,103,60,274
73,88,146,4,311
86,101,38,62,287
39,35,4,92,170
115,7,139,3,264
43,68,86,115,312
62,16,18,50,146
21,104,9,57,191
89,101,27,71,288
128,74,103,121,426
66,52,29,1,148
22,38,76,22,158
38,42,111,73,264
69,33,37,101,240
102,86,22,76,286
22,88,78,130,318
70,120,37,68,295
96,107,127,83,413
144,47,71,58,320
28,77,105,133,343
56,110,123,5,294
141,142,39,145,467
70,99,110,24,303
110,45,127,18,300
120,41,113,149,423
111,101,70,95,377
137,28,52,90,307
21,67,87,142,317
14,46,75,149,284
24,9,23,70,126
14,39,110,113,276
115,79,14,133,341
128,33,53,58,272
109,2,41,88,240
73,42,126,16,257
68,60,122,81,331
71,56,150,72,349
18,111,127,23,279
137,38,107,25,307
92,26,102,26,246
2,7,88,108,205
41,106,102,64,313
97,124,56,80,357
38,139,12,72,261
132,134,45,117,428
93,109,117,148,467
23,2,11,75,111
77,4,130,39,250
60,48,47,104,259
141,30,78,44,293
74,83,125,117,399
119,138,130,102,489
129,6,91,98,324
21,26,100,15,162
93,136,146,104,479
116,20,113,43,292
23,25,99,36,183
23,119,20,114,276
80,62,41,139,322
138,53,33,33,257
135,99,67,38,339
64,64,123,53,304
145,60,62,36,303
81,3,31,112,227
53,43,7,5,108
122,103,142,114,481
96,75,73,52,296
62,7,101,42,212
14,118,58,92,282
45,107,117,79,348
146,29,36,142,353
7,44,126,13,190
104,40,35,148,327
131,77,140,22,370
142,36,28,137,343
145,60,93,53,351
29,23,66,22,140
76,53,71,136,336
142,130,136,28,436
68,63,106,89,326
102,87,104,54,347
22,66,43,135,266
81,26,137,112,356
60,105,81,6,252
72,25,85,31,213
123,137,97,136,493
15,131,4,31,181
27,69,3,83,182
71,105,35,110,321
111,53,22,65,251
135,56,67,139,397
22,19,74,56,171
30,78,57,89,254
6,19,8,119,152
86,137,34,67,324
119,27,18,121,285
6,47,9,65,127
71,18,43,46,178
78,122,102,47,349
112,35,117,30,294
26,39,118,131,314
106,13,13,30,162
68,63,130,64,325
26,96,61,141,324
116,50,143,112,421
43,23,150,139,355
108,115,148,29,400
146,121,6,34,307
21,102,29,139,291
135,140,18,141,434
3,52,139,93,287
78,56,11,98,243
143,78,11,53,285
11,18,122,124,275
114,146,86,10,356
28,2,107,123,260
16,80,144,78,318
44,30,1,83,158
109,63,98,101,371
119,133,43,110,405
11,22,4,87,124
19,98,24,93,234
131,4,80,36,251
142,1,34,5,182
8,146,8,111,273
71,92,31,43,237
128,28,20,79,255
100,92,135,97,424
130,16,121,118,385
92,91,127,33,343
50,27,50,57,184
67,25,118,139,349
142,54,82,19,297
7,64,145,62,278
3,31,138,9,181
57,8,9,16,90
45,117,24,69,255
148,141,37,3,329
120,117,6,38,281
64,6,57,78,205
31,137,46,136,350
104,56,100,22,282
121,60,146,88,415
126,11,126,112,375
10,84,48,11,153
127,47,142,13,329
84,130,65,34,313
30,92,72,130,324
1,102,46,114,263
17,12,130,15,174
147,147,83,2,379
119,38,79,135,371
67,68,57,90,282
36,7,88,104,235
132,66,115,127,440
133,10,92,133,368
29,4,29,25,87
121,57,131,144,453
91,64,96,87,338
135,79,103,25,342
102,141,23,48,314
103,103,123,33,362
95,13,74,114,296
131,100,82,77,390
67,130,37,38,272
110,16,74,108,308
58,3,51,91,203
53,72,88,23,236
101,101,113,79,394
66,143,24,2,235
64,76,4,83,227
50,16,78,149,293
83,2,9,135,229
8,145,114,117,384
67,146,140,28,381
110,86,58,33,287
7,90,79,4,180
122,68,66,113,369
143,147,110,35,435
149,145,85,60,439
118,21,40,40,219
60,117,136,21,334
144,148,113,48,453
108,132,101,32,373
94,149,125,32,400
62,58,87,100,307
74,50,81,106,311
12,50,114,9,185
69,90,128,137,424
146,150,58,52,406
142,71,8,132,353
112,15,138,54,319
26,94,8,61,189
45,106,105,118,374
92,20,139,123,374
95,145,11,114,365
62,49,148,39,298
16,18,10,84,128
122,70,40,56,288
110,79,147,8,344
56,64,116,134,370
128,128,110,36,402
54,139,63,54,310
103,64,10,109,286
66,31,29,93,219
117,145,67,84,413
99,13,94,102,308
105,61,77,36,279
57,95,68,44,264
24,114,145,3,286
35,2,42,85,164
23,112,86,146,367
56,20,145,146,367
116,128,82,89,415
27,83,2,133,245
145,73,82,45,345
60,100,39,78,277
143,101,131,10,385
106,83,28,25,242
62,34,45,38,179
29,48,17,121,215
4,29,40,67,140
64,99,31,34,228
106,16,131,115,368
113,134,27,103,377
80,111,106,107,404
81,77,113,20,291
84,52,28,68,232
143,116,45,58,362
61,82,97,8,248
22,23,110,121,276
19,11,5,85,120
28,72,110,64,274
58,35,94,50,237
55,83,79,8,225
140,56,29,117,342
11,30,28,63,132
75,39,10,27,151
31,56,102,130,319
129,53,51,86,319
37,87,29,105,258
111,146,137,63,457
45,115,102,131,393
79,11,123,110,323
3,93,37,71,204
129,108,145,125,507
76,144,13,86,319
79,120,62,128,389
57,65,18,139,279
148,59,87,82,376
35,37,115,134,321
99,75,110,146,430
97,58,81,114,350
74,109,17,100,300
79,97,137,5,318
58,137,26,62,283
116,142,75,142,475
108,103,103,145,459
60,112,25,64,261
108,68,112,84,372
55,70,122,97,344
124,72,56,112,364
31,101,101,70,303
98,112,122,12,344
138,35,56,34,263
56,48,51,112,267
108,106,2,67,283
26,105,20,40,191
129,78,60,124,391
82,6,116,40,244
51,144,51,20,266
84,101,10,131,326
15,97,10,8,130
31,53,108,2,194
141,86,72,29,328
20,91,25,49,185
1,8,23,74,106
134,117,14,47,312
78,27,104,31,240
134,108,140,50,432
60,113,75,34,282
132,31,69,95,327
95,38,47,20,200
3,133,46,7,189
117,132,141,136,526
127,66,84,53,330
125,20,69,106,320
131,15,86,134,366
139,82,122,103,446
5,83,141,100,329
57,30,1,112,200
105,118,72,2,297
129,85,141,120,475
52,39,55,143,289
32,92,53,57,234
59,138,139,125,461
146,35,71,6,258
101,79,34,140,354
56,121,146,90,413
39,21,101,81,242
54,140,111,5,310
61,28,28,80,197
49,54,52,103,258
49,67,90,10,216
148,10,114,50,322
41,9,126,8,184
143,46,34,131,354
150,17,143,98,408
70,139,134,38,381
120,97,87,114,418
122,121,136,68,447
88,10,73,31,202
133,111,5,1,250
90,112,147,146,495
30,42,58,135,265
109,85,25,126,345
139,148,74,12,373
32,44,106,77,259
8,33,120,120,281
24,131,148,43,346
113,110,135,129,487
21,131,71,150,373
71,142,135,37,385
106,94,90,80,370
63,121,33,132,349
64,22,65,61,212
46,35,126,133,340
12,57,55,93,217
146,137,35,145,463
134,62,72,109,377
99,115,97,49,360
71,145,14,76,306
124,65,22,96,307
115,27,37,98,277
133,2,83,85,303
25,22,76,146,269
55,109,85,13,262
14,128,84,120,346
23,21,60,115,219
49,91,129,79,348
90,47,133,11,281
130,22,82,29,263
73,51,78,95,297
147,31,150,118,446
101,35,124,28,288
41,85,33,14,173
117,4,69,94,284
43,102,73,57,275
93,51,17,131,292
51,146,60,118,375
110,19,73,59,261
121,148,140,147,556
38,148,1,87,274
146,10,14,25,195
105,126,3,84,318
127,138,67,35,367
149,137,133,83,502
127,17,59,72,275
67,6,115,110,298
45,29,33,136,243
81,113,140,10,344
147,74,69,35,325
131,129,144,119,523
129,62,45,81,317
75,8,103,50,236
2,95,80,150,327
132,23,79,68,302
86,62,138,89,375
131,115,80,23,349
53,38,50,86,227
142,31,140,31,344
76,21,106,112,315
23,37,131,14,205
87,70,146,90,393
128,10,111,45,294
62,82,134,10,288
125,102,44,34,305
28,17,143,10,198
107,1,120,5,233
4,51,144,57,256
120,67,21,96,304
32,96,74,50,252
47,26,25,28,126
75,65,25,121,286
23,62,118,108,311
133,121,149,84,487
7,135,52,111,305
146,44,136,71,397
79,21,72,54,226
110,97,50,45,302
13,34,99,101,247
38,58,117,75,288
85,85,25,31,226
24,63,96,46,229
123,68,64,90,345
75,64,127,121,387
45,81,49,107,282
55,101,52,128,336
85,21,64,127,297
108,133,75,17,333
116,37,48,48,249
7,85,11,11,114
137,115,15,83,350
89,51,40,128,308
80,97,50,59,286
101,65,44,107,317
24,147,134,136,441
2,92,131,128,353
27,1,1,37,66
136,36,24,6,202
135,56,10,81,282
123,106,58,16,303
4,62,19,128,213
89,120,81,80,370
12,92,77,136,317
34,132,8,99,273
119,33,96,2,250
55,13,91,78,237
2,12,39,17,70
38,61,92,113,304
13,115,140,99,367
138,149,12,93,392
87,99,26,105,317
42,31,66,8,147
140,104,72,25,341
148,23,131,29,331
44,67,41,118,270
140,11,148,64,363
150,17,36,79,282
145,18,23,114,300
87,138,96,99,420
11,108,1,81,201
71,126,111,61,369
130,91,48,100,369
18,39,58,45,160
64,56,125,47,292
34,119,33,137,323
44,4,141,135,324
47,116,52,65,280
30,89,87,36,242
121,87,65,140,413
27,69,119,21,236
124,98,11,141,374
144,94,40,90,368
30,100,99,46,275
55,10,116,88,269
114,127,100,52,393
34,64,112,84,294
15,99,59,92,265
69,146,150,116,481
97,50,68,9,224
70,146,122,80,418
88,13,138,62,301
142,127,20,70,359
31,14,139,48,232
50,3,32,121,206
104,127,98,94,423
82,88,135,16,321
79,36,143,5,263
83,21,56,1,161
135,64,123,59,381
93,57,96,128,374
112,150,16,126,404
49,40,51,17,157
105,13,85,65,268
15,9,140,19,183
116,47,106,4,273
118,118,2,21,259
74,99,41,147,361
31,30,111,4,176
84,35,15,33,167
96,110,111,27,344
79,35,29,34,177
57,85,128,93,363
38,114,125,19,296
150,99,134,49,432
49,68,19,36,172
147,60,55,58,320
142,139,9,12,302
93,124,91,110,418
76,119,119,121,435
121,130,75,95,421
37,78,127,125,367
31,15,100,28,174
74,49,40,25,188
50,67,41,60,218
19,83,39,145,286
143,71,65,2,281
68,31,114,49,262
140,61,91,29,321
56,134,35,78,303
33,13,92,67,205
126,144,55,13,338
134,117,58,138,447
92,53,97,26,268
93,101,31,96,321
27,145,77,121,370
63,81,103,58,305
77,124,121,117,439
28,98,58,10,194
93,32,89,99,313
15,137,145,62,359
42,21,52,91,206
22,80,85,5,192
61,130,145,56,392
82,31,38,91,242
28,50,97,13,188
23,55,48,19,145
136,108,39,100,383
69,83,13,25,190
92,45,69,36,242
11,12,77,56,156
105,18,12,13,148
74,86,28,71,259
139,51,77,115,382
122,69,14,79,284
24,53,125,88,290
145,58,93,96,392
29,53,35,126,243
123,143,5,71,342
9,20,27,115,171
5,12,113,107,237
15,55,41,84,195
68,33,103,138,342
73,138,83,93,387
124,23,110,114,371
118,100,12,56,286
46,4,13,103,166
56,110,124,54,344
103,132,137,91,463
79,149,109,134,471
72,106,61,7,246
16,95,1,115,227
125,99,134,99,457
108,47,54,25,234
149,38,32,115,334
28,43,99,127,297
91,142,14,118,365
126,1,95,138,360
50,102,17,84,253
122,145,114,18,399
93,10,57,35,195
106,29,42,52,229
132,72,143,118,465
117,37,101,16,271
109,17,130,13,269
90,143,68,115,416
106,139,79,23,347
24,88,138,20,270
90,41,58,107,296
38,104,3,59,204
146,105,1,38,290
128,149,56,64,397
7,91,126,67,291
105,30,116,121,372
34,65,67,132,298
75,99,30,37,241
119,89,76,125,409
39,2,64,76,181
4,118,83,108,313
60,13,5,138,216
73,55,112,66,306
79,124,83,14,300
136,87,138,10,371
11,114,105,62,292
77,120,57,59,313
96,76,109,81,362
62,123,124,142,451
96,124,21,98,339
129,29,17,144,319
29,29,146,63,267
95,67,29,32,223
74,43,37,127,281
85,89,127,117,418
117,133,44,96,390
84,16,22,8,130
70,139,64,49,322
148,16,5,6,175
96,48,74,114,332
115,9,123,27,274
86,54,14,9,163
134,35,5,71,245
124,66,142,82,414
68,56,24,13,161
3,11,146,75,235
47,58,52,142,299
77,59,71,10,217
92,3,93,147,335
111,22,31,60,224
69,130,63,142,404
67,11,132,35,245
146,105,92,132,475
141,64,10,109,324
81,67,3,84,235
79,123,41,64,307
111,8,60,8,187
59,85,46,69,259
33,111,124,132,400
59,98,10,140,307
42,2,23,106,173
37,2,132,110,281
81,20,23,39,163
113,145,47,59,364
17,74,81,74,246
22,122,92,72,308
7,113,74,114,308
10,74,28,76,188
142,6,100,3,251
108,51,98,56,313
136,52,74,38,300
144,6,28,106,284
108,119,85,26,338
19,33,113,91,256
37,55,68,144,304
107,97,77,96,377
39,98,51,62,250
3,115,23,148,289
114,20,119,80,333
31,131,4,98,264
140,55,49,53,297
26,30,144,141,341
136,30,50,134,350
84,23,132,56,295
136,53,65,146,400
77,114,87,66,344
7,102,17,76,202
121,19,27,18,185
55,7,109,62,233
84,12,147,55,298
67,103,95,129,394
144,88,90,143,465
90,101,84,52,327
119,19,73,126,337
6,88,90,21,205
37,113,135,20,305
45,132,141,130,448
103,3,15,54,175
115,122,69,145,451
48,34,146,23,251
98,12,104,124,338
8,95,60,95,258
114,21,30,19,184
7,103,35,92,237
90,112,79,143,424
135,15,138,58,346
63,120,86,149,418
35,36,85,124,280
110,96,39,13,258
29,25,140,9,203
68,123,142,144,477
26,145,22,41,234
132,117,57,97,403
111,1,101,114,327
58,135,132,2,327
103,27,67,106,303
95,146,96,85,422
95,11,5,53,164
46,98,148,38,330
44,4,129,104,281
65,98,62,35,260
34,41,131,24,230
28,104,111,55,298
127,36,132,137,432
84,30,75,128,317
61,138,114,42,355
19,43,15,89,166
41,78,79,130,328
55,17,134,40,246
22,85,22,72,201
148,101,5,94,348
63,21,81,78,243
87,103,42,6,238
106,16,147,5,274
141,38,125,28,332
87,112,20,64,283
150,18,33,126,327
130,3,143,47,323
59,2,82,132,275
147,44,79,63,333
38,104,64,121,327
103,43,43,104,293
15,37,106,111,269
5,62,114,149,330
56,88,74,139,357
60,144,47,93,344
70,42,141,111,364
150,55,134,140,479
39,95,25,145,304
70,109,33,44,256
65,36,92,80,273
150,69,140,29,388
34,112,125,71,342
108,100,39,141,388
142,51,89,118,400
112,49,54,108,323
58,95,54,39,246
86,5,86,24,201
93,29,56,29,207
83,68,93,124,368
77,125,28,131,361
145,51,101,24,321
124,66,6,8,204
87,60,117,37,301
146,23,130,27,326
78,89,139,132,438
99,141,41,77,358
41,32,84,83,240
14,64,1,122,201
94,128,28,129,379
102,32,123,31,288
133,11,35,93,272
16,120,38,60,234
35,38,15,148,236
123,112,84,25,344
1,126,117,101,345
53,87,48,112,300
108,102,105,26,341
93,79,42,31,245
4,9,26,105,144
145,116,8,11,280
86,117,137,95,435
39,145,80,71,335
20,118,1,54,193
139,56,107,143,445
24,73,65,24,186
8,90,44,148,290
4,77,15,58,154
104,24,122,8,258
143,111,69,59,382
33,71,11,81,196
97,21,31,61,210
126,142,103,38,409
82,66,66,141,355
115,71,19,72,277
124,69,114,51,358
43,86,78,102,309
27,149,75,98,349
149,113,134,5,401
112,96,115,92,415
25,106,114,127,372
45,11,9,91,156
35,79,37,113,264
50,72,67,51,240
140,131,76,59,406
4,101,133,4,242
128,132,33,109,402
146,44,43,7,240
16,95,55,17,183
91,145,42,55,333
36,120,118,36,310
127,47,105,87,366
103,11,63,10,187
23,44,148,68,283
73,42,117,150,382
82,5,64,145,296
11,33,138,22,204
85,95,116,143,439
119,69,30,119,337
143,13,137,84,377
125,92,64,1,282
38,94,65,135,332
130,31,80,129,370
104,89,104,116,413
41,27,76,65,209
129,118,138,31,416
107,97,62,6,272
45,102,51,123,321
134,61,143,20,358
136,64,34,57,291
59,84,70,63,276
61,123,84,15,283
114,26,84,58,282
51,117,46,106,320
85,103,66,91,345
42,32,109,102,285
16,93,125,13,247
73,56,150,108,387
77,2,76,3,158
34,95,148,83,360
30,75,8,133,246
93,138,108,99,438
19,101,138,33,291
120,55,30,63,268
109,116,142,113,480
15,42,93,133,283
142,35,124,53,354
24,141,102,84,351
30,21,26,122,199
27,88,93,52,260
33,57,63,87,240
124,48,118,26,316
21,115,102,118,356
40,101,59,95,295
119,48,138,70,375
55,5,18,129,207
95,51,39,124,309
12,119,118,83,332
79,148,23,49,299
33,76,123,137,369
127,105,119,85,436
36,28,127,111,302
7,17,57,141,222
140,88,13,8,249
74,138,55,39,306
130,135,57,82,404
100,37,114,13,264
110,148,60,18,336
92,12,82,11,197
87,21,17,14,139
136,11,41,34,222
47,54,142,149,392
35,147,41,147,370
26,25,2,32,85
142,65,138,99,444
136,94,72,96,398
37,131,53,93,314
23,131,9,86,249
109,104,143,18,374
24,94,56,44,218
70,77,108,55,310
78,114,117,140,449
94,31,115,97,337
85,78,17,32,212
125,116,108,29,378
68,91,90,122,371
87,18,103,25,233
106,17,115,52,290
69,113,94,58,334
107,7,15,144,273
126,8,128,80,342
150,113,95,52,410
11,31,102,130,274
62,48,55,33,198
46,16,133,23,218
8,138,79,30,255
7,47,121,116,291
72,32,70,12,186
30,100,32,36,198
56,36,72,12,176
41,9,27,105,182
21,89,132,29,271
46,103,103,2,254
79,25,108,117,329
149,128,31,8,316
109,23,93,103,328
5,29,88,94,216
65,16,16,85,182
94,55,98,3,250
69,42,100,102,313
69,108,81,106,364
45,132,135,53,365
150,142,25,58,375
14,43,85,73,215
115,17,143,49,324
9,131,18,21,179
80,69,58,140,347
66,80,134,144,424
25,53,127,5,210
54,148,107,148,457
121,43,106,109,379
9,115,50,59,233
38,109,32,144,323
82,95,42,106,325
19,22,91,129,261
111,15,99,28,253
94,34,147,135,410
38,92,8,149,287
98,64,142,66,370
17,5,73,75,170
78,46,48,101,273
114,27,82,138,361
21,58,80,127,286
40,128,39,67,274
72,50,59,52,233
55,98,143,50,346
81,112,135,87,415
134,31,39,149,353
20,73,79,30,202
72,91,65,114,342
44,6,103,69,222
137,28,119,12,296
106,95,108,28,337
46,16,141,137,340
7,71,24,77,179
39,21,61,118,239
16,29,98,53,196
37,134,86,74,331
48,9,86,72,215
4,53,33,16,106
58,74,90,91,313
37,27,136,73,273
86,91,80,44,301
63,131,68,88,350
122,27,52,89,290
103,140,26,83,352
33,69,9,131,242
150,72,67,141,430
2,89,39,129,259
76,127,22,43,268
54,73,139,146,412
30,57,116,42,245
90,75,130,38,333
53,16,89,65,223
36,64,114,51,265
91,6,21,69,187
41,148,54,133,376
67,61,119,50,297
142,141,5,64,352
38,121,132,18,309
150,134,76,68,428
97,82,45,90,314
27,14,9,1,51
94,81,109,101,385
87,36,47,143,313
74,141,131,87,433
29,11,122,102,264
146,145,26,31,348
73,71,89,99,332
41,42,67,78,228
97,15,13,89,214
33,39,141,99,312
137,10,73,1,221
110,35,114,10,269
145,84,110,115,454
80,132,25,14,251
26,14,101,133,274
140,19,114,20,293
29,14,97,21,161
65,125,6,30,226
31,66,71,30,198
106,44,90,124,364
5,19,1,93,118
2,119,106,4,231
97,129,13,84,323
149,6,82,142,379
16,26,104,75,221
27,88,103,110,328
146,58,18,144,366
140,136,19,134,429
78,90,17,129,314
123,75,114,74,386
81,103,128,125,437
148,42,133,49,372
15,72,52,150,289
19,80,112,88,299
139,62,31,104,336
104,78,112,48,342
46,121,58,127,352
33,56,38,30,157
11,102,141,90,344
51,16,12,139,218
63,12,60,57,192
10,136,147,114,407
39,30,139,104,312
90,88,25,65,268
3,62,32,57,154
39,131,89,28,287
97,41,111,139,388
4,109,85,80,278
95,134,96,102,427
110,113,10,97,330
146,66,21,47,280
66,135,95,59,355
60,83,123,140,406
73,14,1,5,93
99,12,148,139,398
10,148,12,11,181
85,90,23,91,289
138,99,49,44,330
129,127,70,134,460
59,42,148,15,264
143,62,82,87,374
48,122,129,54,353
35,93,66,147,341
26,35,137,32,230
32,142,80,133,387
22,45,35,39,141
98,127,120,145,490
55,18,139,30,242
139,131,20,140,430
16,135,81,136,368
107,16,75,103,301
56,75,115,114,360
81,82,109,31,303
30,13,97,93,233
24,73,52,70,219
122,87,58,33,300
23,128,2,15,168
124,81,83,45,333
87,148,83,16,334
39,124,18,140,321
22,15,130,133,300
74,78,40,109,301
65,101,121,62,349
133,121,31,60,345
88,136,5,4,233
16,17,40,120,193
34,42,73,147,296
9,142,99,23,273
77,31,134,117,359
61,76,8,125,270
30,76,149,94,349
62,23,108,144,337
24,58,138,104,324
21,69,146,30,266
68,99,79,129,375
109,85,148,57,399
50,54,124,122,350
78,129,145,8,360
11,142,40,93,286
22,87,5,107,221
32,129,41,11,213
59,51,138,140,388
65,94,59,18,236
74,5,23,68,170
91,38,58,150,337
41,147,27,117,332
22,99,149,17,287
118,94,72,19,303
44,78,113,133,368
138,118,88,143,487
31,9,102,89,231
11,80,99,10,200
85,4,25,35,149
88,34,32,39,193
118,137,40,43,338
72,140,19,45,276
103,115,113,101,432
15,104,136,50,305
60,92,102,24,278
69,141,135,23,368
76,116,113,43,348
94,112,99,63,368
91,26,41,12,170
87,36,141,7,271
40,25,87,51,203
66,49,44,87,246
150,59,13,137,359
62,101,54,38,255
138,44,24,74,280
96,104,81,99,380
80,130,96,6,312
80,141,137,114,472
7,119,32,84,242
147,82,35,14,278
15,150,41,92,298
111,45,119,90,365
12,84,49,10,155
64,89,3,52,208
141,81,36,94,352
31,12,1,81,125
107,44,103,119,373
91,107,71,57,326
15,143,127,149,434
40,74,84,76,274
104,89,9,49,251
39,2,51,25,117
53,90,112,136,391
68,108,44,144,364
128,76,55,19,278
116,142,136,97,491
24,81,80,73,258
108,146,53,25,332
47,56,141,66,310
131,67,97,49,344
98,111,56,76,341
8,146,108,124,386
95,83,142,148,468
20,150,48,75,293
112,120,10,90,332
46,10,101,47,204
66,31,138,93,328
104,105,105,118,432
50,4,30,85,169
135,2,73,27,237
17,23,57,107,204
94,79,41,33,247
30,10,23,95,158
78,29,65,77,249
105,13,57,118,293
70,115,72,129,386
8,24,146,128,306
130,115,91,3,339
140,16,70,84,310
50,41,86,97,274
12,74,32,119,237
110,4,13,47,174
104,104,146,56,410
49,12,71,145,277
105,3,20,22,150
2,69,33,49,153
87,125,38,87,337
9,73,107,62,251
147,96,82,40,365
122,136,15,103,376
123,12,32,44,211
57,97,25,127,306
66,74,91,135,366
142,132,128,47,449
14,122,106,80,322
133,102,72,147,454
72,91,21,145,329
126,103,8,102,339
1,127,28,148,304
14,45,96,15,170
51,41,35,134,261
48,11,83,19,161
5,32,66,100,203
137,138,10,124,409
94,125,59,59,337
11,31,35,15,92
85,24,133,62,304
14,33,108,90,245
75,72,41,114,302
119,49,82,81,331
94,119,83,103,399
68,22,5,24,119
5,76,94,148,323
46,10,72,129,257
38,86,150,33,307
39,77,100,19,235
109,146,119,47,421
19,7,31,62,119
80,56,116,126,378
144,83,1,46,274
20,29,3,143,195
14,8,97,51,170
77,142,86,97,402
89,29,42,49,209
101,51,102,19,273
113,110,55,24,302
106,132,123,68,429
49,87,43,5,184
113,46,54,144,357
44,66,131,88,329
104,104,96,90,394
66,87,44,98,295
82,9,130,30,251
51,126,145,149,471
84,81,108,62,335
29,140,91,62,322
141,49,128,52,370
59,67,122,8,256
7,126,26,130,289
21,53,79,9,162
6,72,113,128,319
86,73,146,133,438
9,8,135,100,252
133,62,116,90,401
130,50,118,144,442
81,64,121,128,394
114,85,149,117,465
91,114,87,40,332
15,12,91,59,177
32,123,36,19,210
54,140,4,144,342
116,91,127,115,449
48,52,103,20,223
32,119,126,32,309
10,12,72,39,133
42,98,129,150,419
147,85,91,142,465
87,14,134,19,254
117,143,72,82,414
7,112,115,62,296
2,128,142,26,298
62,81,65,29,237
120,50,77,101,348
129,31,136,124,420
59,33,13,55,160
88,121,24,15,248
20,59,36,6,121
59,66,60,77,262
99,59,29,65,252
63,53,35,21,172
107,148,60,71,386
100,133,80,68,381
81,115,120,78,394
149,137,37,78,401
125,32,86,20,263
101,62,9,39,211
127,85,135,133,480
122,44,128,116,410
15,9,59,22,105
25,142,56,3,226
132,138,15,15,300
63,83,15,55,216
93,41,20,137,291
93,133,66,143,435
43,126,54,23,246
110,60,24,123,317
68,40,99,95,302
147,88,121,109,465
8,131,124,16,279
77,139,11,97,324
3,54,8,146,211
36,65,134,142,377
51,51,53,76,231
23,87,38,118,266
26,60,58,6,150
40,41,108,104,293
146,15,30,4,195
63,104,114,34,315
81,27,27,44,179
1,89,18,67,175
50,109,33,94,286
50,97,4,143,294
23,46,125,24,218
89,131,113,148,481
109,6,100,142,357
103,105,55,91,354
13,146,101,10,270
98,61,108,61,328
121,144,22,89,376
17,41,11,120,189
91,75,101,112,379
80,52,52,67,251
34,44,95,52,225
23,116,142,106,387
67,119,147,14,347
78,80,66,94,318
16,28,122,61,227
104,37,80,12,233
130,26,85,35,276
104,3,148,44,299
57,6,45,119,227
97,23,42,71,233
95,70,83,143,391
92,34,10,102,238
84,123,42,16,265
54,135,6,114,309
41,89,1,25,156
19,113,135,31,298
21,139,41,42,243
45,10,19,94,168
122,24,113,148,407
73,76,76,123,348
75,124,20,63,282
70,78,70,73,291
19,76,69,20,184
46,16,93,18,173
63,140,134,132,469
146,121,53,110,430
34,53,10,56,153
130,35,97,149,411
141,125,67,134,467
139,105,28,90,362
148,83,11,41,283
129,60,120,60,369
127,58,93,13,291
49,61,74,82,266
41,25,124,2,192
149,33,7,53,242
90,39,36,90,255
116,67,60,126,369
79,13,116,8,216
30,90,51,110,281
146,33,123,2,304
35,147,144,64,390
5,142,74,74,295
64,92,2,23,181
19,47,132,38,236
19,110,36,130,295
129,56,56,82,323
139,29,108,43,319
147,18,23,7,195
31,50,120,72,273
21,13,85,23,142
63,102,96,37,298
95,9,69,24,197
19,122,5,12,158
4,147,42,59,252
57,117,85,77,336
67,7,92,120,286
29,130,98,99,356
19,124,148,120,411
52,26,102,41,221
28,145,19,38,230
21,117,74,51,263
143,123,18,112,396
105,69,73,1,248
141,142,50,100,433
135,114,121,21,391
31,58,91,33,213
47,58,142,146,393
8,92,28,149,277
67,120,42,41,270
131,140,150,102,523
21,69,14,21,125
59,10,130,9,208
134,34,78,98,344
48,112,1,17,178
56,138,139,28,361
131,11,88,81,311
133,53,52,44,282
149,99,100,81,429
90,33,121,19,263
104,16,116,37,273
99,11,134,8,252
101,144,118,123,486
111,65,143,9,328
116,146,41,122,425
98,110,13,40,261
79,30,41,38,188
118,44,21,104,287
65,29,14,10,118
123,135,111,80,449
9,25,48,6,88
96,54,12,94,256
107,21,1,128,257
71,119,88,30,308
136,67,144,97,444
121,141,106,34,402
31,140,120,78,369
36,27,83,88,234
52,94,36,124,306
44,49,87,28,208
41,58,125,137,361
68,51,68,131,318
128,22,43,6,199
29,61,12,8,110
145,145,28,15,333
69,42,103,132,346
39,83,14,56,192
106,133,37,13,289
22,42,34,99,197
150,82,8,11,251
7,98,147,142,394
65,39,93,15,212
134,125,4,132,395
146,68,109,42,365
10,64,55,105,234
75,38,103,56,272
96,126,58,84,364
43,128,143,109,423
62,9,102,22,195
118,146,137,83,484
73,95,108,96,372
124,45,85,103,357
79,21,66,47,213
1,144,29,94,268
46,105,13,76,240
33,40,75,34,182
92,93,71,35,291
69,125,121,96,411
91,121,82,50,344
34,12,149,62,257
79,52,139,97,367
4,48,49,145,246
145,16,144,142,447
110,123,23,97,353
83,118,6,147,354
85,29,94,83,291
146,67,38,149,400
97,94,32,2,225
128,76,120,115,439
44,43,11,117,215
22,90,59,17,188
59,27,11,13,110
87,60,95,128,370
56,52,44,43,195
112,24,71,133,340
23,94,72,113,302
111,89,72,127,399
34,106,31,107,278
88,149,34,59,330
109,139,39,115,402
124,107,127,141,499
128,70,18,96,312
10,35,142,29,216
140,88,109,90,427
128,45,21,48,242
130,5,49,26,210
105,69,29,20,223
77,40,91,32,240
31,71,98,63,263
61,96,22,14,193
50,91,149,126,416
32,31,86,112,261
14,93,9,85,201
89,42,93,11,235
101,8,38,116,263
70,49,99,20,238
70,49,42,113,274
115,57,84,30,286
103,63,6,112,284
25,140,105,72,342
29,44,131,112,316
46,123,90,27,286
105,140,79,135,459
68,91,96,25,280
75,115,137,43,370
135,10,86,69,300
61,55,45,62,223
107,120,3,99,329
129,64,85,53,331
138,89,31,30,288
51,111,97,45,304
5,31,72,88,196
56,133,149,73,411
126,105,56,69,356
86,147,132,12,377
88,99,75,114,376
59,136,7,67,269
52,90,113,146,401
31,130,25,17,203
120,84,45,78,327
119,137,44,63,363
60,43,29,123,255
93,81,45,99,318
2,9,6,78,95
73,94,33,54,254
53,125,29,138,345
110,142,75,80,407
71,144,40,97,352
71,150,133,18,372
136,143,117,74,470
81,93,123,113,410
127,55,70,73,325
86,91,139,81,397
55,102,127,105,389
40,34,2,96,172
72,78,125,106,381
17,30,123,125,295
91,77,8,145,321
87,130,81,106,404
10,54,32,36,132
116,53,86,83,338
145,68,2,140,355
64,124,135,92,415
14,148,120,116,398
62,147,91,80,380
76,63,71,4,214
110,116,124,61,411
56,75,139,86,356
22,47,33,133,235
76,130,142,124,472
82,25,44,103,254
21,40,100,53,214
63,97,27,114,301
53,41,21,145,260
22,26,95,16,159
54,95,18,103,270
88,96,34,94,312
111,143,57,60,371
17,92,73,51,233
12,33,29,119,193
89,100,82,62,333
11,23,61,147,242
50,144,95,124,413
143,84,133,15,375
7,117,4,79,207
27,34,111,55,227
2,8,117,3,130
126,68,132,68,394
119,7,37,96,259
13,65,109,51,238
116,75,17,68,276
129,73,103,84,389
141,40,120,79,380
114,150,81,99,444
62,5,124,111,302
129,104,16,47,296
35,105,23,8,171
60,37,58,106,261
77,54,96,141,368
6,43,133,141,323
9,79,121,143,352
127,122,42,132,423
25,28,150,67,270
20,111,82,87,300
70,27,126,30,253
10,106,44,105,265
56,139,97,16,308
78,55,33,95,261
129,46,66,26,267
61,20,73,133,287
117,123,29,146,415
13,22,138,28,201
68,77,29,120,294
130,6,65,104,305
19,143,64,37,263
46,115,32,27,220
39,21,67,59,186
63,107,102,135,407
72,106,86,122,386
85,44,123,23,275
29,52,97,49,227
80,116,11,61,268
112,99,45,54,310
98,23,65,132,318
36,1,115,133,285
105,1,143,95,344
28,4,7,114,153
32,100,71,24,227
100,147,123,22,392
103,65,120,105,393
106,2,15,119,242
119,102,20,51,292
106,114,118,115,453
114,58,44,94,310
24,132,6,112,274
115,92,87,145,439
68,132,11,118,329
77,45,91,15,228
12,44,74,122,252
83,103,14,44,244
51,98,42,96,287
69,52,90,12,223
58,83,103,68,312
50,113,51,35,249
43,13,62,30,148
2,108,31,147,288
60,57,77,129,323
31,136,18,52,237
27,34,33,4,98
92,92,112,64,360
77,53,140,24,294
79,87,149,103,418
54,71,45,101,271
150,134,77,128,489
54,105,11,58,228
37,36,45,54,172
102,113,38,102,355
36,148,98,85,367
82,43,117,19,261
119,59,105,31,314
121,6,17,129,273
143,89,85,84,401
42,59,64,8,173
95,132,25,140,392
142,97,95,32,366
85,51,123,55,314
132,6,18,126,282
90,62,29,16,197
97,31,134,94,356
150,111,24,119,404
142,16,6,37,201
57,87,13,70,227
13,56,122,117,308
141,145,100,94,480
27,137,48,41,253
139,16,58,122,335
26,11,122,65,224
18,50,61,42,171
88,65,114,47,314
47,48,47,94,236
48,128,23,131,330
49,132,40,39,260
67,88,148,58,361
141,66,59,5,271
135,101,133,91,460
147,86,34,8,275
67,15,9,89,180
36,50,44,17,147
98,69,148,1,316
76,1,135,131,343
96,124,102,30,352
88,91,121,114,414
78,119,64,24,285
120,1,57,62,240
112,90,67,149,418
66,24,125,50,265
138,114,125,97,474
77,59,106,63,305
36,56,44,36,172
75,4,149,98,326
95,69,126,15,305
58,21,44,76,199
132,113,95,22,362
116,39,43,85,283
109,93,56,127,385
129,92,77,38,336
72,119,85,120,396
37,126,64,72,299
103,87,51,117,358
67,4,42,103,216
78,17,30,145,270
86,60,54,120,320
143,49,89,118,399
97,128,59,144,428
126,99,59,98,382
55,98,144,84,381
114,103,136,79,432
19,27,14,14,74
97,92,129,44,362
17,131,14,47,209
145,49,118,43,355
1,129,144,85,359
11,2,81,127,221
12,88,48,143,291
47,138,55,127,367
33,22,63,60,178
103,26,80,99,308
104,7,21,84,216
76,95,6,29,206
101,45,99,129,374
20,101,39,9,169
16,116,56,19,207
54,65,105,9,233
142,103,121,142,508
40,28,66,25,159
132,126,18,37,313
86,13,120,106,325
14,61,36,124,235
5,96,92,100,293
31,145,60,115,351
69,98,40,3,210
140,2,50,36,228
52,70,7,148,277
126,92,144,147,509
107,118,98,24,347
34,79,97,114,324
89,138,69,63,359
111,62,18,68,259
31,145,70,104,350
72,82,24,54,232
149,119,92,53,413
135,93,37,82,347
90,25,54,2,171
126,14,146,76,362
26,88,50,74,238
59,95,35,139,328
7,148,130,31,316
6,43,101,53,203
17,42,26,142,227
116,135,12,71,334
82,20,60,20,182
26,40,12,142,220
77,125,123,127,452
26,13,38,79,156
37,31,112,113,293
121,25,141,47,334
61,25,131,80,297
128,1,66,94,289
46,66,104,106,322
31,81,124,50,286
85,62,133,141,421
49,62,91,62,264
145,125,135,119,524
49,72,22,55,198
48,68,60,103,279
148,60,148,54,410
37,57,147,144,385
143,75,109,45,372
42,32,100,51,225
127,150,59,6,342
75,134,143,109,461
105,56,25,26,212
21,147,11,4,183
67,89,31,81,268
110,144,62,67,383
132,66,101,24,323
13,107,150,92,362
88,87,138,100,413
87,132,50,100,369
105,81,56,79,321
72,113,98,35,318
98,27,113,28,266
34,68,4,144,250
124,20,120,123,387
73,131,108,7,319
75,23,40,32,170
98,53,59,71,281
55,150,18,66,289
106,129,135,43,413
63,125,138,85,411
79,22,127,99,327
67,62,90,50,269
108,7,125,105,345
50,59,84,27,220
78,11,53,109,251
118,137,38,141,434
42,35,82,46,205
141,32,20,90,283
32,100,43,147,322
68,60,81,108,317
7,49,131,123,310
60,56,11,29,156
93,98,136,63,390
52,117,99,7,275
106,115,45,50,316
69,107,105,12,293
65,135,120,63,383
50,28,7,5,90
13,70,61,138,282
143,97,131,99,470
15,130,20,53,218
130,82,88,23,323
103,71,64,113,351
119,54,110,99,382
47,95,55,144,341
118,97,121,14,350
150,80,91,129,450
68,86,80,72,306
129,30,138,14,311
114,45,49,21,229
141,74,39,46,300
15,127,102,106,350
54,28,106,26,214
17,111,121,112,361
111,134,114,27,386
44,81,95,26,246
32,95,41,99,267
3,82,92,22,199
17,53,38,13,121
24,47,101,68,240
112,125,126,148,511
138,3,112,50,303
57,67,37,143,304
32,26,102,41,201
106,88,88,149,431
54,126,70,97,347
73,134,72,75,354
91,150,3,47,291
86,87,119,28,320
52,15,38,36,141
2,37,126,85,250
56,116,56,81,309
126,41,17,15,199
82,108,70,13,273
63,147,149,121,480
73,134,115,19,341
4,16,108,29,157
106,77,28,47,258
70,49,95,128,342
44,30,137,29,240
89,112,11,123,335
91,91,40,21,243
93,27,12,115,247
122,12,142,10,286
71,6,90,32,199
32,45,68,78,223
108,143,24,34,309
128,98,97,118,441
104,76,38,8,226
4,61,50,91,206
4,104,74,135,317
24,142,21,118,305
128,40,75,34,277
65,93,147,27,332
145,84,87,110,426
147,82,94,104,427
95,25,99,99,318
44,128,96,36,304
76,135,115,73,399
67,65,55,8,195
80,43,133,79,335
129,28,104,28,289
120,27,99,91,337
119,112,10,56,297
137,28,62,134,361
84,148,71,59,362
67,90,85,69,311
68,22,150,99,339
140,134,150,47,471
118,80,104,143,445
57,76,115,113,361
8,76,53,53,190
17,78,51,6,152
30,62,138,101,331
23,82,145,9,259
102,105,60,96,363
15,70,115,46,246
97,82,80,146,405
95,104,66,12,277
1,58,124,143,326
111,109,106,28,354
125,10,6,57,198
40,133,129,70,372
38,70,91,57,256
146,46,13,30,235
74,10,96,119,299
55,73,25,7,160
35,137,54,32,258
30,117,149,67,363
65,74,19,12,170
66,44,54,33,197
97,98,85,1,281
40,8,14,68,130
75,66,6,116,263
137,38,74,108,357
29,70,141,140,380
56,54,67,44,221
141,68,133,89,431
105,75,25,138,343
83,6,133,127,349
147,76,37,3,263
14,65,111,6,196
38,135,37,70,280
78,44,67,46,235
6,50,107,8,171
145,141,25,119,430
59,22,2,94,177
94,10,39,107,250
21,39,24,125,209
131,57,116,75,379
41,13,61,114,229
71,13,5,125,214
29,80,8,134,251
136,134,46,68,384
91,108,8,96,303
110,24,113,25,272
20,76,62,23,181
27,119,53,113,312
115,107,2,134,358
146,99,36,45,326
99,109,106,86,400
144,27,128,73,372
20,56,94,14,184
3,83,77,25,188
148,74,6,91,319
113,92,94,75,374
111,30,58,22,221
30,121,99,95,345
123,52,124,24,323
90,36,9,74,209
34,23,133,2,192
142,124,29,90,385
144,106,30,7,287
36,105,2,106,249
126,20,82,102,330
62,122,67,48,299
46,79,9,137,271
4,129,6,86,225
21,93,109,148,371
101,17,145,127,390
11,142,149,65,367
41,57,15,53,166
32,95,66,97,290
110,26,14,85,235
60,60,6,127,253
82,35,12,36,165
148,122,32,61,363
28,60,99,19,206
83,23,49,67,222
148,106,135,41,430
16,65,100,144,325
129,145,80,77,431
75,82,112,32,301
42,26,111,149,328
70,132,130,7,339
59,3,38,94,194
37,88,148,34,307
99,73,48,139,359
100,9,59,63,231
28,90,80,34,232
116,41,126,114,397
38,82,33,100,253
17,13,81,86,197
37,47,101,65,250
100,27,91,7,225
107,19,129,6,261
116,64,49,46,275
134,23,121,19,297
146,115,148,6,415
27,79,14,132,252
115,104,45,67,331
14,18,99,122,253
56,104,140,94,394
147,102,61,132,442
53,125,78,61,317
56,96,113,13,278
122,109,28,48,307
134,122,129,54,439
121,83,94,137,435
44,46,53,17,160
127,34,11,18,190
149,43,106,13,311
125,20,73,37,255
24,115,37,127,303
149,32,49,131,361
116,114,6,63,299
31,8,145,39,223
133,121,92,61,407
43,83,49,48,223
67,115,42,127,351
52,147,35,83,317
69,144,27,28,268
140,52,15,80,287
30,28,71,37,166
27,65,129,40,261
6,79,69,74,228
108,114,5,135,362
118,8,97,85,308
23,144,116,134,417
140,37,88,26,291
131,96,60,64,351
42,13,41,61,157
139,79,94,28,340
69,26,105,139,339
129,91,20,97,337
1,98,113,131,343
75,101,1,89,266
93,142,91,67,393
11,35,36,25,107
113,78,51,41,283
79,35,123,35,272
34,118,134,149,435
90,115,18,143,366
47,105,136,119,407
66,134,33,66,299
3,67,139,1,210
60,4,129,90,283
141,88,3,80,312
108,6,34,118,266
137,112,51,123,423
118,2,68,99,287
17,55,10,34,116
16,100,62,23,201
123,115,100,29,367
32,134,129,124,419
68,52,121,13,254
95,123,5,86,309
106,23,84,93,306
52,20,100,99,271
52,9,32,68,161
115,135,117,122,489
47,70,114,124,355
131,144,42,10,327
69,148,80,43,340
21,119,47,105,292
99,11,118,137,365
142,95,141,120,498
68,137,27,50,282
52,5,133,78,268
134,20,112,70,336
87,31,51,109,278
65,38,129,61,293
87,112,38,100,337
81,35,122,119,357
52,68,147,145,412
124,28,56,70,278
57,113,22,31,223
48,41,97,26,212
123,32,61,129,345
122,80,112,116,430
63,117,50,109,339
78,38,14,97,227
51,70,68,134,323
121,108,11,25,265
46,130,145,127,448
27,86,38,137,288
105,122,87,44,358
147,47,15,116,325
148,128,12,23,311
18,54,45,140,257
145,57,114,95,411
4,73,33,46,156
145,57,106,145,453
42,107,83,150,382
141,74,119,40,374
87,55,144,59,345
30,133,79,13,255
138,34,58,56,286
115,77,5,5,202
27,15,84,125,251
70,62,2,79,213
36,145,144,133,458
21,74,69,119,283
93,55,135,127,410
134,28,99,103,364
13,79,57,101,250
109,56,139,20,324
134,61,2,108,305
120,141,134,73,468
132,54,103,40,329
69,22,76,87,254
113,39,120,88,360
40,10,72,101,223
83,129,129,15,356
71,138,115,102,426
101,18,68,24,211
3,87,70,136,296
45,31,146,43,265
17,18,129,143,307
84,13,139,37,273
44,105,123,115,387
146,96,144,85,471
36,121,40,3,200
81,120,94,132,427
11,139,60,136,346
19,99,8,83,209
112,103,145,104,464
60,6,73,109,248
117,124,81,111,433
74,40,21,29,164
105,23,2,149,279
26,87,140,3,256
98,116,34,45,293
39,55,75,140,309
66,127,81,2,276
32,11,133,89,265
49,14,129,98,290
115,15,137,42,309
10,41,33,10,94
100,44,35,67,246
28,88,37,107,260
92,145,107,97,441
120,82,102,23,327
94,17,35,118,264
74,57,138,126,395
62,81,138,86,367
13,137,142,118,410
94,54,37,54,239
138,93,116,81,428
42,38,96,83,259
32,138,16,4,190
11,50,83,28,172
117,119,70,84,390
99,10,147,9,265
103,61,4,22,190
65,92,127,143,427
81,51,95,7,234
148,57,82,2,289
22,69,45,47,183
76,146,114,49,385
10,68,1,26,105
75,63,99,36,273
44,113,135,13,305
114,148,55,124,441
24,132,85,146,387
112,73,13,100,298
129,40,6,84,259
67,64,29,88,248
89,104,43,41,277
70,116,26,147,359
103,82,1,62,248
102,8,55,11,176
58,57,125,106,346
64,83,104,21,272
71,27,104,64,266
141,11,73,74,299
36,76,8,67,187
139,12,82,61,294
106,19,122,9,256
92,72,137,114,415
86,145,111,137,479
98,26,7,86,217
118,108,71,60,357
10,147,81,62,300
108,96,102,25,331
61,145,54,64,324
13,31,138,6,188
54,87,1,107,249
49,60,61,132,302
36,19,137,128,320
135,1,33,11,180
24,110,138,58,330
67,108,78,140,393
126,129,53,69,377
37,103,46,125,311
71,113,100,87,371
8,75,74,147,304
80,102,1,16,199
34,61,60,64,219
82,5,72,102,261
137,79,36,119,371
146,104,37,34,321
96,135,132,106,469
145,14,28,129,316
89,32,143,35,299
126,40,54,3,223
110,143,123,23,399
9,27,68,22,126
105,46,19,30,200
145,82,99,118,444
103,86,108,105,402
95,130,29,34,288
122,7,9,128,266
134,47,134,14,329
73,116,130,82,401
59,125,17,123,324
70,79,4,50,203
68,98,70,92,328
10,77,32,147,266
35,6,77,34,152
38,62,58,32,190
11,14,88,29,142
92,149,80,12,333
128,146,29,128,431
129,108,62,34,333
51,129,117,10,307
109,10,140,3,262
41,118,115,16,290
75,64,43,18,200
79,87,18,30,214
128,20,31,144,323
139,47,35,14,235
15,57,72,96,240
89,103,119,11,322
98,69,22,143,332
60,19,36,137,252
134,75,131,25,365
11,113,120,15,259
144,124,73,124,465
128,148,77,98,451
22,90,147,39,298
48,110,21,120,299
125,14,98,46,283
99,75,70,111,355
56,126,92,33,307
99,53,39,64,255
96,114,13,61,284
30,44,77,27,178
134,40,137,77,388
147,129,95,26,397
25,75,49,58,207
96,50,82,98,326
138,86,5,135,364
121,22,136,47,326
90,122,109,142,463
19,63,104,104,290
64,128,17,56,265
34,51,74,122,281
13,83,120,105,321
60,93,23,139,315
22,37,119,22,200
130,15,60,53,258
44,119,90,20,273
101,147,61,35,344
19,149,91,52,311
115,112,60,103,390
115,40,65,61,281
28,86,150,81,345
105,47,89,75,316
6,14,13,73,106
57,21,104,134,316
31,85,44,14,174
71,94,61,11,237
8,27,103,68,206
124,61,20,139,344
15,146,5,53,219
122,16,95,83,316
8,66,39,110,223
56,28,52,124,260
118,140,16,81,355
145,108,47,17,317
81,132,1,78,292
66,92,120,116,394
123,25,107,38,293
13,37,45,102,197
121,62,137,122,442
37,129,74,129,369
43,39,42,81,205
48,129,49,142,368
147,90,17,54,308
8,12,45,131,196
73,107,23,49,252
41,147,50,103,341
14,77,13,111,215
120,87,83,131,421
29,119,115,13,276
14,15,33,122,184
115,36,75,40,266
150,39,135,124,448
132,53,125,79,389
12,13,14,150,189
137,129,121,116,503
91,7,89,82,269
76,18,34,115,243
22,82,143,1,248
101,48,37,58,244
121,34,134,57,346
23,11,95,114,243
108,15,149,84,356
64,97,103,35,299
48,147,110,137,442
102,33,77,26,238
95,82,82,11,270
88,98,148,64,398
8,106,67,102,283
23,23,116,132,294
56,62,28,24,170
44,86,76,82,288
14,130,136,14,294
69,80,117,147,413
65,122,21,39,247
100,54,61,68,283
2,14,72,122,210
102,19,82,13,216
62,15,88,63,228
34,60,77,17,188
10,2,5,55,72
73,148,47,8,276
87,70,150,34,341
75,150,2,33,260
16,107,114,29,266
36,86,143,53,318
117,49,8,143,317
106,1,96,149,352
35,30,61,140,266
124,70,150,77,421
30,98,148,133,409
5,48,129,105,287
77,132,74,86,369
89,113,116,35,353
83,105,26,89,303
60,43,3,122,228
79,76,23,123,301
108,7,38,11,164
126,86,56,41,309
81,61,135,18,295
96,143,73,78,390
31,142,79,34,286
93,141,5,91,330
89,5,112,148,354
141,21,83,35,280
38,79,20,147,284
150,48,16,80,294
62,99,96,121,378
60,131,34,4,229
30,58,59,1,148
137,120,137,100,494
85,36,150,99,370
43,26,28,49,146
43,77,44,1,165
77,137,42,56,312
142,32,137,44,355
50,27,40,79,196
119,44,145,24,332
87,38,63,143,331
133,47,4,74,258
105,73,42,4,224
96,11,79,55,241
120,127,115,106,468
20,27,92,106,245
79,27,147,49,302
100,107,29,117,353
57,24,145,147,373
115,108,137,108,468
82,2,11,134,229
49,14,15,3,81
113,140,48,14,315
38,98,105,116,357
99,20,142,26,287
84,65,15,9,173
73,92,85,90,340
125,145,84,97,451
15,48,114,25,202
86,10,99,61,256
111,115,50,58,334
109,54,21,94,278
23,148,23,145,339
111,63,108,29,311
143,15,57,59,274
21,79,30,18,148
148,96,98,51,393
108,96,117,92,413
43,71,79,27,220
112,6,72,110,300
113,9,132,116,370
97,76,34,70,277
141,24,120,67,352
9,103,138,57,307
83,99,89,79,350
111,131,123,2,367
91,56,60,93,300
43,37,62,126,268
128,89,16,8,241
70,3,67,75,215
62,47,143,22,274
64,4,146,99,313
54,140,45,136,375
91,80,65,110,346
109,16,20,77,222
109,117,103,3,332
23,86,128,149,386
22,136,99,74,331
10,9,87,4,110
133,111,137,116,497
19,14,62,9,104
133,146,89,147,515
9,101,46,146,302
145,5,99,94,343
103,114,3,54,274
16,20,60,123,219
144,20,61,96,321
81,94,73,26,274
49,106,132,59,346
92,39,91,126,348
109,18,138,10,275
137,36,41,29,243
101,132,42,82,357
31,18,141,119,309
79,50,50,67,246
112,114,82,129,437
66,106,90,62,324
122,100,10,88,320
135,15,74,140,364
47,31,73,9,160
54,142,45,148,389
126,70,46,74,316
53,25,123,93,294
81,98,31,107,317
16,66,64,70,216
112,56,85,89,342
109,31,7,47,194
27,79,89,95,290
115,15,104,120,354
103,65,101,132,401
109,90,21,121,341
7,124,99,34,264
34,102,25,89,250
47,60,101,12,220
120,101,120,9,350
114,39,57,72,282
90,118,125,86,419
2,119,111,83,315
72,132,24,150,378
117,21,11,78,227
119,101,115,135,470
104,65,141,35,345
70,76,46,88,280
133,138,51,148,470
104,43,38,68,253
104,72,55,107,338
44,21,137,122,324
128,144,109,30,411
95,148,125,126,494
124,70,2,69,265
87,73,95,105,360
141,105,23,62,331
62,42,17,10,131
91,51,121,14,277
14,133,72,52,271
149,129,80,106,464
85,13,60,6,164
95,47,129,40,311
34,11,70,57,172
39,136,110,69,354
147,116,148,119,530
91,147,55,55,348
63,116,120,23,322
44,43,25,79,191
62,22,129,51,264
142,84,85,69,380
114,26,117,113,370
83,60,101,24,268
143,71,144,88,446
138,107,103,98,446
74,150,1,115,340
111,17,31,147,306
41,50,24,129,244
114,93,81,140,428
50,53,83,69,255
59,114,106,23,302
16,42,119,32,209
98,83,145,28,354
145,109,135,58,447
149,7,77,79,312
148,105,50,145,448
64,80,94,36,274
19,55,96,77,247
82,51,119,90,342
78,110,15,117,320
133,68,107,40,348
82,129,8,59,278
111,60,121,95,387
98,146,105,149,498
66,123,114,27,330
13,73,62,9,157
84,105,46,31,266
10,50,139,54,253
123,45,135,135,438
4,97,108,10,219
35,79,123,9,246
43,6,11,140,200
41,16,76,71,204
122,64,133,123,442
130,25,55,125,335
109,31,48,68,256
87,68,74,33,262
119,147,9,2,277
118,101,87,45,351
30,17,105,1,153
48,91,36,101,276
59,109,55,150,373
59,59,110,134,362
43,73,46,53,215
134,20,149,101,404
102,98,48,8,256
130,34,65,141,370
110,149,17,43,319
115,78,11,60,264
8,31,65,91,195
106,33,90,103,332
128,60,132,106,426
96,72,44,55,267
92,98,43,35,268
101,122,75,97,395
52,53,79,14,198
112,91,94,86,383
48,93,114,110,365
29,132,149,71,381
111,136,48,108,403
60,92,88,18,258
144,76,85,78,383
13,125,131,15,284
32,21,136,67,256
106,70,146,79,401
139,25,65,101,330
90,71,107,107,375
71,128,55,137,391
50,4,79,135,268
107,26,15,136,284
71,94,135,123,423
99,94,129,99,421
83,1,136,144,364
129,42,30,121,322
120,51,125,44,340
21,44,110,150,325
97,145,92,63,397
21,54,70,149,294
142,37,110,96,385
83,29,102,144,358
70,16,133,145,364
127,123,50,65,365
105,126,76,148,455
125,5,18,44,192
57,78,120,3,258
32,13,104,9,158
98,120,122,83,423
134,124,85,150,493
34,120,125,123,402
77,127,40,31,275
91,58,28,70,247
131,66,54,11,262
30,34,150,34,248
106,31,42,40,219
97,33,8,116,254
108,150,72,32,362
34,139,148,92,413
33,41,102,81,257
79,51,50,64,244
36,61,62,75,234
60,70,81,10,221
51,51,134,99,335
32,140,1,96,269
102,105,75,78,360
129,138,46,111,424
97,121,112,63,393
52,117,54,142,365
135,145,145,105,530
82,139,77,135,433
109,15,135,135,394
111,23,94,74,302
7,14,59,83,163
44,68,87,86,285
119,107,12,80,318
131,56,126,142,455
86,138,64,35,323
134,63,72,81,350
74,133,21,26,254
93,9,97,103,302
140,31,8,82,261
119,81,39,56,295
75,150,3,103,331
65,58,6,69,198
124,131,45,7,307
125,60,143,128,456
85,122,26,86,319
2,17,7,5,31
41,121,115,73,350
85,10,34,70,199
122,100,52,118,392
138,110,118,37,403
70,23,127,15,235
38,68,133,144,383
46,82,31,20,179
16,51,133,56,256
135,96,72,114,417
17,71,81,74,243
85,144,71,150,450
69,62,147,25,303
88,20,90,112,310
130,31,82,109,352
67,84,97,52,300
91,73,50,136,350
39,82,69,132,322
140,3,147,139,429
149,115,67,15,346
78,72,82,94,326
48,56,74,117,295
38,135,99,145,417
56,126,5,44,231
10,89,122,118,339
28,83,56,119,286
99,44,149,124,416
1,139,138,19,297
108,60,75,34,277
115,53,96,33,297
85,130,36,92,343
91,14,20,34,159
138,101,99,125,463
95,138,49,47,329
116,27,9,20,172
52,135,95,96,378
109,14,130,94,347
97,146,68,19,330
89,141,63,104,397
123,122,63,78,386
88,2,38,20,148
107,139,117,145,508
79,60,111,24,274
16,72,41,2,131
22,128,39,101,290
145,40,46,50,281
122,116,5,68,311
92,78,142,38,350
16,50,111,23,200
18,71,60,17,166
91,37,89,43,260
142,50,56,106,354
95,56,31,118,300
95,137,123,68,423
29,46,144,132,351
81,4,39,52,176
25,2,143,26,196
140,12,108,53,313
64,78,8,67,217
32,85,41,139,297
95,36,57,135,323
81,63,86,38,268
146,89,21,15,271
23,31,69,53,176
77,105,128,32,342
14,3,130,87,234
116,82,84,150,432
121,44,97,64,326
134,59,40,77,310
121,108,107,88,424
12,60,149,143,364
89,2,145,41,277
124,150,74,140,488
145,113,68,5,331
130,15,67,74,286
73,129,103,76,381
3,47,130,119,299
88,90,57,121,356
78,45,42,97,262
33,94,49,38,214
73,20,104,142,339
74,129,133,141,477
92,73,115,97,377
57,83,81,77,298
69,112,36,38,255
149,132,44,24,349
104,50,110,65,329
2,63,92,131,288
118,57,79,82,336
46,20,122,134,322
34,80,73,94,281
37,101,133,36,307
12,122,147,83,364
36,129,87,54,306
11,94,51,103,259
6,139,112,68,325
78,24,16,52,170
110,129,122,133,494
141,118,78,54,391
70,78,56,13,217
100,124,9,33,266
106,96,32,111,345
128,63,91,116,398
110,96,2,15,223
54,15,69,96,234
50,45,124,45,264
148,132,44,64,388
139,143,55,34,371
78,100,113,107,398
122,58,91,131,402
56,110,16,117,299
24,38,35,90,187
102,129,23,148,402
110,49,23,19,201
97,135,13,7,252
5,146,128,16,295
60,95,75,114,344
35,132,50,74,291
115,95,101,7,318
123,51,149,141,464
14,85,75,116,290
150,78,97,128,453
69,130,21,105,325
107,102,55,66,330
137,76,60,122,395
120,24,12,47,203
21,146,150,22,339
126,109,62,100,397
95,37,83,65,280
38,130,79,149,396
4,23,123,58,208
128,111,114,40,393
33,121,22,111,287
6,10,74,62,152
89,92,144,80,405
150,144,33,95,422
85,27,139,52,303
54,98,36,87,275
82,14,6,24,126
89,50,69,31,239
113,130,37,120,400
88,137,70,135,430
85,12,26,3,126
97,12,76,57,242
32,70,32,4,138
141,29,83,76,329
18,30,77,99,224
133,40,103,118,394
94,139,97,140,470
5,15,2,149,171
94,42,84,35,255
36,113,23,132,304
67,50,24,24,165
42,99,61,90,292
133,32,120,25,310
65,108,86,53,312
42,32,76,138,288
53,102,123,32,310
149,101,77,143,470
128,1,31,56,216
143,12,62,21,238
17,36,141,19,213
103,120,47,21,291
31,142,113,101,387
144,124,3,65,336
108,39,104,122,373
134,108,55,71,368
89,67,16,51,223
17,36,36,36,125
108,111,95,75,389
56,65,91,2,214
108,57,112,50,327
7,145,39,43,234
56,115,130,63,364
68,90,105,8,271
117,126,33,21,297
3,69,53,30,155
56,126,138,116,436
13,4,9,67,93
45,113,45,34,237
27,49,144,124,344
14,135,27,37,213
40,54,67,87,248
108,142,68,82,400
119,72,134,134,459
4,40,116,29,189
29,60,16,18,123
18,68,89,52,227
30,42,47,21,140
146,22,64,44,276
51,9,4,43,107
30,77,46,106,259
133,64,73,113,383
16,35,117,16,184
119,96,93,60,368
84,79,113,139,415
50,84,33,81,248
20,150,82,85,337
140,128,81,23,372
111,2,29,141,283
63,17,65,54,199
87,31,106,149,373
67,27,28,100,222
52,4,65,2,123
59,132,101,111,403
8,81,95,65,249
94,104,126,109,433
44,64,42,40,190
62,66,96,105,329
50,111,84,60,305
99,9,129,17,254
148,78,61,32,319
47,77,40,80,244
139,68,35,97,339
1,79,95,81,256
78,91,70,135,374
12,130,45,108,295
75,25,26,8,134
51,147,147,4,349
112,43,75,65,295
138,101,85,27,351
12,47,137,31,227
69,76,103,113,361
39,27,24,7,97
127,23,134,55,339
130,89,83,125,427
48,35,83,23,189
50,11,100,126,287
86,73,74,23,256
92,37,123,18,270
86,63,76,81,306
24,105,20,81,230
94,122,124,77,417
52,76,124,69,321
81,11,92,121,305
26,69,35,24,154
34,20,125,106,285
49,112,46,48,255
31,42,129,36,238
31,88,23,96,238
23,92,60,101,276
41,123,121,109,394
17,96,110,142,365
60,15,38,63,176
136,64,20,20,240
57,23,84,41,205
142,101,103,13,359
59,40,55,126,280
86,104,63,39,292
133,127,11,49,320
150,140,36,73,399
58,88,4,15,165
34,19,17,64,134
86,92,50,24,252
110,89,121,25,345
140,70,127,68,405
118,46,95,26,285
118,21,16,26,181
32,58,64,98,252
13,31,130,46,220
146,140,40,140,466
88,44,42,8,182
41,143,124,4,312
92,53,150,88,383
114,32,41,115,302
75,46,56,63,240
54,107,80,69,310
73,146,133,29,381
75,67,22,55,219
140,114,11,85,350
19,146,132,94,391
123,73,8,5,209
142,5,95,147,389
32,136,53,124,345
42,104,33,13,192
101,9,74,1,185
52,53,136,39,280
75,106,94,147,422
53,78,116,138,385
66,105,111,12,294
45,34,62,82,223
64,26,107,66,263
12,97,16,24,149
55,146,17,64,282
111,72,56,19,258
126,74,51,43,294
54,5,42,2,103
71,18,137,44,270
38,66,124,71,299
42,12,6,119,179
109,26,87,141,363
95,142,4,132,373
14,16,67,85,182
53,118,17,22,210
61,23,71,40,195
148,119,114,69,450
114,137,26,49,326
68,18,95,12,193
20,92,70,62,244
65,131,30,38,264
76,110,29,75,290
79,92,2,139,312
104,134,10,40,288
81,132,57,42,312
99,96,120,5,320
25,144,17,48,234
90,46,35,23,194
146,127,64,149,486
18,106,129,80,333
7,63,126,14,210
80,37,21,68,206
20,129,122,20,291
80,9,70,123,282
100,91,128,39,358
32,73,99,84,288
37,4,57,6,104
48,139,34,29,250
118,109,79,52,358
43,46,59,95,243
115,76,33,132,356
46,12,57,111,226
38,28,67,140,273
136,121,90,11,358
123,139,29,85,376
127,60,125,124,436
16,22,130,88,256
51,123,121,72,367
31,113,46,95,285
89,34,9,134,266
72,78,27,147,324
143,33,124,119,419
142,75,69,8,294
143,39,60,46,288
131,23,110,46,310
25,92,17,143,277
45,31,136,20,232
79,21,120,69,289
133,135,48,4,320
98,76,48,39,261
44,101,4,144,293
131,87,122,148,488
61,37,47,97,242
131,88,82,80,381
30,8,79,3,120
93,111,148,54,406
119,79,124,91,413
121,109,117,121,468
114,14,113,61,302
77,148,51,117,393
91,70,49,103,313
37,133,11,80,261
17,65,106,33,221
134,63,54,32,283
84,137,60,144,425
131,101,75,65,372
140,65,27,84,316
81,48,102,117,348
13,45,128,108,294
72,150,109,81,412
38,80,116,97,331
24,80,72,22,198
128,11,145,149,433
77,5,41,67,190
46,117,68,62,293
105,93,52,86,336
3,63,148,38,252
146,21,109,121,397
141,12,70,26,249
25,40,26,8,99
19,77,26,92,214
38,108,129,93,368
139,135,101,95,470
129,142,12,81,364
35,71,37,20,163
148,41,61,109,359
113,109,39,2,263
91,64,16,130,301
30,83,72,86,271
141,19,141,147,448
122,13,38,142,315
63,13,52,2,130
13,128,20,105,266
150,102,59,66,377
96,93,66,102,357
100,8,36,105,249
13,91,142,46,292
38,72,141,44,295
101,112,8,55,276
27,103,22,59,211
92,125,106,51,374
39,44,96,34,213
78,124,80,122,404
53,103,130,8,294
36,115,10,126,287
42,23,116,51,232
82,43,133,31,289
131,48,43,71,293
69,92,130,22,313
5,90,47,79,221
61,34,13,113,221
12,118,100,8,238
147,99,89,145,480
110,90,20,10,230
9,40,10,87,146
14,126,107,74,321
149,120,59,34,362
50,118,56,72,296
29,110,94,57,290
2,113,28,80,223
78,114,94,11,297
86,12,72,31,201
115,47,118,128,408
27,23,81,102,233
80,137,11,69,297
56,38,11,89,194
86,21,73,10,190
146,56,150,121,473
60,104,7,26,197
108,144,33,46,331
125,11,143,32,311
136,16,37,72,261
70,124,120,95,409
78,72,83,148,381
23,18,85,55,181
18,79,83,38,218
18,3,140,142,303
53,54,106,58,271
117,6,107,71,301
88,66,148,102,404
126,118,98,17,359
118,105,42,88,353
77,98,36,115,326
87,77,131,31,326
64,93,91,50,298
69,130,25,63,287
149,34,7,109,299
28,2,75,51,156
39,81,7,3,130
143,116,77,69,405
87,136,58,42,323
145,103,93,80,421
22,81,11,42,156
5,13,55,121,194
121,43,28,111,303
66,24,104,35,229
63,148,10,15,236
60,89,70,26,245
71,116,46,21,254
25,143,46,80,294
63,127,75,78,343
19,98,61,5,183
54,32,81,29,196
8,35,41,117,201
119,84,134,136,473
42,98,53,119,312
144,62,138,81,425
48,8,94,114,264
48,138,108,9,303
121,94,74,110,399
138,57,68,63,326
3,30,108,51,192
66,33,13,65,177
56,141,98,124,419
99,35,94,62,290
61,63,2,66,192
81,122,7,147,357
134,75,121,34,364
35,125,135,62,357
69,54,88,58,269
79,1,144,19,243
64,36,8,29,137
73,143,126,63,405
51,48,93,150,342
62,37,67,121,287
23,14,52,33,122
131,102,86,93,412
63,125,118,150,456
145,137,78,21,381
136,95,19,67,317
87,18,8,23,136
23,10,68,136,237
150,140,115,12,417
75,88,130,64,357
24,129,147,134,434
12,27,47,103,189
26,43,65,142,276
133,12,72,122,339
118,11,10,73,212
2,139,130,3,274
106,85,100,136,427
36,45,24,87,192
45,128,107,70,350
43,125,28,98,294
133,38,54,112,337
34,150,79,27,290
95,119,105,71,390
29,80,147,45,301
31,38,41,68,178
1,25,27,82,135
58,17,112,129,316
53,52,30,104,239
76,81,100,66,323
6,83,79,129,297
40,128,15,78,261
134,89,72,41,336
84,71,140,12,307
96,105,50,26,277
21,82,139,25,267
44,36,24,145,249
150,13,40,98,301
55,43,73,98,269
148,145,28,84,405
9,99,137,25,270
10,142,130,56,338
93,99,89,72,353
103,34,84,55,276
147,18,52,96,313
129,108,3,82,322
15,74,125,143,357
71,150,54,127,402
134,138,62,3,337
23,15,110,113,261
43,102,1,11,157
49,16,119,104,288
29,75,24,57,185
81,131,25,12,249
10,133,32,28,203
19,83,50,58,210
56,84,35,94,269
102,104,18,130,354
13,92,136,69,310
110,18,98,64,290
150,6,125,144,425
55,49,99,95,298
87,20,75,33,215
95,9,5,102,211
140,66,63,46,315
117,130,19,34,300
103,139,10,36,288
20,75,108,72,275
97,146,46,52,341
63,49,107,106,325
100,95,3,128,326
148,86,115,142,491
133,149,13,16,311
15,58,82,96,251
33,99,141,99,372
72,139,92,94,397
15,98,50,61,224
93,102,35,67,297
147,116,66,130,459
85,150,114,139,488
126,70,59,38,293
50,146,85,27,308
25,123,12,110,270
11,5,15,104,135
150,124,146,32,452
9,52,48,76,185
144,126,149,75,494
79,3,50,70,202
72,99,119,54,344
1,102,47,36,186
111,104,137,58,410
63,52,144,122,381
74,3,87,149,313
67,149,70,115,401
122,51,67,90,330
73,6,37,94,210
95,143,114,92,444
18,24,99,56,197
14,29,110,85,238
145,87,5,127,364
32,139,28,28,227
4,32,149,38,223
13,147,97,115,372
98,121,26,66,311
24,72,6,39,141
140,41,80,35,296
117,47,102,69,335
107,62,99,17,285
122,56,65,69,312
74,75,32,109,290
85,29,59,150,323
55,107,102,106,370
129,74,148,8,359
9,83,25,108,225
135,81,134,98,448
32,141,11,131,315
105,81,25,133,344
4,91,127,89,311
65,46,8,106,225
32,48,103,127,310
134,64,19,104,321
88,31,47,122,288
139,21,114,98,372
68,144,138,31,381
120,91,47,28,286
17,147,137,12,313
67,88,72,83,310
35,17,40,14,106
29,42,42,47,160
143,128,84,86,441
105,129,94,55,383
22,62,77,134,295
2,31,90,2,125
88,92,119,150,449
135,138,7,91,371
119,143,58,13,333
103,55,120,23,301
62,62,39,115,278
149,130,94,62,435
143,8,122,119,392
18,99,55,109,281
58,34,4,9,105
107,63,147,141,458
17,62,114,119,312
91,6,118,81,296
48,35,134,106,323
90,25,67,92,274
150,106,97,90,443
58,90,51,54,253
48,105,13,1,167
78,25,76,118,297
41,43,23,54,161
42,79,24,60,205
67,93,146,4,310
70,69,130,150,419
128,49,36,9,222
1,2,149,125,277
87,123,150,43,403
102,1,93,147,343
59,37,3,51,150
17,2,83,63,165
44,32,5,96,177
9,112,110,5,236
13,1,91,91,196
49,124,89,69,331
109,129,106,10,354
117,99,134,100,450
19,56,96,38,209
81,101,126,121,429
14,117,148,50,329
67,110,22,43,242
43,94,105,113,355
79,130,4,149,362
48,130,8,16,202
85,86,53,106,330
14,102,68,57,241
16,32,130,11,189
92,149,102,71,414
136,24,111,73,344
50,72,67,11,200
146,85,143,42,416
19,4,99,69,191
124,9,144,125,402
78,35,145,6,264
72,95,4,71,242
86,44,61,136,327
27,134,67,101,329
132,52,62,62,308
117,26,103,147,393
98,30,56,42,226
62,7,86,145,300
142,70,23,72,307
27,85,90,131,333
63,111,150,5,329
78,137,97,48,360
144,122,78,12,356
119,62,96,61,338
26,131,95,143,395
99,52,21,127,299
95,77,56,58,286
22,79,16,95,212
123,110,68,43,344
77,133,7,25,242
78,20,58,3,159
45,39,143,41,268
105,67,118,58,348
6,86,122,50,264
31,50,17,31,129
95,58,11,139,303
126,148,17,79,370
99,116,53,47,315
53,147,79,72,351
38,59,113,19,229
20,1,60,62,143
73,136,123,148,480
105,14,142,76,337
90,27,3,100,220
83,105,74,83,345
61,115,111,42,329
53,16,85,45,199
137,6,71,61,275
100,109,83,113,405
86,46,105,38,275
19,24,136,56,235
18,41,2,53,114
40,56,46,102,244
14,95,147,144,400
46,71,106,125,348
93,137,126,139,495
104,71,37,45,257
51,109,110,42,312
10,59,92,39,200
58,39,16,149,262
56,142,103,25,326
55,85,115,84,339
70,47,112,90,319
115,3,27,109,254
85,77,40,34,236
11,121,17,132,281
14,101,96,140,351
69,146,134,103,452
33,6,78,9,126
94,36,116,20,266
109,48,28,57,242
22,26,125,100,273
76,20,128,30,254
13,73,69,34,189
121,57,83,83,344
114,109,82,91,396
145,108,106,25,384
75,103,116,71,365
57,83,73,149,362
57,37,19,11,124
44,8,132,50,234
124,37,63,84,308
108,85,53,86,332
29,123,57,132,341
10,84,10,85,189
74,19,63,130,286
149,74,121,130,474
66,120,140,149,475
111,54,32,101,298
35,134,27,136,332
68,64,60,147,339
7,25,96,91,219
63,34,116,59,272
43,14,105,147,309
135,32,80,71,318
113,89,44,142,388
11,143,104,70,328
41,122,83,85,331
82,135,17,28,262
11,138,54,52,255
130,79,35,62,306
123,44,91,127,385
73,61,62,85,281
82,34,19,43,178
42,55,67,57,221
92,60,72,91,315
102,27,132,85,346
146,134,6,131,417
26,121,106,49,302
110,72,6,107,295
82,44,102,147,375
33,16,47,90,186
137,47,96,141,421
4,95,143,49,291
140,81,64,138,423
53,48,96,26,223
145,94,113,70,422
144,5,57,49,255
141,38,125,138,442
37,121,142,69,369
125,140,89,74,428
92,26,76,63,257
126,48,11,37,222
76,71,13,73,233
24,121,103,21,269
31,61,75,30,197
80,50,145,21,296
3,62,137,121,323
115,107,130,3,355
5,136,126,82,349
48,81,124,60,313
16,49,17,68,150
138,82,148,145,513
139,18,74,37,268
67,149,7,121,344
3,60,44,130,237
50,134,95,59,338
53,81,121,44,299
103,101,27,130,361
122,16,12,32,182
68,75,3,103,249
5,43,18,2,68
61,7,128,85,281
31,148,122,88,389
140,67,40,52,299
28,140,57,129,354
4,113,37,95,249
2,89,42,103,236
101,36,97,55,289
142,26,141,18,327
131,68,33,149,381
53,98,122,81,354
123,61,45,2,231
101,109,95,52,357
128,132,110,23,393
118,4,62,78,262
4,60,140,12,216
46,44,77,119,286
73,39,134,23,269
79,138,137,33,387
49,10,10,126,195
88,127,56,148,419
67,37,92,104,300
46,122,48,99,315
58,48,104,34,244
113,131,91,81,416
26,133,17,99,275
17,1,68,19,105
133,148,129,59,469
69,27,20,38,154
115,89,124,88,416
55,131,71,136,393
33,129,21,126,309
101,83,39,91,314
125,53,10,27,215
133,52,97,27,309
27,9,98,63,197
125,105,91,58,379
5,51,10,134,200
115,130,82,15,342
140,10,70,101,321
17,111,2,92,222
130,58,74,58,320
134,34,101,32,301
51,68,136,103,358
120,29,122,75,346
64,71,82,95,312
122,116,25,142,405
140,47,56,39,282
124,44,14,75,257
120,11,74,89,294
42,71,58,110,281
89,131,6,38,264
121,24,14,59,218
28,104,43,56,231
1,8,48,98,155
41,103,54,56,254
111,43,76,34,264
105,89,100,93,387
145,119,38,14,316
2,107,48,82,239
98,17,65,71,251
140,135,147,89,511
101,21,33,65,220
117,86,51,101,355
4,115,123,42,284
114,59,97,149,419
124,76,27,61,288
96,24,9,141,270
103,96,24,88,311
62,110,102,99,373
27,15,142,14,198
139,138,22,41,340
22,66,49,82,219
70,91,134,88,383
91,80,107,23,301
82,137,122,138,479
131,129,126,110,496
105,148,54,58,365
35,40,83,33,191
98,132,18,107,355
89,148,104,10,351
7,142,8,26,183
111,24,36,76,247
146,37,105,78,366
97,130,79,23,329
1,6,131,110,248
144,140,137,139,560
2,25,85,118,230
78,50,141,120,389
8,76,135,58,277
18,68,10,69,165
143,74,141,92,450
122,90,106,16,334
110,120,69,56,355
101,86,105,125,417
8,84,96,102,290
48,137,23,14,222
16,18,83,113,230
63,71,68,65,267
111,62,6,56,235
91,118,53,47,309
74,128,9,107,318
14,145,4,70,233
50,43,10,80,183
17,150,33,17,217
137,139,103,47,426
51,38,20,117,226
15,102,46,19,182
43,129,105,28,305
71,102,9,7,189
145,83,27,72,327
48,120,51,71,290
140,46,139,49,374
38,23,76,6,143
103,79,2,10,194
85,42,99,47,273
62,31,114,37,244
128,120,129,132,509
12,113,17,47,189
64,42,127,129,362
85,149,60,76,370
77,56,63,100,296
150,82,148,80,460
76,138,18,142,374
115,97,131,53,396
33,140,11,43,227
137,44,55,111,347
17,109,24,135,285
140,91,97,62,390
73,30,74,32,209
81,119,120,139,459
47,51,92,147,337
108,86,130,39,363
88,41,110,88,327
44,94,130,132,400
85,19,150,105,359
119,134,14,129,396
101,79,114,80,374
119,17,111,92,339
106,150,131,26,413
89,8,55,61,213
99,79,22,119,319
109,74,11,142,336
23,113,45,110,291
29,63,39,95,226
28,121,10,82,241
79,134,5,92,310
60,14,47,148,269
95,104,97,150,446
17,73,76,50,216
2,109,110,136,357
83,141,32,30,286
124,124,90,128,466
92,10,27,51,180
23,34,136,70,263
146,107,81,15,349
43,17,86,143,289
122,121,24,135,402
24,102,116,12,254
68,124,101,54,347
5,35,111,144,295
47,60,27,94,228
69,53,24,114,260
25,120,84,29,258
81,130,21,149,381
12,28,91,54,185
136,92,55,143,426
29,133,34,134,330
76,145,7,12,240
119,49,58,7,233
60,93,97,94,344
2,134,91,103,330
13,131,84,55,283
138,29,83,102,352
5,65,121,36,227
116,79,134,101,430
105,128,27,12,272
71,120,60,28,279
31,65,87,127,310
134,18,120,132,404
18,19,2,36,75
17,150,7,133,307
87,126,109,31,353
30,97,70,146,343
86,102,21,5,214
75,16,91,78,260
99,68,111,91,369
35,87,57,12,191
59,71,147,100,377
50,66,147,134,397
29,130,123,71,353
45,91,32,52,220
21,80,94,8,203
111,107,70,60,348
11,64,86,84,245
71,40,110,98,319
75,55,94,102,326
28,100,84,119,331
74,141,81,142,438
108,56,33,77,274
108,82,78,127,395
48,117,98,35,298
101,48,91,96,336
63,94,150,111,418
11,117,95,36,259
119,77,18,138,352
11,19,5,135,170
14,43,107,91,255
87,108,40,41,276
134,137,18,93,382
77,3,47,69,196
16,93,49,14,172
47,134,11,93,285
58,83,120,17,278
20,9,77,55,161
68,17,63,109,257
50,33,91,23,197
133,97,105,22,357
122,4,4,118,248
28,66,127,104,325
67,138,86,26,317
133,51,149,52,385
90,55,113,124,382
29,117,36,147,329
126,81,18,5,230
107,143,45,117,412
122,46,12,30,210
84,32,31,15,162
49,138,62,15,264
5,108,125,56,294
143,145,134,34,456
34,134,45,59,272
135,36,129,88,388
128,56,94,121,399
133,139,85,34,391
42,100,132,141,415
69,147,147,139,502
51,57,106,65,279
104,53,98,25,280
27,145,90,3,265
126,146,16,50,338
50,15,72,72,209
117,138,116,125,496
32,58,118,103,311
83,122,120,10,335
101,63,22,132,318
5,19,64,95,183
140,77,105,13,335
32,75,88,106,301
109,105,35,5,254
85,64,23,108,280
76,110,139,127,452
95,14,112,65,286
34,92,138,127,391
28,57,99,50,234
141,68,99,2,310
130,51,56,101,338
115,26,66,130,337
144,79,46,125,394
106,86,131,42,365
46,149,109,76,380
41,65,84,139,329
56,89,96,81,322
126,51,47,17,241
91,41,10,144,286
52,12,149,130,343
30,125,93,69,317
104,75,87,106,372
142,61,43,63,309
69,45,61,35,210
28,71,106,134,339
22,125,45,86,278
29,61,5,48,143
144,74,75,92,385
128,114,106,59,407
50,111,3,56,220
20,87,4,70,181
149,22,31,21,223
71,123,70,143,407
69,22,135,51,277
55,15,39,13,122
70,87,77,66,300
101,126,2,85,314
122,141,134,3,400
77,94,126,48,345
44,79,134,43,300
126,54,57,64,301
27,99,92,13,231
29,49,145,94,317
106,72,81,125,384
119,57,87,53,316
118,29,53,12,212
28,20,27,135,210
103,123,65,115,406
106,81,119,29,335
112,116,57,35,320
76,130,100,123,429
115,130,91,114,450
40,139,41,22,242
125,116,42,56,339
111,68,121,114,414
56,35,105,55,251
109,57,43,50,259
4,93,50,66,213
117,75,140,146,478
65,20,80,21,186
74,129,64,132,399
128,107,72,136,443
63,126,13,116,318
7,140,11,82,240
39,122,62,67,290
78,146,109,39,372
94,76,37,44,251
88,126,22,64,300
40,88,101,65,294
84,44,75,120,323
65,14,50,135,264
95,85,7,150,337
100,53,69,69,291
98,11,68,75,252
90,136,146,147,519
18,92,11,43,164
140,60,73,122,395
69,124,133,146,472
147,115,127,4,393
73,54,142,148,417
33,39,6,55,133
100,138,145,142,525
103,42,54,117,316
47,49,31,150,277
116,120,103,38,377
103,9,89,89,290
62,118,51,15,246
113,16,12,132,273
55,69,84,1,209
89,46,144,56,335
8,130,8,65,211
25,118,41,129,313
32,124,64,71,291
102,83,60,143,388
79,150,100,35,364
26,74,142,104,346
93,113,108,69,383
120,135,13,12,280
107,59,111,14,291
68,122,130,96,416
24,2,103,76,205
88,85,54,128,355
85,73,125,34,317
57,104,55,8,224
141,58,126,107,432
60,141,18,85,304
128,12,129,137,406
2,135,75,66,278
39,98,29,100,266
10,3,35,97,145
113,61,37,136,347
48,93,136,89,366
111,138,77,18,344
135,23,105,118,381
24,69,38,133,264
90,84,50,137,361
144,46,51,80,321
100,36,99,134,369
95,130,32,144,401
65,45,140,116,366
145,123,88,147,503
25,29,10,149,213
51,43,54,34,182
93,126,150,16,385
100,116,146,122,484
87,44,100,124,355
47,98,88,11,244
31,139,144,30,344
81,65,71,17,234
126,46,97,44,313
24,125,144,10,303
55,85,56,55,251
124,11,7,79,221
104,72,75,14,265
122,104,140,17,383
53,139,40,91,323
3,89,78,101,271
95,60,139,63,357
89,97,135,12,333
20,118,101,37,276
82,10,134,15,241
90,1,62,37,190
15,6,123,20,164
52,121,65,65,303
73,8,54,139,274
53,99,94,117,363
88,143,123,24,378
7,114,36,38,195
48,125,20,55,248
90,150,61,126,427
33,76,98,37,244
68,132,125,44,369
62,81,120,94,357
3,145,68,46,262
69,10,133,32,244
93,110,122,102,427
30,96,116,107,349
16,86,44,124,270
23,20,51,141,235
31,130,59,85,305
145,51,140,81,417
142,88,149,29,408
142,143,60,124,469
146,88,80,96,410
81,61,65,76,283
65,60,103,110,338
60,61,139,137,397
100,131,113,75,419
43,109,120,107,379
17,112,62,132,323
77,24,110,111,322
33,54,6,22,115
21,5,61,50,137
138,100,112,7,357
29,149,140,135,453
127,39,102,98,366
132,117,13,114,376
129,79,48,21,277
82,31,42,30,185
94,58,23,90,265
99,125,52,49,325
87,11,26,50,174
2,148,22,1,173
44,11,34,73,162
80,117,40,143,380
70,69,6,22,167
110,125,148,143,526
141,2,118,67,328
131,26,23,37,217
103,144,40,62,349
113,73,17,63,266
23,31,99,30,183
120,99,11,11,241
45,87,3,37,172
67,39,23,71,200
68,40,121,68,297
60,108,7,98,273
37,119,114,11,281
129,101,112,55,397
35,66,132,77,310
116,66,65,127,374
22,104,68,10,204
26,58,32,138,254
36,81,85,145,347
23,47,72,111,253
34,81,2,10,127
142,131,106,90,469
116,73,128,73,390
131,140,141,56,468
61,90,22,4,177
25,130,142,70,367
98,35,97,96,326
32,4,122,10,168
132,22,150,56,360
149,91,40,11,291
30,47,31,55,163
11,110,129,101,351
23,108,14,63,208
94,59,7,2,162
116,119,22,3,260
101,54,129,97,381
141,94,149,43,427
112,17,69,97,295
108,38,14,58,218
127,147,23,121,418
108,27,138,99,372
15,49,124,110,298
5,96,20,47,168
30,46,67,35,178
73,10,110,93,286
24,100,107,54,285
110,56,66,21,253
55,78,95,35,263
133,102,99,50,384
103,129,77,7,316
129,110,145,123,507
63,12,106,132,313
145,114,43,56,358
141,56,20,28,245
127,12,83,24,246
53,127,115,150,445
24,19,48,21,112
13,98,101,72,284
87,59,58,122,326
104,80,10,3,197
24,119,102,88,333
15,105,107,47,274
142,120,137,12,411
12,80,26,53,171
53,81,56,78,268
21,2,37,107,167
78,92,149,122,441
17,13,122,113,265
79,29,33,45,186
47,92,78,85,302
53,101,140,123,417
24,35,106,68,233
124,102,79,59,364
1,85,139,121,346
127,43,5,130,305
58,78,82,92,310
61,102,95,36,294
50,94,100,46,290
63,107,142,8,320
59,90,66,51,266
40,41,92,109,282
22,25,101,148,296
107,44,62,36,249
15,131,138,106,390
131,115,137,150,533
112,139,39,68,358
130,69,34,69,302
95,77,82,28,282
114,72,16,99,301
66,132,79,104,381
116,37,5,85,243
74,6,143,101,324
121,4,36,83,244
78,148,78,77,381
58,35,55,46,194
125,89,133,125,472
65,20,13,12,110
56,39,106,81,282
43,69,111,79,302
81,29,32,33,175
21,52,146,129,348
114,120,91,144,469
113,24,28,112,277
80,39,29,23,171
16,32,5,97,150
98,51,54,143,346
16,132,90,29,267
15,17,83,18,133
137,17,94,141,389
143,30,96,25,294
120,13,55,6,194
109,116,108,150,483
66,5,65,120,256
112,123,25,76,336
54,26,57,13,150
140,23,22,55,240
87,19,25,63,194
60,6,31,48,145
95,24,15,27,161
61,90,141,25,317
32,117,108,85,342
88,65,130,139,422
89,57,81,62,289
103,116,73,86,378
46,3,89,93,231
69,14,114,32,229
9,91,144,1,245
19,58,9,146,232
64,82,130,59,335
65,41,8,49,163
12,78,136,105,331
119,88,141,65,413
66,64,33,76,239
59,73,83,61,276
48,5,26,22,101
31,31,41,39,142
22,113,42,2,179
112,104,132,127,475
92,102,51,64,309
105,7,84,59,255
72,97,19,65,253
98,2,45,16,161
116,14,138,50,318
114,134,147,64,459
40,136,127,130,433
119,50,65,73,307
119,22,29,84,254
12,130,12,40,194
76,96,30,21,223
140,86,9,75,310
64,115,66,114,359
8,90,120,64,282
122,65,34,36,257
19,116,67,44,246
144,117,40,93,394
3,55,30,137,225
127,97,23,34,281
138,116,62,73,389
6,58,75,104,243
145,3,79,23,250
110,3,3,31,147
96,121,110,87,414
87,147,96,18,348
59,124,35,66,284
100,134,91,8,333
38,83,119,43,283
133,131,28,68,360
106,67,69,36,278
128,69,147,147,491
149,130,88,121,488
104,147,127,105,483
70,29,24,127,250
114,132,74,131,451
2,116,121,87,326
23,79,115,73,290
33,129,52,129,343
123,64,5,4,196
99,96,19,81,295
89,120,11,27,247
125,61,141,128,455
44,46,10,73,173
112,52,110,150,424
49,78,36,59,222
26,7,46,96,175
75,32,47,4,158
20,120,32,61,233
89,132,39,22,282
8,127,44,52,231
149,141,43,124,457
34,27,110,22,193
19,65,16,12,112
148,64,110,68,390
84,142,7,95,328
65,98,103,110,376
23,9,131,105,268
49,147,21,25,242
93,36,119,43,291
93,37,94,68,292
60,117,142,24,343
123,7,26,6,162
13,29,42,98,182
141,148,96,36,421
111,110,140,77,438
68,127,125,75,395
41,106,84,35,266
83,36,11,130,260
35,38,52,85,210
95,59,106,2,262
86,78,98,24,286
87,8,139,45,279
68,33,41,112,254
101,75,33,87,296
112,81,100,4,297
131,33,149,74,387
77,9,33,80,199
31,29,36,133,229
22,84,101,133,340
105,37,116,147,405
41,147,110,139,437
32,108,22,12,174
134,69,149,14,366
80,103,80,140,403
142,137,33,98,410
66,41,82,104,293
96,81,58,24,259
101,129,54,105,389
133,85,111,147,476
38,97,19,80,234
108,25,36,57,226
141,63,25,60,289
86,136,90,46,358
90,117,132,85,424
24,78,89,121,312
74,72,106,51,303
40,85,146,64,335
149,70,140,93,452
134,15,93,15,257
95,14,20,127,256
59,66,53,91,269
99,104,71,3,277
34,39,139,52,264
68,94,60,15,237
150,77,100,2,329
94,73,33,92,292
149,44,87,76,356
85,49,90,18,242
35,96,88,6,225
75,120,28,101,324
13,107,111,45,276
138,137,135,138,548
42,99,109,93,343
149,93,8,141,391
116,110,10,35,271
141,86,52,93,372
81,38,10,4,133
101,120,99,28,348
27,123,89,80,319
95,105,2,22,224
29,138,24,76,267
9,13,62,11,95
61,47,52,68,228
78,29,132,130,369
118,38,101,129,386
47,107,89,46,289
6,36,27,71,140
110,32,27,5,174
10,10,147,34,201
73,32,18,135,258
149,146,70,122,487
85,139,100,90,414
64,112,94,40,310
58,126,24,133,341
74,41,138,59,312
104,61,142,67,374
95,117,76,27,315
6,19,134,83,242
78,12,16,5,111
3,105,97,91,296
87,133,97,136,453
54,143,15,146,358
25,4,6,92,127
31,8,130,6,175
35,111,14,23,183
96,55,120,104,375
83,48,56,128,315
117,110,78,93,398
49,126,102,32,309
6,12,121,83,222
18,73,75,43,209
9,143,3,119,274
62,143,44,22,271
115,34,117,86,352
52,56,19,44,171
40,112,146,21,319
128,90,109,70,397
130,46,114,63,353
34,61,92,116,303
60,9,25,104,198
29,54,128,137,348
106,91,84,88,369
114,22,90,149,375
22,39,42,68,171
139,37,50,42,268
64,64,130,142,400
1,12,109,55,177
105,83,24,20,232
67,99,39,76,281
28,85,35,102,250
121,31,94,52,298
56,42,147,12,257
55,51,9,84,199
15,148,56,91,310
141,71,121,87,420
82,17,118,54,271
65,103,150,125,443
110,123,121,139,493
118,51,28,34,231
33,6,73,1,113
36,1,118,74,229
111,144,41,100,396
73,28,129,12,242
40,120,76,16,252
99,7,82,122,310
54,53,142,8,257
33,130,64,148,375
46,119,74,150,389
130,94,36,11,271
33,104,15,96,248
131,1,47,125,304
103,44,28,60,235
147,21,107,54,329
73,73,139,18,303
92,41,131,65,329
49,119,78,100,346
118,85,130,116,449
97,67,42,15,221
131,46,62,69,308
107,11,40,61,219
132,45,134,79,390
113,36,40,131,320
142,90,113,121,466
42,14,111,65,232
101,108,73,10,292
88,128,33,120,369
64,5,121,12,202
33,112,3,119,267
123,53,136,129,441
122,64,92,17,295
4,122,88,54,268
86,149,66,15,316
100,85,60,62,307
84,61,92,147,384
130,131,116,46,423
7,1,37,11,56
49,61,83,40,233
130,71,18,45,264
128,97,90,95,410
143,70,50,18,281
132,101,103,17,353
98,55,8,121,282
107,102,91,67,367
118,131,12,140,401
72,16,70,84,242
147,116,14,97,374
128,112,55,103,398
65,41,15,63,184
74,68,36,65,243
101,116,37,73,327
145,43,20,24,232
149,69,55,26,299
102,90,85,42,319
64,123,83,124,394
43,134,86,128,391
108,144,32,136,420
3,38,4,88,133
134,52,147,66,399
117,66,33,132,348
16,109,129,36,290
53,110,125,99,387
108,105,85,115,413
98,117,76,8,299
32,67,106,104,309
11,71,17,147,246
40,143,37,69,289
61,109,4,134,308
89,70,45,30,234
16,118,87,3,224
134,75,145,114,468
91,133,92,92,408
33,77,139,98,347
104,36,111,105,356
27,149,34,86,296
37,143,93,38,311
61,104,34,40,239
65,120,56,87,328
62,10,54,29,155
23,95,77,111,306
82,120,36,101,339
70,103,62,3,238
46,84,104,94,328
17,53,71,126,267
35,126,89,41,291
64,132,92,97,385
139,44,97,89,369
135,13,8,44,200
68,116,77,117,378
64,78,57,2,201
134,8,27,108,277
124,139,128,143,534
50,150,145,26,371
107,150,99,80,436
118,132,150,22,422
56,128,64,76,324
49,103,122,4,278
66,44,2,61,173
40,27,52,15,134
148,2,54,83,287
119,146,40,25,330
123,111,119,147,500
145,55,146,17,363
17,89,118,40,264
104,85,45,74,308
59,90,64,124,337
20,19,144,8,191
9,87,72,42,210
36,18,8,133,195
149,26,100,145,420
11,95,28,129,263
47,54,37,42,180
53,131,95,122,401
100,43,76,24,243
78,26,28,101,233
84,105,108,103,400
38,132,21,116,307
72,128,109,43,352
76,91,9,49,225
115,144,132,119,510
25,36,45,118,224
102,103,7,45,257
116,140,124,79,459
87,14,52,92,245
2,105,44,77,228
24,145,66,144,379
135,122,72,78,407
149,21,53,137,360
25,65,97,133,320
93,62,142,6,303
84,125,40,39,288
15,122,136,65,338
75,63,74,76,288
141,99,83,146,469
70,115,35,145,365
56,107,77,136,376
41,121,37,145,344
109,28,113,119,369
11,99,68,79,257
58,56,39,113,266
33,76,129,95,333
102,120,55,50,327
7,97,115,98,317
145,93,110,88,436
28,143,46,134,351
57,10,71,19,157
95,120,53,91,359
33,149,99,23,304
44,34,37,76,191
150,78,131,95,454
102,144,34,8,288
138,118,96,83,435
50,113,21,62,246
15,42,95,132,284
138,22,111,65,336
150,132,22,139,443
77,57,33,6,173
15,115,107,1,238
18,92,46,111,267
74,11,52,125,262
60,145,52,24,281
95,27,10,44,176
103,9,86,87,285
148,89,44,38,319
50,8,52,23,133
108,39,69,117,333
137,76,9,31,253
112,60,73,7,252
69,43,104,53,269
11,4,149,141,305
59,7,122,114,302
30,88,25,90,233
150,107,115,119,491
130,84,27,44,285
118,82,77,128,405
41,55,85,44,225
40,103,28,44,215
106,7,117,147,377
4,13,90,32,139
74,72,9,123,278
146,22,89,37,294
128,40,45,58,271
32,14,6,138,190
150,137,77,53,417
96,28,118,46,288
78,73,11,71,233
117,34,148,14,313
134,135,60,11,340
5,124,14,122,265
8,148,81,43,280
16,65,19,114,214
49,144,26,37,256
148,19,26,61,254
116,108,129,140,493
123,126,136,48,433
54,7,55,128,244
16,128,96,17,257
12,100,70,3,185
26,29,96,94,245
149,80,103,55,387
137,55,70,112,374
131,65,80,62,338
124,124,119,132,499
110,13,132,138,393
67,150,27,140,384
117,25,8,25,175
109,4,68,24,205
49,126,146,89,410
6,118,53,61,238
50,51,54,145,300
46,10,72,81,209
147,106,116,95,464
16,14,127,107,264
68,14,150,106,338
50,66,94,42,252
41,102,120,21,284
136,28,130,27,321
92,97,75,130,394
85,148,62,59,354
65,94,14,71,244
85,58,19,115,277
107,100,143,147,497
123,12,107,29,271
144,79,134,89,446
35,120,110,63,328
63,131,85,60,339
24,130,24,73,251
16,52,3,115,186
131,37,129,116,413
111,28,92,3,234
98,84,87,59,328
87,94,26,5,212
57,76,35,103,271
93,114,147,81,435
37,52,137,118,344
121,95,29,121,366
132,4,47,43,226
132,50,52,140,374
69,81,17,106,273
42,125,19,84,270
66,101,75,144,386
38,4,19,57,118
147,103,46,51,347
135,126,52,13,326
120,54,40,78,292
146,5,133,41,325
63,66,103,129,361
128,108,68,110,414
99,141,72,57,369
143,46,137,97,423
145,93,117,125,480
34,149,141,32,356
73,98,72,6,249
80,149,141,66,436
52,122,146,34,354
127,4,40,108,279
127,55,67,137,386
38,129,68,124,359
56,139,143,82,420
13,148,120,104,385
54,81,103,11,249
47,92,136,119,394
27,128,40,38,233
114,148,70,18,350
74,60,39,19,192
71,146,127,81,425
105,102,38,124,369
55,115,32,110,312
19,136,109,41,305
4,37,104,38,183
17,11,100,111,239
23,87,42,88,240
23,80,128,117,348
149,41,80,15,285
130,29,77,18,254
136,27,61,30,254
114,109,13,13,249
16,41,49,20,126
80,36,101,84,301
115,143,135,78,471
57,18,136,75,286
85,117,95,138,435
123,16,42,114,295
134,30,106,30,300
45,24,144,110,323
62,18,97,111,288
46,37,14,87,184
49,40,150,107,346
147,138,47,134,466
73,90,116,3,282
26,27,107,148,308
27,107,39,34,207
118,99,25,86,328
93,102,12,150,357
141,98,67,52,358
116,84,119,138,457
77,110,51,52,290
121,115,63,20,319
132,103,136,3,374
10,6,143,52,211
119,11,140,120,390
36,114,95,150,395
14,16,82,26,138
94,100,103,89,386
135,112,86,98,431
9,106,104,89,308
76,95,94,61,326
58,6,64,1,129
98,128,72,19,317
142,55,35,138,370
62,76,11,23,172
115,8,28,60,211
104,111,72,33,320
107,103,17,27,254
70,145,109,71,395
89,21,148,104,362
61,45,59,129,294
125,76,72,140,413
40,51,85,85,261
124,52,146,117,439
150,17,121,60,348
127,115,126,115,483
146,17,139,45,347
61,146,111,108,426
97,126,150,79,452
27,84,84,138,333
33,120,19,111,283
9,42,119,84,254
107,43,147,78,375
99,26,137,79,341
84,46,39,7,176
98,137,47,129,411
10,67,9,104,190
85,71,4,78,238
30,59,57,88,234
41,78,38,126,283
81,130,85,125,421
66,49,63,43,221
49,103,145,66,363
107,127,50,65,349
16,61,65,68,210
46,122,99,94,361
26,9,84,87,206
146,127,36,131,440
82,95,131,29,337
13,17,31,91,152
39,114,79,142,374
92,54,138,52,336
90,8,111,96,305
123,119,37,20,299
124,144,144,72,484
117,90,147,2,356
105,96,92,36,329
35,2,135,31,203
11,50,82,148,291
118,115,123,44,400
119,128,83,111,441
52,102,74,56,284
51,135,31,88,305
126,139,32,129,426
52,92,39,86,269
148,109,88,129,474
126,124,44,120,414
64,116,116,143,439
102,31,126,75,334
18,22,64,3,107
99,19,88,25,231
56,25,29,28,138
10,62,56,53,181
28,2,109,48,187
105,85,126,94,410
84,37,24,133,278
73,135,68,58,334
70,69,42,73,254
118,67,49,132,366
126,141,44,87,398
97,85,105,104,391
92,120,80,122,414
53,120,6,13,192
70,79,13,128,290
34,27,95,111,267
30,12,49,113,204
140,71,104,7,322
16,41,149,28,234
22,5,126,89,242
77,72,139,88,376
95,121,137,52,405
62,75,15,4,156
131,25,20,77,253
64,148,134,139,485
122,65,86,39,312
80,28,138,117,363
139,20,129,113,401
145,46,46,4,241
16,137,101,38,292
43,33,127,59,262
123,68,65,137,393
18,69,118,21,226
82,77,96,36,291
149,130,81,19,379
123,77,56,36,292
1,74,78,81,234
139,19,116,68,342
128,56,73,74,331
41,1,107,44,193
96,95,101,114,406
48,46,133,22,249
106,65,70,83,324
54,61,78,38,231
120,58,57,40,275
121,45,20,58,244
114,4,11,47,176
95,27,73,111,306
46,9,117,131,303
114,27,101,16,258
34,21,102,140,297
86,13,52,133,284
110,21,101,81,313
127,30,111,123,391
26,100,121,1,248
39,109,6,84,238
15,141,45,132,333
136,58,138,88,420
65,59,116,133,373
39,7,106,63,215
123,89,126,6,344
23,144,13,117,297
144,145,28,46,363
132,45,77,115,369
17,16,54,119,206
19,113,102,16,250
112,131,65,68,376
31,68,54,125,278
38,8,33,133,212
111,111,70,29,321
75,133,57,14,279
56,90,28,114,288
74,6,70,15,165
30,54,93,94,271
93,90,8,18,209
142,122,8,139,411
71,78,78,25,252
112,143,147,136,538
38,16,61,93,208
89,125,52,28,294
75,42,132,96,345
142,72,122,147,483
149,139,13,16,317
150,57,22,91,320
48,14,111,6,179
68,132,9,142,351
48,149,23,76,296
96,143,1,16,256
33,101,8,30,172
80,137,128,132,477
37,138,95,139,409
136,60,46,39,281
46,140,104,91,381
15,77,50,29,171
102,6,110,132,350
108,1,14,80,203
69,40,48,117,274
45,97,31,51,224
102,63,85,122,372
99,44,110,16,269
20,132,85,26,263
137,38,90,132,397
40,5,147,128,320
4,11,6,97,118
35,29,82,21,167
74,107,143,105,429
131,20,7,21,179
112,107,106,132,457
130,94,68,144,436
67,98,139,67,371
3,106,104,10,223
38,71,52,22,183
30,45,48,141,264
122,92,146,115,475
125,137,115,130,507
10,26,85,60,181
53,105,10,132,300
89,64,117,37,307
61,55,141,115,372
57,85,50,8,200
81,73,109,59,322
79,19,31,23,152
19,129,123,47,318
71,5,93,9,178
45,32,128,89,294
55,49,8,112,224
6,119,141,14,280
111,7,66,63,247
47,97,95,79,318
122,81,11,96,310
135,6,46,104,291
109,46,48,146,349
121,11,64,28,224
21,31,58,7,117
13,103,116,124,356
10,53,62,57,182
23,33,83,111,250
99,96,91,28,314
118,108,126,143,495
56,40,29,134,259
11,120,3,119,253
38,115,25,138,316
70,35,73,124,302
80,9,36,144,269
109,109,97,92,407
44,35,43,53,175
75,55,81,34,245
40,102,73,60,275
128,19,43,120,310
38,44,50,44,176
62,80,45,10,197
66,112,116,2,296
105,135,48,86,374
127,6,132,16,281
66,63,139,38,306
117,81,77,8,283
116,23,34,136,309
100,32,96,74,302
102,58,35,63,258
104,130,72,140,446
38,18,127,120,303
122,132,70,131,455
112,145,129,95,481
120,2,81,68,271
61,2,27,29,119
30,55,8,31,124
45,2,99,120,266
41,145,34,61,281
26,84,49,57,216
149,90,121,77,437
41,108,13,34,196
115,95,43,51,304
10,88,143,21,262
99,120,115,84,418
109,64,12,53,238
111,69,38,25,243
147,23,73,1,244
108,56,100,76,340
54,77,122,147,400
16,38,102,86,242
26,130,95,114,365
150,68,130,64,412
89,3,84,12,188
9,59,129,49,246
27,112,14,74,227
22,114,97,142,375
94,144,41,111,390
27,132,98,62,319
32,149,76,29,286
143,144,102,72,461
16,72,133,67,288
112,13,17,1,143
116,22,13,141,292
73,28,43,28,172
147,50,38,60,295
1,117,46,71,235
119,38,96,4,257
132,29,74,54,289
122,110,118,137,487
48,61,146,36,291
86,88,105,69,348
150,86,10,73,319
33,121,23,92,269
29,20,129,107,285
118,27,97,32,274
65,13,120,95,293
11,100,72,140,323
68,50,92,96,306
7,6,95,60,168
49,70,130,80,329
88,139,130,1,358
78,2,78,147,305
63,16,85,86,250
123,12,124,22,281
46,57,16,141,260
92,51,101,21,265
47,56,9,138,250
99,86,129,39,353
103,42,144,149,438
82,83,96,45,306
52,81,37,39,209
132,124,125,3,384
86,139,108,24,357
83,39,33,148,303
55,52,31,80,218
108,40,1,25,174
103,133,75,72,383
128,94,103,86,411
108,27,14,18,167
73,136,18,89,316
58,111,44,85,298
113,20,149,41,323
2,143,144,141,430
41,109,13,19,182
119,104,50,93,366
134,81,33,8,256
141,98,93,96,428
142,66,33,150,391
63,133,144,80,420
110,12,121,121,364
78,2,118,35,233
139,78,81,89,387
146,131,92,119,488
110,95,115,118,438
29,100,139,24,292
42,133,146,144,465
73,100,1,87,261
13,108,147,44,312
103,116,33,103,355
140,24,38,129,331
48,63,44,66,221
9,1,142,54,206
20,133,17,134,304
67,44,47,30,188
3,5,145,91,244
135,139,63,130,467
66,116,62,131,375
148,141,14,80,383
7,31,53,75,166
15,54,59,68,196
21,136,119,11,287
59,57,101,150,367
13,135,14,129,291
95,123,133,131,482
51,126,84,71,332
119,137,68,3,327
137,90,63,95,385
110,144,110,143,507
20,90,145,48,303
47,126,52,70,295
85,64,150,77,376
70,25,145,127,367
50,121,89,22,282
5,51,118,142,316
62,31,111,55,259
87,48,52,82,269
138,13,30,58,239
95,143,34,69,341
106,104,29,144,383
16,124,91,112,343
4,43,66,82,195
112,109,93,65,379
14,107,53,64,238
133,71,10,26,240
124,25,134,132,415
74,79,5,43,201
55,62,30,86,233
2,18,41,57,118
136,15,48,105,304
5,125,117,122,369
82,144,42,49,317
129,118,69,150,466
12,50,38,108,208
58,22,136,16,232
103,103,110,90,406
95,44,126,17,282
25,90,109,139,363
22,64,20,57,163
60,129,15,120,324
64,143,110,13,330
108,94,128,55,385
102,105,41,42,290
118,76,98,142,434
20,52,108,70,250
104,138,135,106,483
1,11,76,18,106
85,128,16,119,348
144,17,40,46,247
65,17,16,78,176
52,130,2,86,270
139,79,142,19,379
70,120,119,61,370
60,48,101,127,336
118,84,136,116,454
118,56,66,104,344
84,51,63,99,297
119,43,148,95,405
89,142,45,117,393
145,141,28,68,382
117,127,39,21,304
33,100,51,97,281
129,121,91,6,347
150,78,30,15,273
53,36,96,63,248
5,123,41,33,202
81,20,149,85,335
117,66,83,141,407
64,37,111,110,322
48,129,3,143,323
75,72,51,124,322
144,108,30,84,366
108,66,81,76,331
88,112,13,96,309
43,108,128,97,376
80,59,83,57,279
72,43,59,50,224
19,66,70,44,199
137,57,150,75,419
1,83,113,129,326
136,130,127,143,536
45,109,53,63,270
105,67,106,116,394
57,35,93,84,269
13,77,5,77,172
71,79,45,11,206
67,55,125,4,251
25,62,111,23,221
34,114,78,1,227
123,147,64,72,406
64,38,149,124,375
50,4,44,81,179
132,31,107,38,308
96,137,102,83,418
16,110,28,102,256
62,116,78,29,285
13,1,28,100,142
136,131,77,142,486
109,33,94,61,297
148,38,149,10,345
116,126,47,28,317
55,129,98,59,341
29,24,25,93,171
129,117,81,33,360
24,140,84,28,276
56,1,21,113,191
16,23,114,58,211
118,54,55,18,245
112,147,105,38,402
80,19,17,150,266
86,135,17,86,324
25,105,66,7,203
120,100,15,90,325
93,111,135,89,428
30,86,50,134,300
127,53,40,142,362
92,145,126,63,426
85,140,129,52,406
112,49,4,10,175
111,108,50,82,351
72,14,117,142,345
110,150,145,99,504
76,148,81,143,448
146,25,59,82,312
19,54,145,75,293
112,4,82,104,302
23,113,95,59,290
7,123,79,79,288
40,116,116,115,387
46,5,126,73,250
103,30,15,90,238
113,119,126,27,385
5,131,80,27,243
39,148,44,144,375
56,143,96,90,385
127,54,106,37,324
99,96,137,46,378
71,112,81,4,268
139,53,105,96,393
57,5,14,118,194
33,8,133,43,217
143,10,27,64,244
149,45,123,25,342
64,29,72,54,219
146,127,68,97,438
48,26,10,46,130
58,9,48,139,254
23,128,59,137,347
13,118,96,146,373
59,60,87,26,232
27,146,147,34,354
149,27,128,19,323
81,150,92,70,393
53,131,76,136,396
55,135,11,110,311
123,128,121,56,428
132,149,141,65,487
97,71,95,18,281
15,12,72,42,141
90,135,116,128,469
141,90,142,141,514
18,131,118,129,396
82,68,10,98,258
55,45,77,46,223
42,40,121,103,306
78,9,141,143,371
131,72,118,99,420
65,125,20,116,326
46,70,19,24,159
74,1,31,1,107
139,73,116,52,380
14,1,86,98,199
133,103,37,89,362
61,79,53,66,259
122,128,1,21,272
133,75,33,44,285
4,24,84,136,248
67,106,132,16,321
116,134,139,88,477
105,75,4,22,206
86,120,130,59,395
8,31,71,145,255
123,110,104,3,340
108,45,35,51,239
108,81,80,62,331
22,54,45,24,145
149,10,123,62,344
141,9,97,39,286
55,47,69,34,205
41,23,110,73,247
78,137,111,13,339
136,114,136,62,448
128,48,64,144,384
115,55,2,141,313
37,144,129,142,452
59,62,109,12,242
124,87,95,123,429
111,23,134,18,286
30,73,9,40,152
143,102,145,145,535
147,44,31,81,303
43,50,129,106,328
20,78,44,106,248
112,122,72,91,397
118,30,25,80,253
9,29,7,111,156
120,105,20,21,266
31,13,11,56,111
121,94,104,55,374
32,43,86,134,295
141,2,143,144,430
132,117,92,92,433
22,3,11,21,57
18,19,30,47,114
126,56,12,66,260
63,97,44,23,227
17,105,94,116,332
70,1,74,118,263
105,69,50,131,355
60,20,16,27,123
139,19,39,123,320
60,144,85,61,350
90,66,109,11,276
16,87,123,144,370
33,33,36,51,153
109,129,85,72,395
58,32,12,95,197
30,136,128,129,423
60,126,25,144,355
39,24,67,130,260
25,37,120,59,241
75,41,28,136,280
119,8,28,95,250
52,150,92,25,319
83,149,71,31,334
58,137,119,148,462
14,147,44,77,282
39,14,24,139,216
58,35,93,13,199
9,45,19,108,181
35,100,5,13,153
4,135,147,140,426
27,127,118,105,377
136,49,34,1,220
110,43,68,113,334
95,111,66,40,312
68,146,109,22,345
115,68,67,148,398
91,38,23,2,154
130,127,117,6,380
98,130,88,38,354
23,53,145,40,261
45,88,41,50,224
11,107,142,29,289
25,147,69,3,244
90,85,90,49,314
25,43,130,127,325
48,117,102,108,375
148,20,53,54,275
94,58,70,57,279
13,28,116,114,271
18,121,30,134,303
24,61,115,119,319
40,17,100,110,267
49,116,130,37,332
17,63,137,148,365
135,88,40,115,378
10,60,9,32,111
136,50,20,146,352
104,57,22,144,327
123,133,10,41,307
141,49,6,116,312
2,91,91,36,220
95,64,56,50,265
98,47,137,36,318
44,119,107,97,367
138,29,51,3,221
133,41,77,131,382
98,24,74,83,279
135,94,58,130,417
143,140,147,22,452
53,52,20,88,213
34,74,126,109,343
9,107,81,36,233
137,124,22,101,384
9,125,145,74,353
61,142,20,27,250
143,61,51,104,359
127,71,144,40,382
64,80,118,129,391
86,130,69,3,288
79,20,17,78,194
69,60,8,13,150
129,18,88,149,384
93,89,138,3,323
28,146,24,50,248
142,1,75,64,282
40,96,73,67,276
63,61,141,32,297
134,45,15,28,222
20,18,38,37,113
144,102,106,44,396
149,20,94,122,385
6,20,80,34,140
72,114,72,117,375
65,121,115,65,366
124,65,37,83,309
44,91,89,137,361
41,28,30,133,232
92,114,37,134,377
144,62,122,96,424
100,6,147,95,348
4,25,41,106,176
123,45,107,84,359
147,87,6,46,286
91,35,67,141,334
108,15,106,101,330
70,60,114,7,251
62,41,35,108,246
49,21,122,118,310
147,69,109,137,462
147,62,22,86,317
115,65,74,61,315
55,76,143,103,377
75,132,112,52,371
148,107,90,40,385
14,17,148,14,193
22,42,58,87,209
57,27,60,91,235
97,3,16,149,265
112,144,131,52,439
32,86,3,8,129
69,9,18,90,186
22,98,98,49,267
54,65,45,29,193
26,140,109,150,425
28,81,101,43,253
69,61,120,113,363
4,42,40,84,170
17,118,81,86,302
113,42,130,109,394
42,127,42,80,291
25,104,63,115,307
18,118,6,105,247
114,3,100,27,244
90,87,44,49,270
116,45,61,54,276
63,41,20,57,181
113,88,143,95,439
62,5,44,5,116
34,98,16,13,161
130,138,143,82,493
51,149,77,129,406
56,87,40,129,312
95,127,35,37,294
81,11,83,32,207
70,10,115,75,270
53,32,64,60,209
54,134,110,41,339
113,133,140,122,508
118,84,111,103,416
12,98,120,77,307
61,150,118,23,352
52,95,93,6,246
98,68,117,94,377
96,50,47,46,239
23,19,84,78,204
107,20,15,114,256
87,50,49,138,324
10,115,35,148,308
130,46,88,57,321
34,23,137,144,338
103,41,66,132,342
114,71,30,15,230
2,87,97,104,290
35,3,39,89,166
144,16,139,23,322
96,130,41,77,344
21,59,122,46,248
91,66,52,119,328
59,112,73,30,274
83,116,22,51,272
101,149,39,150,439
79,82,149,78,388
20,118,100,53,291
115,134,51,122,422
17,56,103,32,208
120,109,58,111,398
97,146,128,23,394
52,147,94,65,358
66,57,36,24,183
120,14,33,88,255
63,136,129,93,421
31,58,38,111,238
19,58,144,108,329
28,123,127,59,337
115,32,133,38,318
57,125,31,110,323
97,44,57,23,221
1,38,114,43,196
36,92,118,137,383
2,50,42,131,225
131,100,128,40,399
32,128,17,1,178
106,148,96,71,421
31,75,141,111,358
132,66,37,76,311
138,129,91,63,421
95,99,98,73,365
89,56,121,12,278
94,125,9,129,357
68,36,136,150,390
99,115,23,115,352
4,99,74,33,210
30,79,100,127,336
112,39,150,26,327
105,142,39,5,291
27,79,59,126,291
94,48,83,3,228
47,60,89,83,279
139,145,38,99,421
102,128,74,59,363
60,3,20,92,175
109,34,79,110,332
66,17,44,118,245
22,42,13,104,181
96,122,100,60,378
5,71,113,149,338
53,101,93,78,325
66,146,90,97,399
74,7,36,49,166
12,16,80,55,163
11,130,131,43,315
143,135,97,2,377
71,73,63,66,273
60,61,21,63,205
131,55,118,31,335
123,100,32,117,372
121,117,16,99,353
29,56,126,72,283
114,99,16,44,273
57,150,112,32,351
132,97,8,19,256
124,113,37,80,354
77,20,21,104,222
46,91,25,122,284
85,138,3,14,240
150,69,45,133,397
91,13,4,60,168
133,12,76,109,330
15,128,148,84,375
36,38,84,145,303
68,149,31,46,294
109,110,84,106,409
13,124,2,103,242
62,22,88,126,298
49,76,115,4,244
15,34,79,87,215
65,137,97,123,422
81,123,22,33,259
30,45,23,54,152
21,86,122,121,350
66,47,110,44,267
82,28,111,138,359
35,113,102,81,331
85,52,85,53,275
93,63,52,141,349
102,136,29,46,313
65,44,5,118,232
97,44,145,60,346
50,96,51,93,290
97,36,35,21,189
115,5,1,63,184
46,116,130,56,348
61,1,13,16,91
72,146,18,111,347
143,95,138,106,482
15,114,88,48,265
77,44,58,28,207
60,57,132,6,255
93,107,1,76,277
109,35,84,65,293
19,116,109,75,319
39,63,80,106,288
78,71,134,115,398
121,68,85,28,302
92,36,5,143,276
79,41,123,84,327
118,86,144,26,374
112,43,19,8,182
78,145,136,104,463
141,139,3,52,335
141,86,123,142,492
132,144,41,123,440
23,143,21,118,305
112,149,16,37,314
92,92,137,43,364
20,62,31,34,147
71,31,11,115,228
27,91,17,33,168
17,17,64,41,139
51,117,134,46,348
29,34,133,33,229
107,106,127,101,441
77,29,140,4,250
9,103,64,101,277
50,93,10,38,191
49,46,73,29,197
110,42,48,39,239
106,88,99,76,369
129,139,100,145,513
50,54,19,42,165
101,45,121,110,377
46,84,85,147,362
9,139,147,86,381
111,3,147,142,403
64,10,92,120,286
9,39,45,86,179
25,92,35,78,230
115,29,142,59,345
32,74,4,49,159
50,31,47,128,256
96,86,112,143,437
119,33,83,5,240
91,142,11,72,316
77,2,114,26,219
29,105,29,16,179
72,24,135,147,378
20,12,142,80,254
22,47,125,87,281
73,67,51,148,339
19,118,78,117,332
138,26,114,63,341
99,148,11,91,349
35,14,63,31,143
53,49,145,39,286
108,79,18,83,288
39,121,134,104,398
121,34,79,56,290
40,44,135,43,262
150,52,63,22,287
16,149,138,6,309
107,88,83,127,405
36,95,36,31,198
99,11,13,42,165
143,80,85,19,327
146,17,112,81,356
22,10,132,109,273
136,128,47,65,376
108,11,24,5,148
77,45,135,5,262
119,83,105,101,408
57,25,96,42,220
75,64,68,74,281
127,32,85,80,324
64,66,137,72,339
76,100,56,48,280
114,3,82,139,338
48,108,9,145,310
114,93,27,39,273
77,59,53,5,194
61,6,143,137,347
39,98,120,36,293
117,19,132,88,356
130,29,17,118,294
9,93,81,10,193
121,107,7,145,380
24,100,61,66,251
81,143,127,30,381
39,33,105,133,310
74,124,110,20,328
102,26,113,5,246
10,35,33,7,85
104,7,122,17,250
109,10,130,38,287
46,8,33,10,97
137,81,32,38,288
75,134,99,19,327
35,23,23,139,220
60,33,43,47,183
59,52,131,7,249
89,70,6,64,229
14,117,83,144,358
19,27,50,145,241
13,115,134,146,408
4,30,135,131,300
70,87,134,138,429
26,104,114,72,316
60,54,73,87,274
148,38,94,145,425
148,17,63,64,292
102,115,18,40,275
87,38,37,76,238
91,59,102,20,272
111,147,44,35,337
54,10,53,126,243
97,123,86,114,420
85,77,1,68,231
80,45,144,140,409
73,123,23,125,344
27,123,86,36,272
122,101,30,101,354
77,19,117,141,354
14,81,80,42,217
108,148,130,9,395
149,68,107,34,358
137,134,93,94,458
55,40,128,110,333
144,62,139,65,410
134,101,24,42,301
14,61,3,143,221
21,140,99,106,366
4,97,120,37,258
59,6,10,36,111
117,55,88,98,358
117,65,32,137,351
103,48,100,91,342
103,37,32,85,257
25,120,47,4,196
47,150,106,111,414
24,53,148,111,336
65,45,123,69,302
50,57,104,103,314
118,134,12,18,282
129,115,6,90,340
56,59,58,20,193
140,105,73,55,373
106,30,126,122,384
108,58,59,49,274
126,3,105,5,239
26,66,146,131,369
72,121,6,94,293
135,61,42,123,361
143,146,144,124,557
116,22,3,108,249
95,59,45,13,212
87,119,145,90,441
120,35,44,13,212
147,52,11,47,257
40,129,91,67,327
41,85,96,50,272
133,106,85,13,337
78,34,76,142,330
18,146,13,50,227
127,147,132,41,447
91,91,142,116,440
114,30,131,33,308
75,131,93,51,350
102,95,127,20,344
18,32,84,124,258
4,42,55,76,177
140,2,79,133,354
10,39,44,16,109
64,40,36,59,199
38,42,114,44,238
138,85,24,70,317
49,46,49,104,248
43,52,148,40,283
87,30,28,130,275
140,138,66,5,349
32,86,110,112,340
150,96,4,73,323
57,137,26,64,284
68,14,51,113,246
112,72,98,48,330
22,25,30,71,148
68,63,90,30,251
64,60,28,22,174
150,119,10,143,422
103,13,94,133,343
12,66,20,93,191
80,92,15,73,260
142,60,123,60,385
98,90,106,96,390
34,10,150,54,248
27,38,95,49,209
124,110,128,43,405
58,88,20,53,219
98,82,134,26,340
138,47,132,61,378
104,76,2,50,232
71,80,148,109,408
115,17,100,99,331
104,120,18,105,347
103,102,5,143,353
5,112,43,96,256
67,51,50,61,229
18,62,72,136,288
34,108,3,36,181
104,48,35,136,323
18,68,111,131,328
44,130,104,7,285
93,46,33,120,292
47,37,5,26,115
93,16,55,95,259
37,83,12,86,218
30,57,86,26,199
17,67,11,140,235
9,95,27,72,203
122,109,27,25,283
90,91,44,1,226
73,1,148,93,315
4,5,127,9,145
26,105,142,91,364
41,106,64,93,304
4,80,103,47,234
110,119,50,3,282
14,129,41,109,293
104,82,9,108,303
6,46,103,73,228
48,58,116,56,278
22,57,103,85,267
76,29,2,31,138
142,52,137,44,375
47,64,111,137,359
109,88,49,129,375
101,43,38,145,327
140,146,143,68,497
123,130,90,4,347
44,73,33,126,276
140,132,114,121,507
65,91,133,46,335
19,123,130,14,286
140,132,59,130,461
43,75,44,150,312
47,116,52,105,320
44,30,101,26,201
19,89,110,18,236
117,54,109,142,422
135,81,135,109,460
123,13,131,62,329
49,22,66,94,231
124,106,37,121,388
50,148,16,66,280
21,35,19,60,135
115,128,88,103,434
5,144,100,58,307
146,62,82,66,356
150,80,37,131,398
77,11,27,107,222
9,103,123,119,354
107,54,84,72,317
50,82,78,60,270
136,12,33,75,256
66,90,132,63,351
94,101,3,144,342
65,126,72,73,336
3,40,36,124,203
121,120,141,37,419
56,48,107,95,306
37,105,144,73,359
51,35,64,139,289
111,8,74,92,285
146,39,122,109,416
37,109,25,41,212
79,60,76,11,226
130,132,12,38,312
24,65,145,121,355
138,15,7,147,307
49,5,48,147,249
11,39,119,137,306
145,75,149,62,431
137,53,138,140,468
32,82,106,117,337
142,33,20,105,300
112,88,47,137,384
80,16,101,51,248
83,11,139,86,319
127,78,122,59,386
49,3,50,121,223
89,104,15,57,265
32,66,22,8,128
101,68,103,60,332
90,11,10,24,135
47,7,133,78,265
128,44,55,112,339
69,112,78,110,369
97,119,112,126,454
104,41,62,73,280
48,45,61,143,297
71,101,45,7,224
100,98,16,144,358
14,4,134,5,157
91,28,28,28,175
3,69,88,97,257
55,3,43,12,113
90,128,17,144,379
96,126,29,40,291
46,79,1,68,194
61,105,79,134,379
128,109,74,106,417
6,129,123,78,336
105,107,146,22,380
23,90,89,55,257
63,24,83,126,296
5,136,57,41,239
94,100,79,34,307
11,145,63,88,307
98,117,34,77,326
65,140,87,50,342
4,51,107,142,304
3,52,24,81,160
58,108,108,63,337
101,88,101,11,301
82,108,112,5,307
28,142,113,143,426
104,73,62,83,322
86,147,135,100,468
113,55,142,64,374
58,103,71,104,336
13,106,150,58,327
141,54,80,72,347
10,124,22,93,249
135,37,92,41,305
130,137,93,16,376
108,7,12,64,191
54,26,139,118,337
87,112,81,125,405
141,48,143,3,335
29,69,33,74,205
103,144,21,87,355
73,115,8,26,222
101,65,149,45,360
65,130,1,149,345
37,92,78,60,267
54,4,32,142,232
73,7,8,55,143
73,61,86,71,291
64,140,52,131,387
96,20,95,83,294
28,131,100,2,261
57,84,73,7,221
48,55,19,42,164
101,81,93,119,394
125,68,20,63,276
91,12,111,136,350
13,37,95,61,206
49,122,18,73,262
45,41,127,132,345
95,91,30,50,266
64,29,61,125,279
98,89,123,12,322
122,113,59,38,332
134,58,2,128,322
65,140,90,92,387
97,108,52,17,274
5,118,60,64,247
127,18,21,27,193
11,53,135,81,280
14,62,13,83,172
128,108,40,36,312
127,29,105,89,350
97,35,138,122,392
133,102,51,96,382
50,142,52,46,290
59,7,71,78,215
24,93,82,49,248
112,50,71,150,383
50,126,40,93,309
32,11,115,74,232
79,97,119,12,307
25,94,11,58,188
9,38,17,26,90
145,117,121,22,405
140,20,67,107,334
57,139,51,18,265
88,33,6,94,221
113,24,122,150,409
24,30,144,140,338
136,146,132,45,459
79,132,83,26,320
48,147,127,56,378
10,5,14,25,54
32,53,88,114,287
17,78,69,117,281
98,14,44,31,187
122,55,134,36,347
109,40,145,68,362
138,57,68,107,370
90,90,100,69,349
125,53,139,141,458
20,24,86,45,175
86,125,133,70,414
25,19,2,83,129
16,86,143,118,363
129,126,118,12,385
50,111,45,32,238
85,110,104,134,433
41,40,52,82,215
97,93,102,45,337
2,15,140,137,294
140,73,39,148,400
121,81,100,59,361
37,96,143,119,395
13,104,27,121,265
114,142,99,27,382
37,47,103,75,262
128,1,102,133,364
16,120,62,43,241
131,58,9,150,348
75,74,52,89,290
5,32,133,114,284
135,82,132,88,437
78,124,50,120,372
21,10,26,25,82
70,16,122,42,250
30,104,10,51,195
144,145,104,61,454
57,27,57,42,183
88,102,141,63,394
83,101,115,70,369
100,75,65,115,355
126,44,126,8,304
11,122,128,143,404
94,24,91,74,283
48,66,114,2,230
89,72,27,66,254
150,138,109,146,543
131,139,35,133,438
48,129,139,85,401
7,140,3,47,197
117,131,124,126,498
40,85,102,136,363
26,19,56,126,227
14,17,60,35,126
90,16,145,149,400
149,143,101,12,405
68,100,87,132,387
90,91,83,82,346
131,12,25,106,274
77,83,8,66,234
6,82,79,41,208
107,42,55,50,254
93,68,150,119,430
33,14,53,34,134
123,107,25,16,271
87,61,78,52,278
42,88,110,33,273
46,5,27,74,152
72,95,88,109,364
7,80,67,108,262
123,68,77,77,345
98,32,74,108,312
109,137,27,129,402
109,98,22,38,267
31,140,61,122,354
63,38,2,13,116
53,82,94,138,367
8,75,78,150,311
30,92,57,108,287
46,139,148,21,354
131,105,6,57,299
90,31,89,1,211
102,7,80,72,261
110,103,13,125,351
112,128,73,98,411
71,55,69,101,296
143,124,107,132,506
9,40,27,148,224
105,62,29,142,338
96,102,24,73,295
2,122,66,83,273
83,66,31,30,210
136,59,93,27,315
121,97,19,15,252
122,117,130,54,423
12,42,60,18,132
122,133,96,38,389
3,101,131,23,258
26,135,12,33,206
121,121,55,123,420
84,65,143,73,365
24,105,128,146,403
77,138,93,92,400
31,28,2,34,95
123,78,91,29,321
78,111,120,16,325
148,146,36,150,480
80,147,86,93,406
3,59,133,92,287
127,87,117,142,473
145,145,18,93,401
91,96,43,90,320
4,129,107,126,366
121,44,30,83,278
132,116,142,42,432
65,98,127,59,349
40,139,51,83,313
115,15,14,63,207
2,135,93,60,290
130,39,79,47,295
77,26,25,108,236
106,10,80,112,308
114,108,102,42,366
125,134,82,59,400
28,83,100,36,247
6,25,70,96,197
46,54,12,37,149
92,92,11,57,252
76,64,29,108,277
128,120,134,57,439
48,150,88,144,430
142,78,114,114,448
1,33,23,62,119
65,92,92,53,302
72,149,145,122,488
29,79,72,13,193
100,77,43,3,223
110,141,66,118,435
60,85,43,84,272
84,23,108,71,286
25,135,131,118,409
131,6,125,139,401
102,124,62,58,346
14,131,36,118,299
9,116,147,82,354
116,135,58,72,381
12,114,50,13,189
39,22,39,111,211
40,6,128,135,309
135,112,34,71,352
28,32,33,127,220
19,26,81,85,211
24,28,86,60,198
27,148,97,12,284
98,2,122,88,310
23,2,87,49,161
31,144,3,9,187
138,60,118,3,319
103,99,19,130,351
110,150,47,18,325
145,66,46,121,378
72,142,29,64,307
134,33,2,50,219
146,58,148,40,392
142,147,73,128,490
136,40,83,109,368
87,104,122,141,454
32,61,40,82,215
116,100,25,111,352
130,147,132,5,414
31,109,149,148,437
84,111,57,70,322
51,116,146,31,344
94,149,76,16,335
24,133,72,43,272
135,52,18,125,330
96,52,43,84,275
140,94,145,1,380
48,3,17,92,160
116,105,141,67,429
55,15,117,52,239
150,4,36,140,330
149,126,82,43,400
34,52,13,121,220
91,115,41,110,357
58,90,31,94,273
63,18,21,22,124
146,97,90,4,337
72,39,75,10,196
67,6,22,51,146
50,93,33,11,187
3,88,92,12,195
21,107,46,74,248
141,96,60,64,361
76,10,31,109,226
30,119,125,136,410
36,15,96,36,183
83,96,24,133,336
114,142,137,133,526
59,19,112,19,209
64,90,17,129,300
13,76,7,69,165
48,145,69,89,351
148,22,8,138,316
141,94,137,59,431
127,7,90,87,311
141,37,12,119,309
75,35,66,103,279
76,68,2,83,229
150,63,106,124,443
48,4,10,29,91
30,148,38,36,252
21,84,117,104,326
133,35,51,78,297
127,54,28,112,321
76,135,83,70,364
104,56,144,27,331
108,102,92,77,379
125,131,144,145,545
113,137,130,72,452
106,142,111,55,414
72,146,133,11,362
100,59,67,137,363
33,23,8,80,144
135,47,112,16,310
39,66,79,134,318
3,11,139,57,210
75,22,97,64,258
57,131,21,122,331
98,45,87,23,253
74,114,72,67,327
15,91,4,125,235
76,143,49,136,404
143,15,129,28,315
93,124,79,139,435
119,93,119,22,353
111,41,81,115,348
149,77,73,85,384
122,32,36,112,302
24,122,104,22,272
71,64,43,89,267
37,72,27,7,143
8,18,4,147,177
148,6,93,33,280
94,120,82,80,376
81,29,2,82,194
83,15,82,41,221
136,143,94,23,396
77,67,84,99,327
22,113,22,83,240
20,53,107,14,194
74,52,139,50,315
136,49,124,56,365
59,128,101,99,387
86,49,25,3,163
133,29,123,36,321
87,45,33,114,279
31,37,102,92,262
89,146,44,7,286
12,25,116,15,168
121,50,99,9,279
144,86,46,93,369
124,55,87,59,325
70,56,57,16,199
130,21,107,62,320
93,111,84,92,380
121,7,66,23,217
51,81,148,15,295
84,29,12,122,247
129,7,144,91,371
17,70,118,141,346
91,37,97,26,251
92,130,73,6,301
122,84,132,52,390
126,136,50,43,355
128,2,22,125,277
68,110,130,1,309
65,4,115,96,280
67,115,48,109,339
116,59,146,135,456
85,77,119,106,387
84,131,94,9,318
85,48,46,133,312
14,58,95,34,201
72,138,94,55,359
135,55,63,52,305
39,138,73,52,302
76,4,27,118,225
4,51,22,7,84
101,36,28,13,178
56,148,29,68,301
114,115,56,139,424
83,125,94,75,377
150,5,73,64,292
77,87,22,129,315
110,121,131,11,373
105,122,73,110,410
97,137,134,101,469
145,143,100,24,412
28,49,142,110,329
21,73,63,132,289
129,142,35,22,328
129,46,93,64,332
17,60,92,89,258
68,86,12,47,213
137,8,89,43,277
52,88,21,140,301
115,133,98,49,395
62,98,147,95,402
23,80,55,143,301
139,75,62,95,371
10,147,104,57,318
109,57,98,29,293
112,94,110,18,334
28,21,54,121,224
123,143,72,79,417
128,133,6,76,343
99,16,30,109,254
97,60,59,9,225
13,35,34,148,230
95,68,18,134,315
27,52,63,6,148
111,106,3,28,248
7,106,148,4,265
147,94,93,75,409
76,8,97,42,223
150,146,49,89,434
69,131,83,143,426
9,52,34,9,104
116,18,8,141,283
67,28,76,120,291
147,29,66,92,334
133,96,97,124,450
138,52,45,142,377
51,96,45,85,277
78,135,88,14,315
133,81,16,39,269
118,10,5,108,241
81,98,120,12,311
13,77,12,119,221
123,141,13,85,362
131,116,114,122,483
93,82,34,9,218
5,72,57,114,248
62,110,48,15,235
60,123,87,136,406
116,28,127,102,373
150,25,33,144,352
104,47,100,125,376
4,97,30,57,188
63,62,32,102,259
58,102,100,92,352
141,16,78,121,356
84,121,90,66,361
143,57,137,88,425
83,56,105,139,383
2,111,119,116,348
63,93,51,137,344
37,128,109,48,322
135,85,121,32,373
28,8,149,84,269
66,103,127,63,359
19,74,49,120,262
69,82,126,67,344
13,4,121,142,280
140,14,53,94,301
126,89,111,75,401
50,117,87,126,380
96,10,137,126,369
116,63,1,68,248
140,143,88,150,521
74,7,45,50,176
113,73,84,53,323
98,96,37,103,334
42,53,87,103,285
24,19,34,122,199
132,86,67,69,354
105,59,30,139,333
101,14,36,66,217
46,144,90,86,366
150,132,144,121,547
113,69,130,53,365
120,72,66,73,331
4,30,142,25,201
116,6,118,20,260
59,5,110,93,267
148,33,19,16,216
47,115,87,141,390
87,49,16,124,276
82,51,13,146,292
18,8,58,19,103
125,118,76,16,335
37,72,137,148,394
74,143,131,130,478
67,143,99,132,441
1,37,84,66,188
99,92,47,93,331
76,120,27,35,258
57,95,62,58,272
142,110,88,55,395
12,23,43,50,128
130,117,116,10,373
60,100,110,51,321
110,134,140,4,388
87,35,41,23,186
115,93,53,135,396
2,4,23,43,72
25,141,29,71,266
89,137,79,124,429
116,114,41,48,319
99,55,67,63,284
107,132,18,126,383
126,113,41,1,281
41,21,131,35,228
14,98,88,64,264
136,127,69,96,428
87,132,100,127,446
134,22,134,41,331
131,85,141,97,454
98,66,10,53,227
100,83,24,139,346
23,54,118,117,312
33,57,93,129,312
45,106,9,9,169
75,75,149,3,302
18,118,87,87,310
116,114,144,101,475
67,27,109,121,324
112,20,132,85,349
20,125,107,111,363
44,90,106,32,272
121,110,3,72,306
29,80,142,90,341
7,32,33,62,134
105,47,121,101,374
54,104,95,117,370
67,135,115,17,334
75,3,25,44,147
148,81,103,144,476
6,23,78,117,224
77,68,30,125,300
38,149,20,42,249
73,59,140,109,381
32,60,108,70,270
145,17,42,138,342
21,4,25,113,163
38,111,55,86,290
129,120,3,136,388
102,130,43,115,390
83,91,43,80,297
55,69,2,143,269
113,62,44,17,236
57,105,138,53,353
34,139,65,103,341
108,96,76,16,296
27,28,117,146,318
12,149,39,94,294
54,26,110,63,253
106,72,85,51,314
13,48,78,53,192
22,121,22,148,313
37,70,64,38,209
140,41,32,122,335
126,81,119,87,413
117,39,109,68,333
44,125,55,110,334
55,97,68,20,240
56,29,108,117,310
23,100,64,59,246
15,31,100,133,279
141,53,18,132,344
64,92,75,132,363
136,106,55,40,337
10,141,24,67,242
95,7,48,116,266
49,131,93,50,323
82,32,2,142,258
96,110,116,66,388
24,110,32,39,205
102,140,121,133,496
32,74,66,113,285
56,143,138,98,435
32,63,22,41,158
148,105,130,96,479
88,10,6,22,126
14,142,141,110,407
92,98,102,150,442
66,127,74,138,405
148,84,139,136,507
125,25,3,106,259
132,29,44,42,247
69,105,148,143,465
130,6,34,74,244
87,45,22,108,262
137,137,23,14,311
146,14,118,35,313
5,138,82,75,300
137,74,117,8,336
85,111,23,53,272
96,110,141,137,484
125,66,5,54,250
60,97,92,82,331
113,29,105,33,280
85,125,103,50,363
70,128,119,34,351
27,113,25,35,200
6,82,144,8,240
37,104,129,118,388
131,25,84,106,346
13,41,6,66,126
131,75,5,106,317
95,21,93,105,314
37,150,54,87,328
9,128,91,36,264
68,88,130,17,303
88,65,115,72,340
97,102,42,31,272
146,6,34,30,216
15,44,141,112,312
133,137,69,37,376
112,94,25,125,356
31,39,85,96,251
45,46,61,108,260
21,18,147,150,336
138,143,14,45,340
100,129,9,28,266
64,126,83,117,390
22,54,150,100,326
91,146,72,80,389
139,21,67,4,231
90,74,125,92,381
85,104,106,114,409
58,15,63,100,236
19,140,78,136,373
92,37,34,108,271
84,48,87,131,350
60,50,69,95,274
69,69,140,80,358
2,7,24,83,116
24,73,14,149,260
14,73,63,28,178
32,41,111,39,223
139,11,111,40,301
43,115,89,140,387
64,130,100,61,355
105,142,9,17,273
65,66,148,119,398
96,76,6,133,311
39,102,88,126,355
64,122,127,31,344
127,139,52,102,420
17,10,70,56,153
130,76,31,51,288
44,71,37,128,280
94,49,144,123,410
70,134,1,16,221
126,138,64,76,404
31,6,113,75,225
79,2,137,149,367
94,13,137,7,251
2,26,126,120,274
2,105,98,147,352
25,39,102,149,315
17,149,22,68,256
48,11,60,32,151
68,14,34,80,196
8,135,66,45,254
79,129,32,135,375
15,66,50,18,149
103,81,39,112,335
23,149,150,85,407
58,79,101,16,254
14,25,90,60,189
50,40,91,109,290
132,57,2,58,249
126,19,16,119,280
23,28,45,10,106
52,67,140,79,338
44,137,71,23,275
68,97,88,122,375
146,1,64,15,226
108,42,63,147,360
75,126,114,109,424
131,74,7,131,343
40,114,62,70,286
29,133,36,142,340
6,64,28,9,107
46,64,120,111,341
133,126,76,86,421
24,90,129,78,321
58,11,95,146,310
101,57,23,136,317
126,97,125,93,441
23,99,18,78,218
127,119,56,3,305
136,33,64,8,241
50,70,32,125,277
55,149,93,1,298
38,61,107,20,226
104,66,39,100,309
133,86,80,4,303
35,141,145,103,424
66,46,136,64,312
148,57,44,48,297
38,53,38,47,176
102,43,35,73,253
99,130,93,120,442
115,6,91,126,338
112,18,42,75,247
98,17,75,61,251
87,41,6,134,268
135,87,109,150,481
135,59,96,73,363
120,82,34,94,330
12,129,98,77,316
128,57,103,6,294
53,4,99,5,161
141,33,100,131,405
141,8,81,78,308
108,65,67,56,296
23,102,12,90,227
5,109,32,38,184
33,115,120,27,295
106,98,124,141,469
95,39,56,110,300
110,38,146,27,321
16,80,75,32,203
63,131,15,112,321
110,90,46,71,317
59,100,31,73,263
23,8,96,15,142
97,110,117,49,373
15,135,72,9,231
66,74,27,123,290
77,138,108,121,444
134,46,35,140,355
95,54,65,15,229
70,39,18,131,258
118,45,145,116,424
17,139,142,143,441
131,113,54,82,380
6,58,136,55,255
104,130,96,105,435
71,144,23,89,327
96,143,57,95,391
25,67,121,105,318
4,87,138,76,305
129,129,11,18,287
139,87,19,134,379
46,140,127,137,450
1,61,28,140,230
90,33,22,121,266
1,3,106,75,185
126,123,86,18,353
122,142,19,95,378
88,22,26,21,157
127,18,32,131,308
53,68,57,94,272
19,85,20,30,154
147,134,92,23,396
50,79,125,88,342
76,107,17,129,329
69,4,32,131,236
88,14,136,118,356
133,109,48,88,378
130,7,67,139,343
60,115,120,50,345
149,138,1,61,349
113,70,136,120,439
60,74,119,72,325
57,113,65,47,282
95,99,41,106,341
14,137,4,34,189
70,77,146,91,384
4,51,134,70,259
89,15,122,78,304
37,80,89,5,211
8,41,48,8,105
142,133,67,95,437
95,5,4,26,130
85,140,83,80,388
58,134,60,2,254
79,71,69,128,347
145,117,76,79,417
7,70,15,126,218
70,144,86,139,439
38,147,26,94,305
104,120,89,17,330
138,64,62,134,398
105,119,54,83,361
33,135,138,29,335
44,113,12,84,253
50,111,39,94,294
126,111,2,73,312
83,41,58,48,230
136,45,98,138,417
91,52,27,79,249
104,75,51,125,355
71,10,133,142,356
77,124,99,85,385
118,82,127,82,409
2,75,81,60,218
94,104,131,103,432
51,63,127,38,279
126,61,61,11,259
50,126,108,25,309
60,81,108,32,281
8,93,39,81,221
37,48,91,147,323
27,134,97,150,408
82,127,33,97,339
24,143,150,119,436
4,112,40,109,265
8,141,91,120,360
144,142,19,88,393
53,68,76,67,264
145,67,92,14,318
99,97,18,141,355
120,14,38,70,242
89,81,85,109,364
99,114,140,15,368
107,94,16,77,294
79,133,141,109,462
131,19,46,51,247
128,93,79,35,335
91,83,31,45,250
80,147,20,49,296
62,127,30,3,222
91,3,91,14,199
70,114,87,27,298
73,75,36,116,300
40,116,85,87,328
113,33,117,109,372
49,145,79,5,278
122,91,30,74,317
85,89,142,30,346
2,87,19,49,157
133,16,13,33,195
46,112,115,51,324
114,1,100,138,353
104,93,57,100,354
60,141,142,38,381
36,102,142,100,380
31,94,98,51,274
104,33,59,11,207
14,45,109,65,233
11,115,106,6,238
64,75,26,16,181
10,64,130,99,303
37,137,55,90,319
115,150,39,111,415
22,70,11,76,179
32,78,103,16,229
92,4,88,44,228
25,95,122,150,392
47,113,32,93,285
5,35,30,28,98
26,129,15,42,212
84,10,145,118,357
65,56,2,76,199
117,145,47,95,404
129,110,3,81,323
30,46,117,63,256
99,55,143,30,327
56,114,80,72,322
142,45,108,2,297
12,37,133,31,213
121,110,119,45,395
25,27,4,78,134
145,6,142,119,412
94,119,134,93,440
123,68,147,121,459
72,32,99,121,324
147,141,56,61,405
147,39,101,82,369
60,21,107,78,266
34,21,35,68,158
14,115,43,76,248
149,140,4,56,349
3,52,91,36,182
95,108,46,20,269
62,25,13,58,158
82,29,30,37,178
30,45,110,104,289
92,116,75,65,348
53,136,3,104,296
144,72,92,92,400
38,121,17,125,301
135,116,147,58,456
111,97,57,135,400
55,141,22,50,268
64,95,58,96,313
96,13,82,67,258
50,137,43,102,332
69,3,18,74,164
18,52,113,86,269
23,77,45,126,271
111,126,77,123,437
53,7,113,90,263
44,145,85,18,292
98,18,143,87,346
38,114,51,89,292
30,36,60,39,165
38,118,132,84,372
12,73,41,65,191
36,143,113,23,315
96,98,123,46,363
134,27,69,77,307
124,142,60,109,435
145,51,35,11,242
55,91,96,88,330
52,109,65,23,249
85,32,116,50,283
111,28,84,53,276
149,48,102,60,359
28,147,16,74,265
58,21,93,127,299
101,111,16,125,353
20,9,150,51,230
109,40,109,76,334
77,118,143,4,342
114,137,34,112,397
5,54,81,8,148
14,37,51,15,117
4,118,85,81,288
8,23,96,96,223
144,6,68,52,270
133,66,117,81,397
71,43,24,63,201
130,131,25,116,402
111,93,97,75,376
86,104,62,130,382
81,104,91,19,295
31,71,107,38,247
82,28,80,96,286
74,82,108,49,313
5,135,37,89,266
10,92,2,12,116
42,63,15,111,231
67,133,131,3,334
121,59,66,99,345
41,83,25,135,284
144,132,18,98,392
83,97,34,62,276
120,30,29,35,214
62,113,138,41,354
1,56,22,111,190
26,99,112,95,332
98,125,41,120,384
87,103,148,60,398
92,133,27,9,261
58,66,95,104,323
45,9,20,105,179
78,75,105,39,297
65,48,1,78,192
137,110,69,92,408
85,7,146,13,251
44,43,2,149,238
64,117,128,42,351
3,122,99,62,286
91,130,108,16,345
44,95,85,101,325
69,15,2,93,179
119,127,57,147,450
66,82,107,86,341
144,102,17,51,314
68,12,91,14,185
4,87,66,41,198
76,139,17,122,354
108,19,111,117,355
62,72,57,104,295
13,133,117,78,341
92,77,47,68,284
24,17,7,50,98
2,17,89,82,190
27,136,70,75,308
19,62,98,1,180
132,122,13,99,366
71,39,29,62,201
49,44,96,42,231
30,106,144,137,417
8,85,81,104,278
145,46,96,136,423
99,82,28,43,252
17,64,92,133,306
2,93,126,39,260
79,122,68,97,366
143,90,69,26,328
72,16,23,137,248
72,76,117,53,318
10,130,93,128,361
48,77,30,62,217
42,41,60,115,258
127,135,17,71,350
123,38,31,133,325
66,140,67,148,421
138,5,118,83,344
86,95,32,59,272
36,127,113,112,388
10,106,133,68,317
77,109,97,37,320
43,1,140,27,211
142,138,22,131,433
134,84,51,128,397
98,53,54,98,303
74,122,129,29,354
39,136,28,62,265
143,85,12,62,302
89,137,120,121,467
104,84,97,29,314
18,39,39,141,237
60,94,13,10,177
145,61,108,147,461
130,26,31,41,228
109,65,33,13,220
137,81,123,67,408
52,17,111,135,315
29,32,67,59,187
116,77,68,150,411
41,26,32,46,145
6,48,117,99,270
43,139,141,130,453
3,137,130,64,334
91,143,113,60,407
132,29,53,35,249
76,64,16,25,181
97,127,26,132,382
118,126,82,113,439
106,2,28,138,274
68,130,104,7,309
32,68,42,103,245
133,52,8,141,334
31,97,42,112,282
97,79,110,62,348
109,8,29,70,216
9,115,33,37,194
40,40,112,36,228
85,78,33,36,232
46,149,91,131,417
92,28,71,125,316
11,20,92,103,226
125,67,18,143,353
106,63,120,8,297
15,101,112,64,292
81,11,87,57,236
126,5,65,97,293
35,51,48,97,231
13,10,54,148,225
137,77,39,43,296
115,89,110,64,378
4,92,59,83,238
85,17,28,99,229
136,38,2,93,269
19,79,137,115,350
34,124,42,109,309
125,107,1,15,248
89,67,72,62,290
97,65,136,75,373
33,95,100,150,378
96,66,56,142,360
118,48,135,66,367
4,25,130,145,304
86,52,150,77,365
92,65,97,107,361
4,133,1,87,225
20,126,68,141,355
107,60,112,74,353
78,101,81,49,309
10,99,7,58,174
107,100,61,80,348
41,18,69,103,231
40,35,126,84,285
33,85,65,124,307
138,62,113,38,351
53,144,139,145,481
2,17,139,54,212
56,140,38,13,247
14,54,139,77,284
78,84,50,92,304
32,45,28,122,227
10,77,139,102,328
122,15,75,8,220
51,49,94,113,307
24,68,101,90,283
21,80,3,66,170
33,139,41,8,221
94,102,5,10,211
28,99,141,149,417
24,32,146,63,265
38,69,3,65,175
7,50,35,142,234
103,9,22,71,205
100,97,43,83,323
142,139,4,68,353
8,40,92,133,273
56,127,25,150,358
46,16,57,51,170
66,90,51,46,253
150,89,94,12,345
33,72,122,143,370
96,33,12,56,197
145,13,74,100,332
74,73,131,7,285
77,71,9,100,257
36,67,26,24,153
148,13,114,30,305
13,133,61,150,357
79,40,103,56,278
138,118,80,77,413
93,28,133,131,385
93,84,82,140,399
101,5,31,43,180
1,69,34,116,220
118,32,96,80,326
132,92,142,11,377
33,46,18,10,107
13,128,133,131,405
116,140,43,120,419
135,29,120,79,363
97,50,105,33,285
44,35,22,122,223
147,125,65,74,411
81,59,56,91,287
146,20,53,39,258
97,14,85,116,312
77,2,19,122,220
33,136,92,119,380
18,121,18,83,240
125,132,83,112,452
99,74,47,1,221
102,63,64,116,345
89,112,1,56,258
149,20,38,119,326
142,69,4,17,232
33,62,68,29,192
140,70,83,119,412
97,26,51,18,192
93,23,145,118,379
69,17,76,74,236
41,16,100,5,162
52,148,139,73,412
46,82,126,50,304
75,149,73,69,366
94,113,46,127,380
102,11,108,116,337
5,126,64,109,304
93,101,83,132,409
64,63,108,20,255
116,120,2,59,297
72,134,58,34,298
49,138,133,88,408
4,65,88,146,303
33,38,128,91,290
80,30,85,4,199
52,125,61,49,287
77,65,84,5,231
134,112,130,146,522
127,60,108,125,420
71,85,123,70,349
140,137,118,97,492
145,85,72,72,374
36,91,130,97,354
29,111,7,55,202
111,24,17,149,301
114,139,127,81,461
36,37,53,69,195
142,105,8,106,361
23,77,25,129,254
47,23,117,143,330
74,147,67,40,328
16,96,21,29,162
55,29,44,138,266
67,32,58,21,178
89,65,134,28,316
65,30,75,96,266
62,33,81,108,284
38,53,52,41,184
5,58,116,130,309
138,31,67,37,273
69,77,85,31,262
80,99,148,6,333
46,109,140,141,436
120,18,143,129,410
109,104,146,23,382
137,4,94,94,329
25,109,18,90,242
20,122,51,42,235
90,66,114,38,308
101,18,104,98,321
15,91,31,70,207
69,40,76,63,248
138,96,144,54,432
101,17,60,77,255
56,42,39,107,244
146,127,127,113,513
80,104,120,49,353
27,68,18,97,210
96,100,125,23,344
31,29,93,39,192
46,123,25,3,197
129,104,16,91,340
111,120,146,76,453
9,19,70,101,199
85,39,71,81,276
86,18,28,85,217
136,75,42,69,322
28,82,103,121,334
49,88,149,31,317
64,92,130,147,433
144,128,137,81,490
37,35,87,81,240
96,121,20,91,328
141,101,114,128,484
12,94,34,72,212
87,137,8,109,341
129,39,48,29,245
31,109,56,143,339
107,134,101,83,425
66,85,105,4,260
49,140,57,109,355
23,139,36,125,323
140,119,39,129,427
123,24,83,97,327
46,99,8,115,268
3,130,104,124,361
27,103,14,146,290
41,25,87,7,160
65,54,61,105,285
52,14,62,135,263
60,11,68,53,192
93,55,135,78,361
61,55,120,64,300
130,141,5,79,355
148,42,60,105,355
81,74,107,17,279
128,117,106,67,418
46,50,17,73,186
71,131,148,138,488
129,13,121,129,392
9,78,80,15,182
133,81,4,43,261
136,64,125,46,371
62,12,41,94,209
1,94,53,14,162
14,25,149,62,250
123,44,131,109,407
149,141,72,14,376
105,43,61,76,285
111,125,75,103,414
77,35,108,126,346
1,106,19,128,254
137,22,86,77,322
45,142,22,59,268
109,119,90,134,452
62,41,89,1,193
98,134,14,105,351
86,136,37,49,308
43,139,71,9,262
121,61,60,51,293
79,111,139,97,426
104,60,133,64,361
86,100,65,65,316
12,92,15,133,252
90,148,142,89,469
3,146,44,133,326
95,1,69,26,191
15,5,5,134,159
29,49,40,80,198
63,138,19,51,271
75,6,146,59,286
72,87,2,145,306
108,41,105,123,377
79,140,70,80,369
120,47,97,129,393
27,28,81,103,239
147,77,123,63,410
130,4,120,27,281
75,41,23,42,181
104,8,59,65,236
58,9,44,136,247
118,42,144,41,345
132,12,46,50,240
98,67,119,132,416
114,110,33,16,273
124,55,17,10,206
45,109,55,51,260
144,79,133,143,499
31,35,122,82,270
55,5,81,93,234
147,76,129,12,364
53,134,127,78,392
33,149,88,131,401
53,63,23,14,153
37,136,140,90,403
2,41,72,44,159
116,77,102,102,397
62,65,127,97,351
6,6,134,3,149
84,53,47,89,273
106,14,124,43,287
39,128,77,86,330
134,73,51,39,297
103,112,107,101,423
93,67,73,59,292
54,64,95,13,226
87,130,60,143,420
49,44,119,145,357
28,86,4,123,241
91,1,101,144,337
145,126,18,19,308
85,97,48,86,316
83,50,11,66,210
79,41,129,148,397
79,27,70,66,242
49,142,109,46,346
49,111,41,131,332
149,100,120,11,380
148,33,92,104,377
87,142,46,88,363
140,118,71,145,474
56,27,135,127,345
18,119,2,111,250
143,13,81,17,254
43,126,9,65,243
118,21,103,76,318
87,122,74,136,419
148,18,141,81,388
109,88,49,106,352
125,71,59,48,303
123,52,60,100,335
145,140,131,108,524
139,5,37,111,292
119,128,41,8,296
31,126,3,12,172
122,78,132,114,446
102,28,43,102,275
35,70,27,5,137
81,94,105,36,316
132,143,57,106,438
48,54,78,14,194
70,7,92,104,273
12,118,59,87,276
67,95,136,71,369
54,55,60,109,278
41,128,80,86,335
88,81,136,70,375
77,121,47,6,251
122,74,47,140,383
141,89,46,74,350
46,67,54,11,178
70,16,129,139,354
103,75,42,92,312
131,122,48,79,380
88,51,11,82,232
59,84,11,135,289
13,55,89,111,268
140,126,111,101,478
22,77,121,72,292
27,119,123,62,331
73,146,75,123,417
14,54,76,37,181
142,63,82,5,292
140,41,138,87,406
69,122,133,7,331
80,44,132,78,334
59,16,64,57,196
55,21,30,53,159
10,6,90,93,199
79,23,139,34,275
9,118,6,3,136
146,117,83,41,387
128,98,125,66,417
146,54,16,107,323
26,3,89,72,190
53,27,96,129,305
21,66,12,33,132
150,121,98,42,411
139,97,52,61,349
37,102,65,69,273
118,143,42,9,312
3,34,45,111,193
149,60,53,75,337
37,143,53,119,352
130,119,86,104,439
28,29,29,140,226
38,124,24,50,236
69,105,118,21,313
44,72,115,14,245
24,68,61,109,262
49,91,59,91,290
111,133,32,22,298
138,1,4,140,283
28,55,118,6,207
144,95,126,104,469
121,61,102,121,405
22,10,13,109,154
40,67,1,117,225
13,60,78,40,191
137,48,67,23,275
23,145,135,23,326
89,108,67,77,341
46,137,79,53,315
104,85,4,42,235
147,119,149,118,533
59,100,10,97,266
100,90,119,13,322
12,110,38,63,223
87,75,133,51,346
121,78,88,96,383
41,93,120,100,354
51,40,72,17,180
80,7,85,4,176
140,126,102,35,403
5,48,74,12,139
112,56,2,6,176
72,113,114,84,383
35,8,102,137,282
65,139,73,108,385
43,120,26,11,200
116,94,92,61,363
95,41,89,139,364
108,4,31,47,190
22,8,136,10,176
52,33,29,111,225
98,111,105,29,343
128,124,19,15,286
57,32,14,99,202
80,111,104,18,313
54,30,68,10,162
121,45,12,91,269
30,42,53,37,162
97,15,6,97,215
48,114,143,32,337
128,92,4,82,306
10,79,101,13,203
11,76,128,81,296
144,9,85,34,272
110,31,137,32,310
39,55,27,7,128
76,97,24,37,234
43,28,51,102,224
149,150,123,57,479
15,97,97,51,260
72,83,119,60,334
3,53,95,5,156
99,10,60,97,266
49,81,128,119,377
135,6,21,22,184
104,14,25,71,214
129,27,133,131,420
132,22,116,44,314
7,64,6,87,164
118,103,86,58,365
30,69,6,91,196
140,11,23,100,274
21,103,6,31,161
85,78,107,24,294
99,76,32,131,338
126,50,124,21,321
75,120,118,82,395
129,34,81,31,275
32,20,35,71,158
132,104,15,16,267
44,3,138,29,214
8,107,96,45,256
61,79,103,128,371
94,50,119,61,324
86,56,49,116,307
76,110,138,19,343
61,7,65,105,238
74,30,66,24,194
77,10,110,133,330
82,42,127,150,401
4,8,72,128,212
65,7,106,66,244
14,21,114,69,218
91,137,3,6,237
74,25,124,51,274
17,42,87,117,263
147,53,46,17,263
10,60,110,28,208
98,83,2,41,224
71,44,13,116,244
131,98,3,58,290
23,30,86,67,206
74,150,121,5,350
137,80,83,148,448
125,2,28,14,169
100,23,142,108,373
21,139,11,52,223
4,124,68,82,278
73,66,68,13,220
111,90,121,51,373
139,112,75,83,409
84,42,12,142,280
32,14,88,16,150
23,44,51,130,248
34,2,63,39,138
32,16,42,18,108
50,141,26,66,283
22,77,110,88,297
58,101,108,56,323
120,27,102,91,340
44,132,149,74,399
37,34,22,118,211
25,23,21,136,205
69,135,103,69,376
147,22,107,61,337
20,57,89,100,266
126,108,150,15,399
62,58,112,33,265
58,123,52,89,322
39,36,139,34,248
49,34,144,62,289
109,101,101,51,362
11,62,89,150,312
91,140,6,147,384
83,35,131,142,391
57,45,23,61,186
107,95,74,137,413
19,110,112,47,288
22,46,125,61,254
150,15,131,64,360
129,34,111,131,405
122,68,62,7,259
122,33,127,27,309
39,10,18,150,217
9,129,85,11,234
1,73,81,77,232
46,104,146,87,383
18,43,130,4,195
57,92,133,92,374
55,4,106,78,243
19,67,36,127,249
96,61,44,136,337
79,115,67,43,304
10,64,121,104,299
88,94,33,102,317
119,73,139,69,400
73,35,112,64,284
80,81,96,63,320
60,129,101,38,328
38,82,11,102,233
37,1,137,75,250
50,132,52,14,248
20,99,14,53,186
29,91,150,126,396
32,60,77,80,249
11,67,47,48,173
56,57,34,141,288
40,55,55,133,283
19,8,30,20,77
18,36,52,134,240
54,62,139,48,303
32,23,1,75,131
66,82,33,61,242
118,79,67,21,285
92,93,98,106,389
84,87,94,20,285
86,106,99,53,344
127,147,90,87,451
146,128,85,90,449
14,113,130,148,405
138,108,80,128,454
54,70,124,78,326
30,49,47,120,246
24,134,40,15,213
52,77,72,74,275
78,114,88,133,413
24,16,25,31,96
89,5,89,41,224
104,2,109,54,269
113,6,32,77,228
97,38,68,22,225
52,31,129,8,220
144,14,59,41,258
57,123,87,9,276
31,60,33,141,265
81,149,4,1,235
24,38,49,118,229
80,36,93,62,271
2,77,11,122,212
59,83,131,144,417
80,90,24,121,315
66,119,20,75,280
140,62,113,59,374
12,84,74,38,208
136,62,104,96,398
147,98,101,26,372
70,66,13,26,175
147,20,101,43,311
109,127,5,32,273
79,134,129,54,396
34,121,24,94,273
95,73,45,20,233
36,42,94,61,233
38,149,89,114,390
62,81,140,80,363
84,28,125,99,336
61,22,135,35,253
103,27,96,61,287
129,110,98,25,362
110,148,96,63,417
56,55,127,143,381
139,33,145,143,460
64,90,86,32,272
27,92,30,14,163
69,109,20,136,334
119,62,119,5,305
30,81,123,7,241
113,136,58,131,438
96,132,29,145,402
55,1,123,16,195
114,15,58,87,274
7,94,110,83,294
20,132,75,17,244
11,123,91,84,309
35,69,34,144,282
65,76,45,112,298
15,23,85,73,196
49,30,75,147,301
109,35,5,77,226
62,102,146,51,361
4,135,80,86,305
89,81,75,120,365
116,81,8,41,246
70,127,100,28,325
98,91,96,124,409
91,121,88,50,350
94,48,81,133,356
145,1,121,14,281
143,88,138,39,408
17,133,35,116,301
86,68,139,24,317
54,82,102,146,384
47,118,10,44,219
48,98,136,76,358
82,47,141,132,402
1,120,69,62,252
3,76,122,117,318
9,88,114,105,316
86,58,101,117,362
29,27,67,66,189
87,23,93,91,294
145,140,34,55,374
108,73,72,7,260
8,70,21,115,214
137,102,105,64,408
101,28,98,103,330
95,15,114,35,259
34,44,90,115,283
45,107,3,61,216
83,78,32,11,204
17,17,64,42,140
7,127,120,48,302
23,80,5,134,242
129,121,70,8,328
13,122,149,52,336
88,126,15,150,379
101,140,149,2,392
144,77,82,78,381
108,29,118,145,400
128,137,54,28,347
117,10,132,24,283
65,11,7,21,104
68,63,144,105,380
79,20,141,92,332
33,65,138,9,245
55,103,97,28,283
5,135,94,71,305
24,139,136,25,324
140,33,62,56,291
93,111,31,127,362
13,32,52,102,199
6,120,130,40,296
58,94,114,122,388
81,84,17,149,331
102,11,73,90,276
114,76,48,115,353
47,49,3,59,158
4,76,36,79,195
120,66,46,85,317
42,117,77,16,252
28,146,104,111,389
33,97,104,26,260
16,61,108,16,201
22,77,35,139,273
34,139,20,3,196
65,144,20,19,248
74,9,100,150,333
40,104,48,108,300
38,103,45,84,270
118,21,135,27,301
56,25,50,6,137
99,145,24,126,394
8,32,44,71,155
76,20,116,140,352
102,129,21,55,307
79,91,113,8,291
115,132,120,36,403
76,86,55,82,299
147,56,105,139,447
78,33,82,8,201
105,34,143,149,431
38,67,13,73,191
63,37,74,79,253
61,4,18,43,126
122,72,39,80,313
53,103,106,10,272
104,109,66,27,306
36,149,94,118,397
19,139,25,52,235
50,139,17,4,210
38,115,111,70,334
118,122,86,102,428
65,57,133,52,307
92,62,112,80,346
75,118,78,81,352
104,130,112,67,413
64,147,56,64,331
78,7,39,140,264
4,141,16,40,201
94,148,23,142,407
74,133,31,100,338
55,44,2,74,175
28,49,30,45,152
128,33,101,148,410
41,61,132,150,384
110,57,100,43,310
2,140,25,136,303
54,139,10,104,307
96,119,136,123,474
121,55,88,84,348
105,97,31,29,262
38,42,23,110,213
82,35,141,51,309
54,111,84,42,291
72,141,132,149,494
40,22,127,3,192
10,83,9,19,121
92,82,61,55,290
110,10,100,52,272
56,89,108,12,265
104,139,122,19,384
70,104,103,85,362
5,18,106,35,164
104,94,45,62,305
61,85,1,94,241
36,61,131,130,358
84,30,67,26,207
2,102,111,142,357
67,104,36,9,216
147,81,144,74,446
5,88,109,103,305
78,128,26,10,242
17,117,107,77,318
121,16,48,101,286
41,33,86,72,232
48,54,135,35,272
103,1,144,63,311
87,102,129,102,420
60,31,78,9,178
19,2,8,70,99
41,10,89,117,257
3,144,15,109,271
98,3,74,39,214
93,23,137,11,264
107,29,92,121,349
7,97,37,111,252
31,59,66,30,186
107,52,12,117,288
54,49,125,118,346
27,67,114,17,225
30,47,81,43,201
39,48,102,13,202
58,130,141,119,448
47,38,40,16,141
119,133,58,136,446
141,8,120,47,316
91,20,2,20,133
69,95,143,103,410
45,86,37,137,305
85,144,65,149,443
123,35,87,94,339
30,22,60,50,162
12,87,58,28,185
120,54,131,48,353
17,65,55,10,147
47,57,89,21,214
122,135,30,38,325
132,68,54,56,310
3,61,38,52,154
94,11,30,136,271
30,14,23,36,103
37,147,142,62,388
12,48,69,145,274
7,56,85,70,218
47,92,114,99,352
63,74,70,43,250
59,70,103,122,354
87,147,77,84,395
91,146,115,139,491
46,69,15,123,253
108,22,89,82,301
18,52,105,6,181
64,80,115,90,349
127,27,136,22,312
143,90,95,21,349
48,42,137,58,285
95,61,112,82,350
21,51,125,62,259
11,140,139,49,339
12,123,51,61,247
92,128,86,74,380
116,71,91,65,343
13,37,126,69,245
124,47,68,44,283
106,66,107,69,348
37,35,105,144,321
28,49,134,15,226
99,149,4,129,381
18,27,146,39,230
37,66,19,79,201
20,21,23,24,88
134,72,132,99,437
19,133,68,83,303
2,36,38,109,185
97,84,145,99,425
88,78,46,65,277
137,104,133,31,405
71,90,35,122,318
44,4,126,139,313
111,134,23,83,351
69,65,108,29,271
131,108,80,70,389
115,67,52,34,268
122,81,122,40,365
74,24,109,37,244
29,120,6,71,226
5,47,133,137,322
47,37,143,23,250
22,66,29,140,257
88,26,21,7,142
128,79,1,68,276
63,43,113,120,339
145,143,53,20,361
83,46,92,94,315
89,12,69,84,254
76,30,71,102,279
100,56,56,65,277
115,119,117,44,395
104,94,46,63,307
87,103,78,78,346
140,1,144,120,405
40,100,60,74,274
76,74,103,111,364
106,120,56,67,349
56,5,8,24,93
27,139,16,31,213
112,70,148,1,331
1,55,48,33,137
30,30,74,72,206
135,42,89,26,292
52,7,49,70,178
66,74,14,99,253
141,118,10,107,376
69,145,79,108,401
49,68,17,101,235
136,146,106,132,520
107,16,85,121,329
138,125,109,107,479
47,114,98,134,393
111,9,150,18,288
29,88,129,97,343
91,128,125,86,430
133,63,15,21,232
129,99,114,57,399
29,94,28,20,171
133,53,90,9,285
3,33,116,66,218
139,92,60,48,339
86,5,21,64,176
127,130,91,129,477
1,23,2,32,58
93,22,136,112,363
96,51,60,16,223
130,2,44,3,179
2,107,103,103,315
105,76,39,136,356
117,129,1,79,326
120,41,102,146,409
112,96,79,15,302
25,51,4,1,81
17,66,92,130,305
137,13,142,140,432
28,114,108,33,283
5,134,12,100,251
136,2,82,71,291
22,48,25,79,174
24,142,98,60,324
80,150,63,62,355
33,81,125,87,326
122,40,68,44,274
148,2,114,45,309
122,142,69,146,479
62,53,20,119,254
85,96,11,37,229
13,22,38,96,169
21,110,126,97,354
97,59,68,5,229
144,85,128,41,398
133,142,89,51,415
19,15,103,49,186
136,125,137,6,404
9,125,68,61,263
6,60,58,26,150
15,54,95,42,206
150,5,113,7,275
141,70,137,46,394
76,84,88,59,307
66,13,139,113,331
102,141,134,12,389
53,145,4,23,225
100,5,150,59,314
108,27,16,30,181
83,132,122,79,416
10,78,103,114,305
142,4,69,79,294
2,55,150,68,275
7,27,110,125,269
9,29,37,83,158
66,128,43,123,360
31,133,30,58,252
33,135,29,149,346
49,104,143,122,418
93,31,104,59,287
62,65,139,91,357
7,149,9,32,197
28,125,35,38,226
76,51,30,100,257
28,137,7,64,236
13,149,33,59,254
116,9,95,30,250
61,139,148,25,373
141,59,91,39,330
27,125,108,81,341
99,134,10,8,251
124,16,8,15,163
20,87,84,102,293
120,96,75,44,335
148,36,147,82,413
118,18,86,23,245
121,100,6,64,291
129,144,66,58,397
109,116,104,44,373
32,28,16,47,123
31,5,48,39,123
33,113,94,124,364
75,135,123,27,360
124,37,79,80,320
8,68,13,141,230
125,75,50,121,371
5,139,15,40,199
15,56,70,118,259
1,94,105,4,204
23,150,130,123,426
22,104,68,56,250
89,44,36,78,247
140,138,129,54,461
51,83,104,139,377
115,102,31,70,318
28,14,14,1,57
64,15,60,80,219
79,28,109,96,312
38,142,142,4,326
110,46,129,47,332
18,111,99,4,232
125,17,102,88,332
62,50,130,21,263
103,103,150,76,432
59,71,94,50,274
25,12,97,85,219
134,46,41,91,312
6,83,70,54,213
73,56,140,60,329
97,49,134,35,315
76,135,139,43,393
141,77,18,36,272
12,134,87,23,256
71,111,117,79,378
53,88,108,97,346
96,53,42,70,261
48,52,82,113,295
73,118,25,118,334
94,40,14,47,195
104,61,119,113,397
130,127,147,107,511
49,9,3,63,124
142,69,75,46,332
132,37,53,112,334
64,142,29,52,287
49,15,145,84,293
38,91,16,52,197
7,62,8,48,125
17,148,140,52,357
106,1,134,114,355
66,93,115,27,301
99,112,137,98,446
54,46,67,5,172
24,99,40,5,168
46,89,62,135,332
81,90,82,30,283
124,64,117,29,334
139,119,138,129,525
30,9,58,92,189
96,45,19,19,179
7,91,110,9,217
81,72,145,127,425
142,120,141,41,444
93,39,49,79,260
118,26,14,55,213
37,88,119,54,298
128,44,24,39,235
86,54,144,104,388
60,60,46,41,207
47,50,150,117,364
24,46,59,61,190
142,56,3,101,302
50,87,82,58,277
117,89,112,37,355
141,105,94,135,475
81,127,97,133,438
34,23,45,59,161
51,18,10,22,101
105,46,16,116,283
77,143,104,8,332
83,103,5,128,319
112,87,103,35,337
48,113,121,100,382
20,63,121,7,211
56,23,149,20,248
61,45,35,81,222
105,113,32,98,348
120,109,6,149,384
131,114,50,26,321
112,81,128,67,388
128,78,95,54,355
66,38,34,103,241
56,73,84,38,251
114,134,84,24,356
141,85,67,57,350
88,129,57,65,339
132,110,45,53,340
36,91,43,81,251
100,26,104,26,256
69,43,30,144,286
67,12,100,35,214
54,71,29,147,301
7,80,108,93,288
77,42,96,120,335
70,9,21,8,108
52,18,128,98,296
102,34,131,124,391
136,146,145,145,572
10,67,5,64,146
53,125,119,43,340
130,2,26,95,253
46,82,76,98,302
19,56,59,6,140
105,120,53,86,364
54,75,7,85,221
28,100,3,114,245
67,44,136,84,331
117,94,119,2,332
138,16,126,85,365
120,138,81,33,372
106,1,82,142,331
130,112,32,29,303
140,73,100,6,319
15,128,22,71,236
26,94,108,55,283
41,43,143,62,289
90,90,64,129,373
21,85,3,39,148
149,19,118,103,389
28,6,58,107,199
10,51,97,94,252
86,25,49,127,287
142,46,6,45,239
77,10,150,93,330
55,20,130,97,302
98,40,88,21,247
122,135,57,47,361
74,36,39,119,268
59,137,117,103,416
68,122,45,99,334
98,129,147,75,449
138,126,79,22,365
137,150,77,88,452
12,140,149,11,312
27,108,113,19,267
5,71,53,142,271
48,82,127,82,339
68,112,13,10,203
66,36,143,29,274
108,31,109,62,310
116,6,3,112,237
95,56,88,144,383
56,128,116,89,389
136,33,2,54,225
92,11,27,65,195
148,68,125,105,446
136,61,98,44,339
16,129,55,44,244
56,143,134,98,431
122,23,144,72,361
11,103,43,50,207
9,22,129,105,265
20,100,147,78,345
83,53,37,64,237
94,147,95,121,457
131,148,10,10,299
142,130,34,43,349
83,41,63,6,193
52,146,42,14,254
122,67,74,30,293
48,15,133,18,214
123,39,149,150,461
34,64,3,9,110
94,74,55,94,317
70,86,74,17,247
146,40,122,28,336
143,5,52,120,320
104,94,141,30,369
91,111,95,77,374
93,33,44,113,283
91,70,127,134,422
124,128,62,11,325
93,132,42,37,304
64,40,5,47,156
139,44,45,60,288
11,135,4,13,163
134,101,149,117,501
70,37,134,79,320
136,150,144,5,435
68,146,116,79,409
146,48,47,50,291
65,137,124,6,332
65,26,134,142,367
2,114,9,22,147
85,6,41,98,230
125,126,117,6,374
19,145,150,30,344
126,120,136,91,473
45,2,17,139,203
10,24,10,133,177
145,11,145,76,377
71,14,47,38,170
19,75,103,97,294
8,87,103,138,336
129,90,29,130,378
113,62,68,139,382
37,52,78,150,317
150,65,88,5,308
48,16,88,12,164
95,82,132,28,337
74,103,13,88,278
41,28,138,114,321
87,88,113,7,295
121,112,7,34,274
51,59,113,147,370
118,13,48,91,270
132,127,85,30,374
75,23,138,63,299
31,145,42,62,280
39,33,104,80,256
69,147,49,94,359
47,4,59,60,170
140,101,101,89,431
107,58,52,77,294
16,20,63,18,117
29,35,21,113,198
80,50,61,20,211
113,21,138,12,284
114,10,58,92,274
41,61,96,31,229
45,23,58,24,150
127,9,67,147,350
29,38,101,115,283
68,46,83,4,201
29,31,76,144,280
63,99,135,46,343
62,111,148,15,336
83,40,149,22,294
90,106,81,103,380
130,146,29,33,338
101,78,32,72,283
103,122,47,84,356
15,13,86,81,195
130,13,142,91,376
146,110,103,106,465
85,8,17,47,157
60,68,74,42,244
40,53,57,146,296
76,63,7,56,202
130,61,142,28,361
123,141,94,126,484
105,95,117,147,464
131,51,58,98,338
105,101,126,109,441
66,99,132,78,375
63,141,60,64,328
104,45,105,17,271
11,2,36,32,81
107,63,121,73,364
38,23,93,108,262
100,9,6,1,116
8,50,47,85,190
81,90,148,60,379
25,83,6,64,178
10,19,119,99,247
123,131,118,110,482
73,116,33,86,308
10,130,59,82,281
14,104,116,87,321
66,48,27,53,194
25,8,11,2,46
88,113,64,84,349
108,146,120,90,464
72,131,48,68,319
6,13,122,87,228
120,33,144,116,413
45,1,117,111,274
69,135,115,26,345
44,106,50,129,329
23,40,110,71,244
140,3,20,119,282
21,92,88,121,322
85,129,133,127,474
82,132,11,144,369
52,150,30,95,327
2,14,31,131,178
84,5,124,68,281
18,33,79,38,168
62,48,47,66,223
22,95,84,100,301
139,97,127,75,438
72,37,46,136,291
70,12,124,4,210
148,60,86,136,430
19,39,68,106,232
99,145,23,108,375
51,108,48,67,274
136,20,117,58,331
54,46,88,108,296
150,85,135,26,396
81,136,146,115,478
69,53,142,36,300
21,127,72,19,239
113,34,89,97,333
88,116,101,104,409
96,138,41,2,277
143,141,34,132,450
149,118,32,93,392
141,66,44,63,314
72,64,45,97,278
103,40,2,50,195
107,41,24,102,274
99,17,73,70,259
67,14,117,67,265
84,10,110,70,274
94,103,12,36,245
109,69,54,36,268
68,59,73,134,334
51,52,2,89,194
2,98,139,55,294
23,101,110,8,242
28,9,23,123,183
23,66,128,145,362
127,30,106,24,287
140,116,98,57,411
138,71,60,83,352
26,139,71,14,250
58,32,142,87,319
20,119,127,5,271
149,31,10,57,247
27,53,95,27,202
98,100,92,10,300
136,28,14,32,210
145,120,117,95,477
121,77,30,3,231
100,105,125,130,460
20,5,144,91,260
25,38,101,146,310
48,104,61,90,303
10,84,29,46,169
89,1,147,6,243
41,109,92,100,342
122,31,103,138,394
81,102,136,102,421
139,21,72,6,238
135,137,21,66,359
31,8,87,78,204
22,35,20,132,209
109,110,135,134,488
40,100,23,81,244
125,45,73,15,258
110,21,36,79,246
93,143,19,53,308
113,38,109,88,348
92,68,89,40,289
147,53,92,110,402
78,142,148,39,407
66,69,42,94,271
144,97,20,43,304
7,83,26,136,252
56,96,57,65,274
18,56,137,25,236
22,31,84,32,169
70,148,140,142,500
131,36,140,5,312
16,79,136,95,326
109,103,64,150,426
55,133,99,31,318
14,111,52,135,312
116,143,95,132,486
54,8,138,16,216
25,109,28,132,294
125,65,95,62,347
89,113,61,3,266
73,33,112,123,341
16,83,115,25,239
16,115,27,99,257
147,105,122,19,393
82,62,123,58,325
141,73,15,73,302
11,127,100,129,367
101,100,109,41,351
89,48,147,112,396
20,121,71,70,282
77,38,37,38,190
12,61,3,131,207
128,10,104,49,291
32,111,25,83,251
70,105,15,71,261
17,9,115,104,245
28,66,132,42,268
112,113,122,57,404
106,61,2,10,179
125,137,139,58,459
59,129,141,8,337
136,5,46,29,216
61,26,88,148,323
108,101,83,136,428
54,76,89,66,285
127,47,102,27,303
139,135,111,59,444
41,24,132,66,263
81,58,39,90,268
34,75,130,137,376
28,3,14,78,123
50,15,147,6,218
91,58,36,9,194
1,125,60,67,253
139,8,8,1,156
12,126,120,28,286
62,17,58,10,147
2,64,84,10,160
33,19,15,68,135
41,9,95,86,231
101,120,103,49,373
53,53,77,117,300
136,145,1,32,314
117,57,23,140,337
66,61,70,96,293
61,51,22,76,210
49,128,136,18,331
120,80,19,21,240
108,143,144,58,453
100,67,16,125,308
80,11,34,121,246
96,10,69,63,238
110,74,148,136,468
96,74,126,93,389
132,22,23,86,263
53,119,17,1,190
56,68,105,7,236
2,88,126,23,239
83,33,36,127,279
106,50,97,137,390
32,117,69,85,303
62,105,40,95,302
140,44,100,88,372
135,75,6,25,241
62,137,79,98,376
94,126,68,74,362
88,146,133,88,455
50,130,29,98,307
106,80,36,118,340
140,132,109,75,456
61,62,6,73,202
56,57,49,40,202
93,75,12,95,275
20,20,123,140,303
68,52,35,35,190
150,16,61,19,246
70,142,59,148,419
5,16,43,95,159
65,3,102,88,258
13,63,30,143,249
134,116,77,27,354
132,96,74,109,411
107,39,38,29,213
11,23,62,31,127
11,135,60,107,313
88,6,94,125,313
98,73,95,73,339
66,109,73,107,355
76,104,36,55,271
57,51,135,6,249
91,139,74,96,400
16,98,30,6,150
136,129,106,65,436
81,130,35,95,341
61,85,84,51,281
45,28,61,95,229
19,123,124,97,363
51,91,92,123,357
140,74,16,83,313
9,72,86,38,205
150,72,126,117,465
47,89,37,65,238
40,91,82,22,235
134,46,64,27,271
50,6,99,146,301
116,56,79,30,281
123,92,86,20,321
2,139,11,43,195
27,115,33,122,297
114,149,114,47,424
68,23,121,3,215
140,130,36,83,389
141,97,50,95,383
52,49,66,14,181
29,61,54,125,269
108,88,80,34,310
106,94,83,41,324
139,129,129,139,536
111,32,16,63,222
37,144,60,69,310
68,127,115,21,331
33,72,147,39,291
121,144,9,126,400
62,87,103,89,341
124,30,26,21,201
146,111,30,19,306
4,86,67,101,258
13,103,136,12,264
36,141,126,85,388
123,99,122,73,417
102,89,50,49,290
100,14,144,117,375
124,79,97,50,350
126,145,132,23,426
36,126,7,75,244
127,80,134,33,374
96,58,144,67,365
38,50,109,140,337
118,10,49,89,266
136,13,110,26,285
41,148,143,61,393
100,4,56,101,261
38,70,70,117,295
116,80,56,121,373
51,9,144,126,330
8,6,81,133,228
59,113,150,9,331
32,104,110,23,269
63,36,146,72,317
121,125,54,90,390
17,79,121,82,299
30,11,124,44,209
63,136,1,15,215
79,20,141,29,269
74,119,29,61,283
6,60,47,137,250
22,119,121,3,265
12,122,147,102,383
128,4,36,93,261
128,15,9,42,194
81,11,98,143,333
13,134,136,113,396
84,67,29,46,226
119,32,62,42,255
128,150,3,95,376
74,71,24,118,287
123,83,6,37,249
28,10,69,66,173
76,23,121,28,248
138,111,150,28,427
16,127,67,62,272
113,95,143,125,476
6,81,8,53,148
74,148,29,91,342
72,38,25,130,265
5,25,15,71,116
132,51,110,149,442
17,34,97,3,151
42,33,72,25,172
126,109,88,141,464
43,8,28,49,128
50,103,137,112,402
48,24,23,52,147
71,58,92,19,240
79,13,23,76,191
148,126,60,2,336
34,14,90,77,215
114,78,49,105,346
29,101,83,76,289
12,117,117,136,382
32,10,57,8,107
107,93,102,109,411
53,2,70,35,160
136,50,49,37,272
51,82,60,46,239
10,123,132,105,370
98,74,46,115,333
146,92,16,49,303
100,150,9,48,307
99,112,126,65,402
56,138,33,42,269
129,27,34,65,255
51,86,141,108,386
4,22,89,13,128
129,131,84,38,382
109,39,129,15,292
40,26,40,131,237
122,97,48,92,359
70,97,86,11,264
129,14,91,120,354
10,22,81,19,132
95,22,78,144,339
5,58,114,9,186
84,5,22,99,210
1,94,143,40,278
30,16,94,108,248
109,71,40,40,260
89,144,39,65,337
41,76,71,141,329
84,91,118,96,389
64,28,131,34,257
20,100,130,147,397
109,86,2,94,291
25,85,25,102,237
66,42,116,92,316
104,58,54,125,341
63,150,56,113,382
3,21,37,22,83
47,69,66,2,184
82,101,13,25,221
50,115,13,146,324
25,128,95,88,336
30,72,126,86,314
150,116,88,58,412
108,4,94,36,242
74,74,57,87,292
87,118,112,112,429
15,28,47,60,150
33,126,54,66,279
56,55,100,12,223
117,26,68,136,347
9,51,108,76,244
31,75,116,57,279
22,120,115,15,272
5,69,120,126,320
4,138,132,96,370
23,100,68,116,307
59,1,143,13,216
3,115,55,50,223
76,106,19,114,315
34,108,55,85,282
123,108,122,69,422
88,142,125,106,461
2,40,79,135,256
44,9,11,13,77
120,97,147,47,411
26,25,144,87,282
74,60,46,135,315
69,105,92,75,341
38,72,104,75,289
5,144,76,147,372
135,24,97,63,319
9,61,12,74,156
127,16,105,6,254
147,108,54,140,449
113,76,106,116,411
99,54,144,129,426
115,69,65,122,371
127,4,6,19,156
97,82,126,137,442
37,143,25,116,321
28,140,103,39,310
129,10,96,78,313
65,95,94,8,262
36,34,36,137,243
129,59,26,124,338
113,97,123,120,453
56,98,80,57,291
140,8,83,38,269
1,46,134,107,288
108,127,92,47,374
148,89,15,13,265
117,37,20,94,268
57,39,51,31,178
117,106,64,18,305
135,133,87,5,360
128,65,137,144,474
116,59,145,93,413
10,108,134,145,397
145,77,119,52,393
107,81,90,44,322
96,122,112,135,465
22,72,94,62,250
122,124,103,42,391
88,26,27,69,210
106,23,45,77,251
127,27,30,10,194
70,61,115,80,326
145,59,109,33,346
64,100,2,115,281
61,83,63,48,255
77,65,72,4,218
3,149,90,3,245
129,121,100,33,383
105,6,105,33,249
17,19,11,135,182
47,28,39,134,248
67,96,112,102,377
124,13,2,129,268
57,81,23,80,241
115,22,135,66,338
56,78,17,62,213
12,116,138,44,310
2,5,62,25,94
4,24,90,22,140
58,148,133,59,398
9,111,99,104,323
146,38,146,73,403
137,95,52,102,386
85,48,129,130,392
81,28,57,41,207
62,92,93,48,295
92,14,66,107,279
110,23,3,142,278
143,131,129,133,536
73,29,20,145,267
61,38,102,125,326
77,69,1,47,194
120,2,138,138,398
61,141,37,1,240
59,36,5,123,223
27,103,47,116,293
145,50,1,142,338
28,104,150,109,391
55,95,3,79,232
3,114,4,67,188
42,106,48,116,312
1,137,85,135,358
134,77,92,68,371
92,137,2,87,318
112,141,1,87,341
50,86,114,142,392
4,103,99,140,346
133,57,103,110,403
43,14,84,143,284
100,136,94,121,451
86,92,15,145,338
7,12,86,87,192
43,99,86,99,327
140,87,71,49,347
41,21,146,7,215
77,119,27,84,307
37,13,118,67,235
107,65,119,31,322
36,95,69,27,227
51,130,53,84,318
67,136,4,41,248
114,9,114,149,386
30,150,92,75,347
11,86,135,37,269
54,55,44,38,191
104,61,127,34,326
79,1,135,117,332
66,44,18,55,183
88,123,37,140,388
33,41,98,17,189
99,13,136,101,349
4,51,34,31,120
17,76,64,134,291
29,74,37,8,148
74,52,56,17,199
100,114,149,3,366
69,29,3,32,133
96,68,25,45,234
82,62,77,88,309
127,120,17,29,293
100,56,143,10,309
51,139,103,31,324
73,98,89,74,334
143,100,79,100,422
86,124,120,150,480
29,147,36,89,301
2,103,3,49,157
120,36,104,1,261
148,78,79,22,327
112,20,79,131,342
115,81,51,115,362
92,24,147,84,347
85,86,116,102,389
138,102,50,79,369
68,81,44,105,298
111,48,53,4,216
41,149,36,11,237
38,140,61,65,304
30,13,39,10,92
72,26,46,55,199
19,97,16,28,160
11,68,20,149,248
70,105,99,109,383
39,65,145,122,371
49,8,95,146,298
27,54,82,8,171
143,72,89,122,426
84,38,105,113,340
85,35,136,148,404
119,16,131,64,330
82,16,5,34,137
108,13,116,109,346
85,120,105,4,314
130,128,149,73,480
22,62,86,82,252
125,141,85,145,496
26,98,142,139,405
96,81,51,15,243
78,80,94,83,335
8,102,135,148,393
86,55,84,109,334
136,55,95,112,398
45,112,51,35,243
88,145,72,65,370
61,104,124,98,387
27,129,99,134,389
11,109,79,111,310
27,126,14,107,274
121,38,101,59,319
142,89,17,102,350
125,106,24,78,333
71,148,69,39,327
110,41,107,41,299
29,57,10,77,173
33,46,38,33,150
35,87,68,99,289
65,134,66,89,354
79,105,1,89,274
57,48,64,15,184
44,136,39,110,329
127,2,67,73,269
51,46,79,88,264
35,121,130,108,394
39,4,110,23,176
30,35,60,137,262
108,93,9,33,243
103,73,87,76,339
80,122,41,115,358
33,139,126,112,410
38,7,66,33,144
83,55,146,49,333
49,91,68,143,351
129,134,105,109,477
73,64,76,87,300
61,132,97,40,330
55,124,39,46,264
91,88,76,71,326
15,121,91,84,311
60,124,54,70,308
35,8,40,65,148
2,11,85,98,196
27,97,17,115,256
132,116,5,76,329
26,149,32,109,316
139,23,49,134,345
30,34,146,39,249
72,28,102,50,252
39,143,80,116,378
120,99,106,91,416
16,97,125,16,254
30,91,26,105,252
132,88,13,22,255
25,86,104,7,222
145,2,127,90,364
54,28,66,147,295
129,9,114,81,333
74,104,22,70,270
35,107,21,63,226
116,115,39,144,414
51,145,80,79,355
67,12,104,75,258
86,122,119,10,337
131,137,100,52,420
34,100,70,16,220
29,133,125,15,302
45,103,67,38,253
131,38,53,130,352
94,126,140,38,398
83,26,52,25,186
20,5,40,131,196
46,137,117,3,303
122,147,57,53,379
81,126,23,105,335
78,133,93,88,392
101,38,15,100,254
22,138,21,87,268
124,98,22,42,286
5,114,122,11,252
74,38,101,53,266
79,23,93,136,331
85,60,89,87,321
108,13,137,48,306
143,80,23,16,262
79,10,149,83,321
91,78,124,101,394
127,99,26,16,268
15,112,80,21,228
119,84,123,100,426
2,51,2,15,70
144,120,81,22,367
43,87,141,7,278
36,63,64,112,275
144,9,40,13,206
60,149,149,141,499
11,93,118,125,347
113,26,59,123,321
104,133,120,3,360
113,21,77,13,224
22,11,141,43,217
123,71,101,147,442
4,54,7,81,146
113,4,47,103,267
60,101,14,68,243
16,142,100,24,282
25,100,124,79,328
47,79,59,70,255
127,62,108,122,419
42,128,56,66,292
38,119,57,68,282
92,131,6,56,285
63,25,68,49,205
142,118,11,95,366
84,51,135,107,377
14,141,27,129,311
28,121,91,67,307
67,8,73,35,183
61,43,38,83,225
36,75,136,56,303
127,12,91,76,306
107,93,15,113,328
4,124,3,62,193
9,123,147,76,355
78,92,36,61,267
141,28,14,137,320
87,91,58,80,316
58,135,51,56,300
72,144,9,115,340
79,137,58,132,406
125,8,35,96,264
67,125,56,130,378
107,25,130,57,319
98,71,83,138,390
83,116,65,53,317
140,103,72,20,335
80,19,63,98,260
101,135,104,125,465
136,134,58,73,401
60,15,103,132,310
23,108,103,84,318
37,103,138,144,422
135,2,14,139,290
90,84,73,33,280
65,140,56,88,349
5,8,124,136,273
72,3,147,74,296
111,91,56,87,345
109,49,36,112,306
21,80,24,102,227
47,141,106,105,399
38,9,123,10,180
47,68,91,56,262
139,31,67,2,239
25,117,47,69,258
49,98,93,28,268
63,112,89,117,381
73,36,47,16,172
114,83,39,40,276
81,99,138,43,361
40,50,79,52,221
80,11,7,144,242
128,10,110,130,378
125,26,40,76,267
12,132,79,102,325
81,47,50,96,274
26,87,116,78,307
115,54,28,142,339
67,98,2,26,193
98,105,129,91,423
60,45,135,61,301
90,25,6,24,145
68,136,119,15,338
41,50,45,42,178
103,44,130,80,357
91,42,83,109,325
108,114,15,5,242
82,22,16,42,162
94,60,31,119,304
100,38,60,33,231
12,102,57,26,197
86,20,66,77,249
138,129,145,140,552
57,32,48,34,171
40,145,73,18,276
14,9,107,123,253
69,77,107,44,297
102,115,141,26,384
16,38,11,38,103
147,63,69,38,317
82,3,2,10,97
117,118,71,106,412
4,142,118,56,320
46,103,22,28,199
138,2,39,68,247
94,60,139,126,419
24,15,148,94,281
102,5,62,84,253
47,17,76,133,273
36,134,79,8,257
32,32,14,85,163
111,89,21,98,319
26,17,55,37,135
62,124,24,45,255
38,27,27,68,160
118,37,19,7,181
92,131,95,131,449
92,49,148,82,371
75,128,114,18,335
114,85,117,39,355
125,93,13,85,316
77,20,97,64,258
12,4,59,69,144
134,147,15,116,412
57,146,112,9,324
16,50,64,93,223
97,29,148,148,422
117,67,80,30,294
11,22,48,15,96
16,98,15,84,213
42,34,22,5,103
104,5,24,53,186
20,114,120,39,293
125,131,82,148,486
34,118,5,81,238
96,21,134,21,272
35,81,132,37,285
135,104,107,5,351
144,85,4,47,280
10,2,58,136,206
123,67,133,40,363
32,114,68,149,363
143,53,10,111,317
31,128,64,106,329
119,126,45,121,411
144,57,144,128,473
5,3,55,1,64
76,114,26,62,278
120,127,143,23,413
31,43,104,78,256
115,105,33,109,362
94,132,12,69,307
34,18,73,67,192
110,66,34,39,249
128,143,16,85,372
67,8,140,117,332
125,122,78,56,381
102,68,51,3,224
74,84,36,110,304
33,1,62,139,235
90,115,143,137,485
145,79,132,18,374
149,146,26,37,358
34,38,27,38,137
133,8,127,50,318
18,71,144,47,280
123,43,92,59,317
117,147,59,146,469
17,48,45,128,238
101,13,22,15,151
70,40,4,21,135
53,3,137,119,312
102,145,49,125,421
15,82,54,67,218
85,26,90,106,307
104,113,20,76,313
139,63,96,1,299
63,148,20,68,299
49,57,72,60,238
75,65,131,38,309
148,63,20,105,336
102,51,95,2,250
15,43,71,37,166
109,135,88,24,356
93,123,21,35,272
86,98,31,124,339
76,130,88,10,304
70,74,114,57,315
28,120,25,25,198
46,125,15,86,272
103,143,73,12,331
82,5,103,69,259
139,76,109,94,418
107,82,16,34,239
149,87,62,99,397
89,91,81,140,401
107,34,62,142,345
42,139,133,8,322
93,16,124,143,376
133,33,58,100,324
18,87,27,97,229
31,60,26,30,147
118,114,136,142,510
87,117,107,61,372
26,89,81,107,303
135,97,45,41,318
118,110,53,47,328
132,110,22,87,351
6,127,125,146,404
75,116,65,120,376
56,11,103,56,226
44,107,78,109,338
14,87,137,50,288
73,52,132,103,360
22,105,136,11,274
82,66,129,4,281
1,9,14,77,101
142,63,6,143,354
17,146,28,123,314
85,104,59,119,367
38,148,73,40,299
45,113,135,61,354
46,24,64,138,272
35,80,78,118,311
97,59,140,94,390
6,17,133,47,203
120,25,58,79,282
45,36,76,89,246
146,118,94,95,453
35,127,48,63,273
119,108,87,139,453
108,38,135,93,374
43,50,100,4,197
94,10,40,18,162
31,40,128,137,336
34,88,111,1,234
130,79,109,29,347
27,144,39,83,293
77,20,65,1,163
15,46,45,43,149
1,26,51,16,94
5,25,110,141,281
58,132,1,95,286
144,3,85,136,368
29,98,55,13,195
59,135,91,95,380
32,117,132,66,347
131,68,79,122,400
111,136,16,133,396
47,117,93,67,324
105,11,55,52,223
39,24,68,134,265
148,4,41,121,314
18,17,129,122,286
111,127,9,101,348
128,6,128,106,368
90,40,122,128,380
12,57,109,96,274
150,17,92,3,262
92,73,30,46,241
79,27,42,99,247
127,108,94,65,394
130,48,85,123,386
19,130,1,38,188
27,111,16,17,171
89,22,110,105,326
30,5,46,57,138
143,66,115,57,381
12,36,23,125,196
147,28,71,131,377
107,120,147,68,442
82,78,78,72,310
78,40,3,92,213
9,71,31,80,191
15,146,80,126,367
58,30,11,96,195
64,61,108,141,374
3,132,20,80,235
51,31,72,137,291
19,66,88,27,200
131,73,12,87,303
143,147,48,7,345
17,35,118,47,217
7,131,67,33,238
8,94,57,82,241
95,63,54,31,243
9,81,43,72,205
107,57,20,77,261
98,37,91,19,245
28,34,24,42,128
150,81,22,103,356
6,78,7,126,217
48,2,144,5,199
26,57,103,106,292
85,15,103,23,226
44,136,1,34,215
136,41,91,62,330
106,115,137,110,468
25,72,14,14,125
34,77,1,1,113
2,103,49,17,171
68,134,61,125,388
103,116,31,42,292
108,111,126,13,358
83,134,122,150,489
2,30,93,8,133
106,115,96,37,354
106,97,30,102,335
150,88,50,104,392
89,100,2,131,322
72,55,62,62,251
114,107,108,42,371
41,150,74,48,313
80,3,66,38,187
43,110,15,56,224
125,69,48,49,291
24,1,36,110,171
129,112,16,98,355
20,33,24,131,208
107,70,73,19,269
114,9,136,14,273
53,107,30,58,248
33,96,61,79,269
2,104,114,28,248
56,51,1,3,111
115,58,135,76,384
8,68,121,112,309
125,27,49,149,350
2,62,59,123,246
11,101,39,47,198
25,49,117,73,264
9,41,142,98,290
76,84,16,72,248
24,68,138,44,274
58,53,23,28,162
84,129,125,89,427
73,12,46,39,170
36,40,94,79,249
96,42,120,110,368
148,54,28,28,258
95,140,35,135,405
142,57,146,105,450
21,65,70,7,163
41,149,69,111,370
78,95,45,62,280
2,19,4,150,175
70,5,92,15,182
89,65,101,79,334
23,47,133,130,333
117,22,86,5,230
9,4,63,83,159
64,48,72,73,257
122,28,38,22,210
75,49,79,144,347
5,97,27,77,206
124,102,106,86,418
91,99,98,32,320
37,135,96,100,368
148,114,38,90,390
148,60,28,40,276
80,107,8,12,207
77,57,117,7,258
112,94,44,145,395
4,143,130,8,285
93,26,81,28,228
125,58,85,46,314
50,7,58,48,163
51,58,128,100,337
30,8,70,61,169
111,61,105,126,403
31,130,71,41,273
1,123,8,95,227
33,4,100,85,222
31,98,64,132,325
99,139,140,14,392
136,58,126,17,337
87,72,144,115,418
51,131,147,38,367
13,64,148,6,231
36,99,134,125,394
11,77,106,96,290
129,50,12,36,227
65,52,71,9,197
39,69,10,107,225
12,87,105,65,269
17,67,115,87,286
74,37,79,63,253
35,10,145,25,215
91,22,132,107,352
106,22,22,18,168
86,75,116,137,414
58,130,116,126,430
108,79,27,141,355
80,130,44,111,365
138,105,35,147,425
64,109,14,26,213
126,28,87,17,258
82,24,40,53,199
98,33,28,75,234
12,144,60,91,307
139,106,13,86,344
130,77,10,50,267
87,143,7,89,326
105,123,58,93,379
92,11,136,55,294
102,146,39,82,369
77,44,31,23,175
102,142,140,117,501
105,149,31,89,374
39,85,78,101,303
24,43,63,107,237
105,150,94,150,499
68,83,65,41,257
89,142,128,123,482
145,120,12,112,389
75,72,5,9,161
47,31,127,133,338
39,40,31,91,201
106,61,110,3,280
144,73,129,46,392
44,150,128,14,336
102,122,93,121,438
127,45,85,110,367
26,12,85,41,164
132,145,49,63,389
36,44,137,35,252
66,78,78,91,313
76,37,2,34,149
130,83,18,60,291
30,93,99,35,257
50,9,93,134,286
54,11,49,44,158
74,16,44,2,136
108,46,34,70,258
29,123,68,21,241
3,124,120,60,307
13,39,4,144,200
96,133,92,10,331
121,49,44,48,262
51,137,23,24,235
128,74,128,33,363
131,10,84,147,372
56,143,17,146,362
124,106,28,130,388
90,98,134,149,471
62,83,109,102,356
125,51,116,69,361
75,67,92,22,256
30,29,8,91,158
12,9,123,139,283
97,19,71,74,261
22,93,1,33,149
94,116,72,40,322
111,18,54,73,256
54,77,115,144,390
97,77,111,103,388
44,31,13,37,125
95,29,119,71,314
71,96,146,8,321
63,75,143,74,355
61,47,27,12,147
108,52,39,4,203
95,20,76,20,211
134,126,98,141,499
89,75,98,10,272
30,83,13,64,190
137,116,87,61,401
87,32,64,47,230
30,3,8,23,64
82,53,49,45,229
125,93,92,143,453
14,45,2,81,142
127,57,61,59,304
137,117,6,122,382
101,43,140,75,359
120,35,129,142,426
86,138,45,43,312
7,70,97,109,283
128,137,73,101,439
27,30,48,34,139
48,11,11,9,79
150,110,45,117,422
61,31,22,128,242
127,123,44,35,329
39,67,138,57,301
8,49,30,81,168
87,85,20,53,245
133,53,15,78,279
56,107,77,134,374
44,106,6,1,157
117,19,94,128,358
66,17,123,57,263
108,56,69,67,300
93,40,117,121,371
93,92,146,95,426
56,16,91,31,194
94,146,104,69,413
62,110,5,35,212
146,87,138,74,445
2,6,102,90,200
83,83,90,127,383
58,131,119,55,363
124,81,18,81,304
36,125,8,72,241
148,35,117,64,364
6,115,123,120,364
21,53,127,95,296
97,97,65,66,325
22,2,43,147,214
127,32,75,100,334
135,81,38,116,370
80,41,70,45,236
19,39,111,96,265
49,121,15,111,296
116,126,68,1,311
14,115,66,52,247
122,146,39,7,314
38,98,45,132,313
47,37,49,138,271
87,147,53,102,389
60,124,98,25,307
121,86,96,110,413
80,54,89,9,232
135,7,2,95,239
67,103,125,148,443
37,48,133,66,284
108,111,36,142,397
20,141,65,119,345
67,8,148,53,276
83,118,88,36,325
13,93,16,84,206
37,38,49,47,171
23,12,32,6,73
142,97,55,43,337
132,84,46,90,352
23,29,94,26,172
8,9,136,33,186
39,136,104,90,369
122,142,102,115,481
110,35,46,73,264
99,86,6,124,315
19,71,47,59,196
48,121,79,48,296
49,137,147,100,433
148,138,85,148,519
101,93,131,138,463
59,145,114,12,330
9,145,71,5,230
130,5,121,138,394
98,2,6,64,170
68,116,26,101,311
125,145,124,115,509
57,23,98,148,326
113,110,73,47,343
144,134,46,135,459
52,135,27,94,308
70,76,133,110,389
145,52,27,23,247
80,35,74,144,333
48,2,36,64,150
149,132,143,105,529
139,63,150,132,484
66,114,24,80,284
76,100,96,13,285
102,28,10,76,216
148,129,19,46,342
5,12,124,76,217
66,113,17,84,280
59,147,46,127,379
75,72,60,23,230
18,50,123,140,331
8,137,33,88,266
62,78,136,81,357
110,100,144,61,415
41,96,61,119,317
1,69,116,76,262
53,127,36,81,297
138,52,48,66,304
84,80,70,47,281
16,53,17,66,152
113,14,41,100,268
135,79,113,52,379
54,117,132,46,349
70,100,34,24,228
68,56,30,10,164
37,13,122,15,187
8,22,25,77,132
66,49,130,147,392
22,82,111,133,348
98,93,37,150,378
149,115,40,21,325
69,137,19,22,247
70,137,35,113,355
69,1,25,51,146
128,70,58,107,363
8,73,78,133,292
38,91,86,1,216
136,2,134,43,315
85,60,2,142,289
70,66,76,141,353
113,35,15,25,188
107,116,125,27,375
68,6,66,81,221
33,13,149,86,281
137,128,136,130,531
126,99,32,88,345
18,128,17,59,222
105,42,38,98,283
12,110,130,38,290
37,139,127,101,404
101,122,118,2,343
17,83,68,99,267
111,18,86,81,296
60,52,108,34,254
77,31,51,102,261
117,17,131,48,313
122,74,33,103,332
129,98,148,130,505
90,92,39,35,256
142,23,106,28,299
147,29,10,136,322
74,133,71,118,396
56,140,33,21,250
2,104,88,90,284
23,34,43,136,236
52,68,3,106,229
111,45,56,78,290
117,106,136,127,486
28,13,13,116,170
65,89,142,10,306
69,92,38,127,326
78,131,121,118,448
121,117,142,78,458
139,79,38,102,358
31,149,73,19,272
8,68,136,49,261
9,69,12,7,97
140,4,29,39,212
7,113,107,12,239
147,93,30,75,345
115,102,56,72,345
116,36,48,131,331
109,12,102,136,359
41,64,47,31,183
52,90,101,2,245
16,12,64,56,148
141,135,100,18,394
61,54,63,42,220
61,9,105,78,253
32,70,1,61,164
110,143,58,66,377
6,138,89,108,341
29,40,97,38,204
96,20,71,97,284
85,45,97,100,327
5,55,88,9,157
75,42,148,132,397
114,16,21,102,253
95,78,130,117,420
116,92,133,57,398
118,7,86,50,261
91,134,150,36,411
46,36,17,82,181
52,75,142,4,273
140,136,67,1,344
136,124,43,131,434
101,5,42,56,204
109,132,124,99,464
24,14,14,102,154
65,113,18,142,338
44,127,95,113,379
49,86,8,114,257
35,126,105,90,356
146,54,99,46,345
22,147,119,86,374
35,58,64,74,231
90,127,80,64,361
22,100,84,68,274
14,127,104,87,332
1,79,121,17,218
84,46,81,34,245
25,138,100,69,332
32,32,117,88,269
26,37,59,32,154
138,91,121,140,490
119,109,31,83,342
43,149,52,130,374
22,28,119,80,249
45,123,73,33,274
14,66,145,12,237
91,86,66,134,377
105,91,101,24,321
85,12,128,15,240
124,75,133,147,479
123,77,65,30,295
70,54,111,109,344
3,30,56,110,199
95,128,68,108,399
71,125,131,66,393
68,124,116,134,442
123,130,105,2,360
2,144,135,149,430
9,118,25,52,204
143,121,129,28,421
75,147,38,57,317
67,1,88,150,306
39,67,141,141,388
84,112,53,147,396
11,133,14,141,299
134,144,57,100,435
33,141,39,9,222
129,80,132,69,410
130,87,32,22,271
86,149,83,127,445
115,18,82,138,353
19,114,94,106,333
26,62,101,138,327
38,70,81,112,301
3,2,10,29,44
37,40,100,144,321
65,77,21,143,306
110,12,110,116,348
136,66,128,109,439
25,45,32,25,127
142,31,83,28,284
149,27,119,25,320
40,134,113,140,427
78,136,81,89,384
73,14,113,85,285
44,128,50,7,229
41,147,102,91,381
16,63,67,45,191
8,36,68,125,237
142,46,135,100,423
141,109,15,87,352
140,110,69,92,411
105,75,80,31,291
27,90,43,92,252
64,46,23,91,224
24,113,79,20,236
44,118,2,69,233
88,1,8,145,242
109,102,116,68,395
1,118,60,82,261
111,131,122,48,412
30,100,125,142,397
9,35,136,100,280
103,18,135,72,328
54,17,83,134,288
141,78,74,135,428
72,114,87,64,337
128,40,1,144,313
44,21,113,126,304
11,67,79,27,184
59,135,41,85,320
41,21,67,118,247
33,148,75,122,378
136,26,38,25,225
76,55,69,25,225
115,7,142,143,407
24,100,121,104,349
111,136,139,26,412
109,57,74,37,277
47,72,145,148,412
68,41,19,83,211
25,110,132,82,349
43,55,113,77,288
59,144,80,75,358
93,5,16,64,178
108,28,23,83,242
103,126,10,72,311
35,67,29,125,256
104,121,115,72,412
22,131,17,108,278
82,26,11,38,157
61,28,3,21,113
76,61,90,146,373
16,141,70,40,267
124,134,87,104,449
8,107,50,41,206
18,123,17,78,236
64,26,55,142,287
79,58,17,107,261
23,51,150,33,257
20,110,108,12,250
64,113,83,91,351
76,122,30,28,256
8,104,32,29,173
128,85,141,93,447
40,97,103,120,360
35,85,46,5,171
37,81,9,86,213
95,72,150,23,340
95,131,129,136,491
66,46,20,107,239
92,126,8,11,237
58,64,116,127,365
52,92,71,38,253
60,13,25,99,197
71,94,142,122,429
133,143,20,105,401
100,89,4,24,217
46,24,5,73,148
108,139,23,148,418
102,33,109,121,365
117,34,114,43,308
111,42,77,62,292
59,147,96,50,352
124,81,122,46,373
144,62,7,57,270
134,100,109,85,428
19,108,123,43,293
123,67,47,126,363
99,52,84,1,236
17,32,78,51,178
140,4,106,136,386
6,59,7,91,163
81,127,108,23,339
126,112,137,39,414
38,97,93,137,365
3,1,130,90,224
3,52,32,113,200
125,75,139,128,467
75,26,16,119,236
44,94,96,6,240
47,34,17,121,219
92,25,45,86,248
46,112,77,140,375
42,53,74,142,311
3,10,16,55,84
40,80,65,34,219
95,37,38,53,223
73,65,26,80,244
125,82,98,73,378
79,88,78,20,265
131,1,141,43,316
17,40,141,113,311
77,84,55,34,250
9,57,97,65,228
55,46,73,66,240
32,65,97,67,261
117,52,30,118,317
110,94,147,88,439
61,14,13,27,115
111,61,145,136,453
46,75,32,74,227
46,67,75,108,296
45,133,88,147,413
36,87,63,150,336
146,81,27,103,357
107,32,145,84,368
101,150,53,129,433
34,129,59,84,306
144,81,98,7,330
88,11,79,19,197
65,77,64,64,270
11,47,28,1,87
67,135,49,118,369
4,48,41,46,139
53,29,48,131,261
137,75,128,70,410
84,115,121,95,415
86,13,47,129,275
85,13,54,103,255
77,79,3,105,264
20,44,17,127,208
93,106,4,64,267
86,132,2,34,254
47,125,129,65,366
6,117,58,116,297
83,33,27,41,184
72,13,117,65,267
45,49,148,127,369
71,56,2,121,250
131,119,140,132,522
148,20,145,105,418
68,103,75,144,390
96,21,126,59,302
10,149,73,52,284
24,34,117,47,222
42,119,35,131,327
135,87,31,4,257
131,49,128,7,315
64,150,34,134,382
137,111,126,19,393
32,33,3,121,189
145,83,50,61,339
134,79,128,68,409
11,16,136,39,202
14,6,108,45,173
71,140,36,63,310
141,83,77,122,423
15,55,57,42,169
43,60,38,92,233
22,142,49,46,259
77,82,91,86,336
51,119,141,6,317
36,150,1,146,333
86,72,141,125,424
80,120,19,75,294
80,6,66,68,220
4,18,87,80,189
132,128,71,41,372
50,130,103,137,420
141,101,147,106,495
88,72,7,75,242
3,147,78,118,346
105,115,28,97,345
15,50,146,131,342
125,83,128,58,394
24,43,77,38,182
135,25,52,122,334
11,37,31,26,105
120,124,37,26,307
127,49,104,37,317
49,111,100,96,356
11,134,147,4,296
19,19,11,29,78
12,127,126,46,311
126,112,77,131,446
140,94,95,77,406
125,8,64,39,236
96,117,110,149,472
138,64,52,103,357
23,6,100,126,255
26,98,16,65,205
19,106,70,103,298
3,105,126,141,375
66,116,92,73,347
61,124,59,50,294
106,136,140,148,530
59,68,11,53,191
67,39,148,40,294
128,13,23,116,280
19,33,45,130,227
43,147,71,71,332
78,103,73,15,269
45,118,74,100,337
113,55,59,102,329
4,96,55,50,205
130,111,110,28,379
148,47,107,66,368
52,99,95,150,396
34,99,111,38,282
7,10,77,115,209
39,112,1,111,263
92,80,145,58,375
124,146,53,127,450
139,14,23,34,210
119,27,100,4,250
83,64,150,144,441
9,41,94,7,151
82,89,32,7,210
43,7,98,137,285
82,138,87,147,454
127,74,39,34,274
19,135,112,45,311
37,13,76,15,141
24,61,27,11,123
73,88,132,104,397
78,140,110,19,347
93,20,51,95,259
58,93,150,111,412
38,12,10,62,122
118,122,90,1,331
78,98,145,26,347
67,59,116,9,251
90,17,145,127,379
139,23,76,36,274
4,150,70,7,231
19,138,142,63,362
65,81,73,141,360
133,139,6,6,284
140,64,74,98,376
57,100,89,70,316
130,132,109,62,433
110,22,42,2,176
60,6,36,137,239
118,25,113,75,331
3,93,20,33,149
54,79,5,79,217
113,46,25,97,281
120,27,49,111,307
137,110,100,44,391
65,140,79,78,362
31,87,54,142,314
75,28,133,15,251
23,89,3,43,158
116,42,95,4,257
88,43,99,6,236
26,15,105,90,236
78,85,136,16,315
65,116,77,82,340
38,23,98,90,249
8,69,11,52,140
47,60,115,94,316
23,143,78,93,337
55,54,143,20,272
89,133,28,80,330
58,145,25,92,320
56,106,92,93,347
139,72,148,66,425
102,62,70,55,289
15,127,10,94,246
68,62,31,115,276
17,123,55,68,263
143,111,29,73,356
6,65,110,115,296
140,131,110,40,421
10,77,76,92,255
42,119,111,35,307
44,135,119,146,444
51,6,137,107,301
38,56,117,83,294
150,103,126,23,402
84,54,135,47,320
91,113,23,133,360
40,97,44,150,331
72,15,82,148,317
26,6,18,113,163
23,108,77,68,276
147,88,8,78,321
15,81,131,112,339
38,85,116,138,377
1,149,3,77,230
42,148,131,61,382
113,74,42,21,250
140,110,46,12,308
82,135,1,14,232
144,94,124,102,464
12,61,93,94,260
66,119,124,69,378
101,142,23,123,389
53,18,142,130,343
110,69,109,71,359
80,83,11,52,226
102,25,13,84,224
146,59,136,77,418
91,29,143,70,333
64,47,148,58,317
75,65,70,133,343
8,117,136,111,372
31,123,142,106,402
148,56,86,136,426
1,119,141,27,288
27,22,98,128,275
120,11,87,73,291
14,89,114,108,325
105,122,23,40,290
68,115,19,89,291
136,141,44,55,376
127,30,142,66,365
113,67,64,144,388
114,40,41,41,236
122,88,42,89,341
80,141,142,64,427
2,99,16,73,190
11,63,126,54,254
99,133,107,3,342
3,100,128,100,331
116,109,81,23,329
134,75,87,34,330
117,61,63,8,249
128,119,3,147,397
123,129,67,36,355
140,133,121,50,444
81,123,32,112,348
129,117,52,27,325
49,99,37,110,295
76,103,150,41,370
74,136,28,19,257
109,106,40,41,296
124,64,40,52,280
66,33,61,129,289
141,8,10,102,261
115,56,21,21,213
49,13,112,77,251
110,127,26,74,337
6,53,4,115,178
126,68,61,7,262
84,17,86,136,323
86,82,49,12,229
110,45,149,37,341
97,145,79,113,434
21,51,65,58,195
126,100,115,97,438
109,11,23,64,207
37,145,79,48,309
133,11,29,117,290
98,76,30,85,289
89,7,81,63,240
10,115,45,124,294
70,78,55,36,239
134,101,53,107,395
48,90,1,97,236
53,61,81,127,322
115,2,102,28,247
55,142,23,49,269
145,133,32,131,441
58,128,112,78,376
58,49,49,65,221
13,35,146,51,245
82,84,27,57,250
110,108,132,85,435
60,92,10,55,217
9,7,117,4,137
5,70,128,131,334
132,25,2,15,174
135,143,8,141,427
105,124,82,98,409
110,104,63,19,296
63,57,132,59,311
88,149,84,120,441
18,101,15,100,234
88,48,67,42,245
33,113,58,130,334
137,68,52,146,403
3,50,58,60,171
113,8,96,118,335
64,128,120,74,386
111,58,135,69,373
60,132,14,116,322
146,116,138,65,465
59,39,76,26,200
20,51,70,77,218
50,90,131,48,319
101,150,61,35,347
126,27,134,76,363
83,100,106,68,357
105,5,140,2,252
71,106,82,31,290
64,58,131,138,391
127,118,76,5,326
46,124,98,142,410
82,77,51,132,342
84,65,29,87,265
86,29,54,73,242
99,118,31,34,282
87,92,121,96,396
63,7,16,136,222
47,43,9,71,170
137,5,59,141,342
39,2,15,48,104
123,57,124,112,416
74,59,51,101,285
61,122,13,130,326
140,92,65,88,385
84,3,48,14,149
120,67,92,129,408
142,66,26,136,370
18,58,67,11,154
61,17,140,108,326
97,47,56,41,241
28,80,16,76,200
26,73,85,42,226
135,1,72,96,304
99,92,140,22,353
53,88,5,126,272
89,112,13,39,253
143,80,81,105,409
98,62,133,48,341
69,121,140,110,440
82,73,48,94,297
147,31,21,12,211
149,123,143,36,451
33,72,20,129,254
46,105,120,16,287
127,35,30,25,217
144,13,119,68,344
17,11,70,150,248
81,43,143,35,302
37,56,13,107,213
148,12,133,113,406
94,14,17,128,253
57,28,103,39,227
128,78,33,123,362
56,141,75,124,396
136,147,6,126,415
122,84,93,9,308
118,13,150,140,421
116,112,18,144,390
97,84,52,8,241
135,103,90,6,334
92,99,56,113,360
137,24,131,68,360
11,69,82,24,186
102,89,87,52,330
130,145,126,12,413
20,112,134,142,408
111,81,39,57,288
148,82,140,39,409
17,147,25,87,276
146,85,148,85,464
129,5,32,90,256
69,49,125,80,323
127,41,61,69,298
136,24,117,109,386
25,122,146,106,399
111,136,114,84,445
13,115,21,37,186
103,53,133,99,388
7,26,27,70,130
109,113,75,48,345
122,127,79,100,428
114,35,13,25,187
121,14,81,57,273
32,73,3,14,122
59,85,85,71,300
138,140,40,20,338
6,150,26,10,192
73,39,75,57,244
78,27,50,71,226
60,108,53,29,250
119,55,65,149,388
28,143,11,141,323
78,29,134,46,287
65,16,22,67,170
34,4,65,30,133
52,127,15,102,296
20,15,47,2,84
95,12,51,25,183
33,82,149,125,389
120,88,59,5,272
93,67,51,132,343
74,100,8,36,218
115,128,66,122,431
77,48,116,84,325
96,62,130,46,334
91,21,43,88,243
25,117,107,91,340
145,101,39,127,412
5,28,100,83,216
41,33,140,83,297
134,120,90,79,423
69,40,34,62,205
142,104,111,67,424
135,124,95,7,361
41,9,24,6,80
75,100,135,28,338
32,83,59,108,282
84,67,61,114,326
142,103,49,22,316
82,15,34,28,159
20,27,128,30,205
28,67,95,32,222
5,52,23,35,115
118,71,22,91,302
7,25,21,106,159
36,33,70,76,215
149,145,24,93,411
100,122,90,109,421
75,15,25,43,158
8,37,34,119,198
66,102,82,111,361
5,121,46,67,239
117,65,65,56,303
110,85,108,42,345
133,51,102,116,402
126,47,139,112,424
113,48,2,109,272
26,142,19,38,225
64,62,106,118,350
43,135,81,140,399
44,18,108,118,288
98,41,18,56,213
133,95,114,10,352
58,1,3,94,156
77,113,107,13,310
29,11,106,68,214
72,52,11,68,203
90,141,26,35,292
138,96,71,150,455
95,28,84,24,231
34,10,31,136,211
73,2,18,39,132
29,64,150,53,296
13,19,123,108,263
59,4,15,126,204
105,32,107,119,363
146,15,51,67,279
33,47,133,96,309
105,114,116,64,399
127,17,70,62,276
62,65,28,128,283
142,149,15,41,347
7,40,147,145,339
52,78,105,21,256
1,95,132,23,251
66,32,54,111,263
102,141,119,24,386
19,145,4,75,243
140,126,125,108,499
66,140,120,24,350
50,139,107,46,342
123,82,117,91,413
60,101,96,7,264
117,141,119,119,496
29,61,14,117,221
34,71,51,69,225
19,80,35,103,237
53,53,90,58,254
65,76,40,99,280
58,69,14,38,179
96,119,73,126,414
5,148,111,97,361
142,74,64,106,386
54,143,6,53,256
22,76,42,121,261
18,38,122,112,290
4,7,145,62,218
26,142,84,7,259
99,47,78,88,312
121,60,135,128,444
107,108,48,2,265
105,131,6,25,267
65,31,24,96,216
123,21,78,126,348
147,65,39,90,341
38,138,28,121,325
98,144,17,47,306
125,80,103,74,382
23,87,55,55,220
28,36,7,127,198
35,26,13,59,133
22,127,73,99,321
132,18,31,73,254
78,94,114,25,311
24,135,50,128,337
134,116,10,16,276
150,24,128,24,326
120,121,11,148,400
53,26,1,83,163
9,35,18,121,183
16,110,19,83,228
82,40,142,110,374
6,93,46,42,187
20,77,50,91,238
101,51,90,36,278
5,71,74,38,188
110,60,26,121,317
31,127,74,25,257
100,55,98,122,375
56,129,23,89,297
119,41,114,150,424
140,92,111,94,437
121,17,64,25,227
96,59,72,115,342
72,32,145,132,381
66,53,20,26,165
93,124,131,59,407
110,21,45,28,204
150,25,110,34,319
137,14,99,150,400
140,19,24,119,302
12,59,46,33,150
10,60,93,84,247
37,11,31,150,229
128,60,23,2,213
102,34,134,73,343
141,22,83,115,361
77,22,128,24,251
87,13,45,68,213
80,18,16,32,146
16,57,61,124,258
143,98,10,117,368
125,84,67,23,299
107,12,136,133,388
38,127,65,54,284
111,147,135,58,451
89,111,21,55,276
40,121,109,32,302
78,143,102,136,459
113,138,66,61,378
47,98,73,49,267
135,111,135,109,490
141,81,47,29,298
150,63,37,109,359
81,38,4,51,174
76,80,40,59,255
113,43,97,143,396
112,133,116,19,380
5,146,114,139,404
79,33,16,45,173
41,52,22,130,245
112,132,147,65,456
126,81,59,76,342
6,50,105,27,188
34,83,40,2,159
124,98,66,110,398
114,12,38,132,296
1,81,25,53,160
67,4,17,104,192
56,112,40,49,257
118,31,135,80,364
62,109,89,110,370
150,76,116,113,455
4,24,137,67,232
4,94,54,86,238
119,26,45,90,280
116,90,108,94,408
14,4,29,27,74
91,115,21,135,362
51,90,137,39,317
97,28,20,25,170
127,55,133,19,334
55,112,13,68,248
60,145,116,102,423
126,91,45,109,371
12,120,90,99,321
77,6,126,98,307
135,26,47,101,309
114,58,38,73,283
19,33,32,130,214
10,127,48,93,278
135,146,70,60,411
51,95,55,69,270
1,16,68,7,92
32,126,21,15,194
79,109,9,94,291
51,116,86,51,304
76,108,47,59,290
143,110,103,15,371
39,127,101,130,397
87,76,60,17,240
142,33,113,115,403
101,23,95,100,319
62,113,4,148,327
19,31,74,79,203
115,124,58,23,320
121,94,40,52,307
108,26,3,96,233
25,144,59,22,250
49,73,21,6,149
60,147,137,111,455
6,93,146,114,359
130,119,115,122,486
28,51,140,90,309
62,2,43,126,233
58,109,67,126,360
134,32,44,36,246
14,149,43,69,275
117,6,24,17,164
63,110,18,117,308
35,76,14,54,179
149,57,131,129,466
37,104,80,28,249
9,74,85,34,202
96,132,78,147,453
22,65,78,30,195
83,147,92,69,391
150,128,136,123,537
9,93,39,74,215
143,29,134,139,445
131,65,6,44,246
118,114,53,44,329
48,126,79,21,274
75,3,115,115,308
6,21,69,18,114
148,13,61,63,285
20,134,62,149,365
77,100,100,20,297
15,19,53,139,226
72,41,60,90,263
27,24,53,105,209
48,106,62,89,305
17,123,13,99,252
5,139,102,112,358
116,109,8,50,283
88,62,12,137,299
41,18,69,75,203
25,31,68,118,242
87,89,22,115,313
144,149,57,39,389
150,113,92,25,380
18,39,25,119,201
125,53,54,107,339
91,24,65,28,208
8,91,87,15,201
84,86,128,37,335
125,145,114,144,528
47,91,125,84,347
147,118,69,74,408
45,71,37,110,263
143,144,77,131,495
110,146,34,39,329
55,52,107,94,308
139,98,20,51,308
36,119,123,143,421
144,40,139,148,471
128,13,99,29,269
118,20,143,149,430
79,114,14,135,342
77,90,93,65,325
19,59,66,131,275
135,84,100,53,372
25,57,88,68,238
15,16,58,67,156
76,105,1,1,183
89,75,121,81,366
38,38,57,78,211
14,92,4,38,148
104,56,71,109,340
149,98,148,26,421
103,137,135,150,525
78,131,26,102,337
24,34,10,127,195
32,84,51,57,224
119,14,130,27,290
25,116,94,94,329
29,130,130,50,339
48,39,125,102,314
30,61,3,1,95
28,73,52,126,279
149,77,66,22,314
4,57,67,140,268
34,99,133,91,357
88,42,43,54,227
127,89,91,104,411
13,99,25,54,191
41,83,77,1,202
115,45,2,69,231
149,11,81,52,293
111,76,141,145,473
58,143,90,34,325
75,122,3,99,299
71,63,78,39,251
81,80,69,100,330
134,27,45,14,220
78,142,47,133,400
24,92,140,17,273
46,118,126,27,317
77,116,52,132,377
2,30,109,57,198
66,69,88,13,236
91,112,54,103,360
96,110,127,144,477
47,54,31,19,151
12,74,128,93,307
27,40,94,33,194
13,35,28,20,96
7,87,33,136,263
29,44,74,27,174
67,87,28,114,296
46,60,18,128,252
83,140,16,24,263
144,18,96,24,282
125,125,32,110,392
21,129,33,49,232
149,67,26,119,361
144,37,36,135,352
39,22,9,12,82
148,79,6,103,336
109,61,60,121,351
107,10,111,149,377
47,141,114,42,344
110,6,63,119,298
105,147,63,108,423
145,143,19,55,362
18,141,101,146,406
67,83,49,94,293
56,90,102,141,389
49,30,136,45,260
66,115,17,86,284
116,104,4,62,286
22,1,100,106,229
95,114,114,92,415
123,39,129,108,399
72,91,92,64,319
11,36,122,110,279
124,88,37,51,300
81,99,9,84,273
37,83,47,102,269
81,59,10,139,289
116,26,38,28,208
74,89,98,98,359
100,68,127,144,439
13,2,1,148,164
75,131,118,41,365
144,126,19,2,291
117,127,93,147,484
45,126,99,133,403
57,50,150,4,261
148,129,88,80,445
117,26,34,143,320
99,92,85,102,378
34,132,19,9,194
56,67,105,92,320
106,91,73,35,305
30,15,90,49,184
30,30,47,36,143
57,34,106,92,289
130,31,90,119,370
140,115,57,57,369
148,19,135,100,402
109,132,150,24,415
148,120,90,80,438
58,111,100,127,396
72,49,149,48,318
15,144,57,42,258
108,143,74,125,450
69,57,14,134,274
83,88,147,124,442
49,21,128,124,322
125,71,19,125,340
69,95,6,60,230
57,128,43,42,270
120,88,46,123,377
107,122,124,71,424
74,82,114,134,404
87,74,141,115,417
49,4,86,132,271
104,5,97,5,211
16,139,65,48,268
36,150,17,110,313
29,7,3,114,153
33,60,104,133,330
52,46,109,14,221
9,136,45,140,330
137,32,94,83,346
1,123,12,9,145
39,56,80,105,280
32,20,30,72,154
7,55,108,76,246
13,71,101,69,254
54,25,124,90,293
109,100,139,129,477
127,48,5,44,224
100,97,34,150,381
87,17,39,130,273
124,105,107,28,364
115,102,39,97,353
114,141,75,50,380
128,53,80,115,376
120,17,93,21,251
134,96,36,18,284
86,13,72,103,274
131,119,40,72,362
101,43,28,31,203
51,95,64,102,312
23,108,4,71,206
138,15,110,5,268
117,74,114,64,369
113,17,97,70,297
3,65,150,3,221
119,82,11,144,356
91,117,59,59,326
46,85,116,127,374
117,5,61,91,274
28,126,139,55,348
50,18,69,39,176
66,12,89,122,289
69,91,7,6,173
20,14,127,48,209
118,52,84,18,272
34,41,45,33,153
105,42,84,45,276
112,55,9,113,289
6,61,63,35,165
120,47,10,93,270
104,104,83,50,341
83,54,58,43,238
74,123,45,140,382
54,132,45,48,279
148,60,120,25,353
149,1,82,59,291
97,17,112,80,306
142,126,29,137,434
58,126,63,148,395
28,5,124,149,306
85,119,72,143,419
18,112,143,94,367
49,68,143,1,261
137,32,53,112,334
136,80,67,94,377
129,5,67,121,322
110,85,26,35,256
111,82,69,56,318
119,15,80,2,216
127,125,27,131,410
73,88,11,139,311
87,124,140,129,480
143,113,38,28,322
137,81,67,87,372
122,79,58,125,384
141,62,51,130,384
128,69,122,8,327
145,67,74,24,310
3,97,30,44,174
50,13,78,104,245
83,7,9,87,186
71,2,91,108,272
53,120,13,132,318
75,55,5,81,216
103,62,113,148,426
113,141,72,35,361
131,33,118,57,339
149,45,1,138,333
134,127,42,117,420
67,3,125,128,323
85,16,123,107,331
119,142,52,110,423
126,16,123,80,345
116,21,6,144,287
108,127,149,47,431
74,17,35,55,181
41,131,67,121,360
63,43,141,72,319
57,131,5,5,198
88,134,28,2,252
27,139,52,95,313
141,57,66,97,361
5,63,81,114,263
80,62,66,107,315
127,149,123,48,447
103,133,131,71,438
31,54,88,105,278
19,107,63,56,245
36,115,97,130,378
27,148,6,98,279
142,13,69,143,367
30,13,122,44,209
76,109,110,28,323
116,114,32,8,270
103,99,75,62,339
91,43,84,49,267
13,69,73,71,226
39,33,61,4,137
21,20,101,13,155
9,34,97,84,224
69,112,10,113,304
52,48,61,37,198
5,59,38,91,193
100,115,145,68,428
94,12,8,16,130
50,94,70,1,215
11,57,7,104,179
109,45,114,46,314
9,77,17,121,224
148,17,146,115,426
132,134,20,12,298
61,139,49,82,331
23,124,26,112,285
113,122,138,13,386
10,64,14,132,220
36,122,32,65,255
116,96,74,78,364
7,147,99,120,373
66,143,77,26,312
91,88,90,13,282
48,81,131,101,361
134,79,98,111,422
85,41,20,59,205
61,129,76,43,309
7,47,14,111,179
87,118,134,99,438
58,26,135,46,265
64,43,118,134,359
85,38,115,96,334
10,132,130,116,388
123,14,90,119,346
100,77,39,97,313
42,13,130,119,304
131,45,123,21,320
122,103,138,86,449
138,5,116,148,407
52,90,40,54,236
140,132,72,81,425
130,89,119,37,375
68,8,17,17,110
114,42,121,150,427
144,36,85,113,378
73,109,138,128,448
37,81,136,23,277
103,33,113,36,285
115,62,54,75,306
124,2,113,113,352
142,46,25,105,318
9,140,34,126,309
94,123,104,93,414
116,127,57,112,412
113,37,96,27,273
148,126,106,147,527
144,30,65,107,346
133,55,19,144,351
86,23,120,114,343
113,26,46,109,294
55,20,30,68,173
71,60,17,136,284
134,68,52,65,319
63,135,85,100,383
130,83,105,121,439
64,82,10,121,277
28,136,148,14,326
145,120,55,122,442
47,87,12,112,258
8,42,116,75,241
31,98,126,140,395
37,115,88,48,288
61,86,69,2,218
2,9,66,144,221
87,68,128,5,288
94,86,104,2,286
41,26,66,103,236
25,140,145,45,355
15,146,92,92,345
143,74,118,85,420
134,116,45,117,412
11,142,32,8,193
35,50,37,75,197
147,8,66,78,299
140,111,120,30,401
118,98,7,42,265
60,142,111,80,393
86,126,18,147,377
43,131,121,57,352
150,114,80,37,381
55,53,141,107,356
94,15,120,12,241
6,55,124,99,284
51,100,90,148,389
111,25,78,137,351
145,77,8,9,239
72,79,120,146,417
84,86,117,149,436
139,32,88,60,319
101,86,103,48,338
120,97,141,123,481
109,112,47,148,416
37,101,4,51,193
1,97,135,43,276
54,110,125,60,349
131,135,7,141,414
49,90,89,141,369
133,149,22,135,439
122,56,98,114,390
71,3,92,85,251
117,5,48,1,171
129,22,26,122,299
31,141,32,60,264
129,144,79,103,455
85,8,113,19,225
23,70,76,51,220
39,68,54,92,253
82,35,93,60,270
88,90,17,138,333
114,77,8,40,239
100,17,124,63,304
60,98,66,88,312
117,38,44,59,258
108,84,21,97,310
11,21,31,119,182
78,41,35,120,274
50,50,40,33,173
15,122,22,93,252
62,62,146,85,355
87,72,72,75,306
74,118,66,43,301
138,68,57,149,412
145,29,80,69,323
138,112,79,14,343
150,30,79,50,309
14,21,136,8,179
128,10,59,87,284
44,115,135,48,342
38,12,27,30,107
1,97,85,63,246
122,92,127,38,379
80,115,135,41,371
89,42,46,17,194
68,51,149,5,273
41,93,130,57,321
62,122,84,65,333
33,74,9,91,207
133,9,20,14,176
127,116,35,108,386
30,131,17,127,305
134,46,29,47,256
14,117,34,19,184
131,30,134,10,305
10,136,42,38,226
150,112,32,12,306
143,56,8,67,274
5,147,16,63,231
32,115,49,90,286
150,42,2,41,235
62,87,64,55,268
121,128,51,146,446
148,68,29,24,269
127,26,34,9,196
55,50,9,9,123
18,98,116,7,239
58,6,47,118,229
71,107,81,96,355
13,145,35,106,299
123,10,99,30,262
37,48,83,21,189
49,53,21,80,203
30,61,51,105,247
123,61,122,34,340
54,12,112,134,312
60,122,108,131,421
1,67,29,77,174
143,21,34,149,347
117,43,95,21,276
94,134,27,37,292
7,116,35,110,268
136,149,130,14,429
1,123,111,83,318
32,69,41,150,292
36,9,61,115,221
15,83,121,57,276
93,37,82,128,340
95,77,53,66,291
94,90,68,121,373
34,136,100,54,324
138,58,87,35,318
86,112,21,90,309
24,137,73,126,360
130,143,40,139,452
76,150,41,26,293
143,90,47,131,411
104,13,16,20,153
119,67,118,82,386
30,20,104,20,174
135,103,2,71,311
70,16,111,144,341
31,112,111,112,366
40,43,33,74,190
15,30,18,95,158
40,54,76,16,186
118,4,103,128,353
34,42,30,70,176
83,126,16,149,374
33,31,40,89,193
68,83,97,100,348
65,109,8,15,197
94,76,26,61,257
6,62,132,111,311
2,2,114,86,204
55,92,30,32,209
89,48,96,133,366
143,38,109,114,404
80,40,87,129,336
72,4,130,108,314
39,87,43,108,277
122,80,114,142,458
139,89,138,94,460
96,73,112,37,318
86,100,46,118,350
52,89,62,88,291
46,144,110,27,327
131,29,9,52,221
56,60,58,129,303
69,95,145,60,369
132,67,1,53,253
6,148,74,148,376
68,35,27,132,262
11,88,105,120,324
134,28,32,13,207
75,137,141,63,416
9,149,4,34,196
54,85,102,90,331
27,44,82,13,166
32,141,133,105,411
29,124,23,137,313
101,102,108,150,461
23,19,72,51,165
58,145,148,42,393
30,39,55,69,193
73,137,44,30,284
83,49,90,2,224
148,127,72,119,466
116,8,49,64,237
10,17,12,8,47
101,64,58,2,225
141,99,49,138,427
111,48,83,82,324
102,148,53,50,353
149,68,51,122,390
104,149,110,24,387
86,5,96,8,195
135,100,85,12,332
48,23,59,106,236
39,85,104,118,346
11,21,85,113,230
70,10,146,130,356
110,21,59,35,225
129,88,21,30,268
91,61,130,94,376
57,136,125,150,468
70,15,48,20,153
27,124,88,17,256
89,62,14,118,283
37,96,64,90,287
23,145,87,42,297
55,135,7,146,343
104,94,74,38,310
5,92,106,119,322
67,135,118,149,469
6,99,39,31,175
30,120,88,134,372
96,4,7,3,110
66,44,35,100,245
51,40,3,137,231
71,95,141,30,337
71,138,11,46,266
148,67,110,70,395
34,46,35,102,217
1,124,95,50,270
65,148,12,105,330
113,27,63,57,260
13,109,52,88,262
52,66,60,114,292
8,106,34,90,238
88,23,19,123,253
89,84,88,86,347
24,86,43,45,198
61,31,2,34,128
4,20,76,32,132
134,60,98,63,355
143,58,9,17,227
88,111,43,104,346
36,131,106,147,420
54,112,41,7,214
66,23,102,87,278
73,101,135,134,443
6,104,44,36,190
31,29,85,83,228
32,15,50,107,204
38,29,108,11,186
38,88,94,101,321
58,119,2,128,307
9,7,145,53,214
139,73,55,83,350
43,86,80,56,265
103,105,146,22,376
84,32,1,32,149
76,28,22,106,232
64,46,95,137,342
6,102,68,125,301
146,83,76,3,308
30,88,24,103,245
44,48,120,21,233
88,134,61,110,393
150,118,76,98,442
108,16,81,36,241
85,150,66,29,330
143,98,23,113,377
103,133,150,133,519
71,139,90,75,375
147,134,88,13,382
26,135,63,112,336
48,95,120,58,321
67,5,111,134,317
78,6,130,96,310
8,139,84,139,370
63,44,137,129,373
113,112,115,46,386
53,70,101,80,304
15,92,111,108,326
77,60,121,83,341
56,15,101,137,309
14,98,68,85,265
79,111,145,81,416
100,100,117,150,467
137,106,14,47,304
88,47,102,143,380
28,9,82,34,153
20,12,5,143,180
58,147,13,135,353
128,96,150,82,456
144,99,14,128,385
143,5,139,20,307
146,51,89,94,380
2,2,7,52,63
38,57,101,23,219
82,131,38,32,283
21,77,146,148,392
93,27,14,50,184
149,47,94,145,435
99,88,62,76,325
49,131,70,119,369
144,48,59,113,364
11,54,5,86,156
74,126,37,90,327
115,19,67,105,306
141,77,1,32,251
29,106,74,48,257
99,33,83,34,249
111,129,49,13,302
68,70,63,20,221
76,35,126,98,335
140,142,3,12,297
9,33,3,134,179
48,57,49,4,158
130,109,60,24,323
114,89,6,69,278
139,58,10,105,312
127,42,96,99,364
20,135,22,33,210
144,94,58,94,390
19,31,31,118,199
21,28,146,101,296
123,49,41,90,303
123,3,13,20,159
36,137,133,32,338
60,116,43,133,352
122,88,128,142,480
140,81,82,68,371
55,94,12,35,196
112,145,24,79,360
11,6,131,12,160
41,79,101,82,303
66,132,47,80,325
39,8,105,98,250
21,141,31,134,327
150,57,102,40,349
50,42,101,36,229
57,134,124,63,378
33,75,61,100,269
70,25,113,100,308
94,118,143,62,417
33,91,89,99,312
114,18,128,49,309
85,56,39,129,309
28,9,138,47,222
12,96,5,124,237
27,143,105,147,422
35,50,62,117,264
18,141,8,124,291
60,127,31,93,311
48,18,45,143,254
11,2,34,93,140
140,114,96,34,384
74,48,76,105,303
75,36,141,109,361
133,5,18,22,178
6,147,76,12,241
82,81,123,12,298
41,115,88,98,342
54,119,42,53,268
104,139,2,89,334
60,127,120,139,446
68,8,134,51,261
80,109,7,31,227
128,147,134,76,485
109,74,48,39,270
150,58,128,90,426
48,146,113,125,432
76,97,3,143,319
34,33,91,90,248
20,26,92,94,232
33,79,37,8,157
24,91,68,30,213
143,132,76,129,480
8,15,144,113,280
87,112,78,10,287
76,45,79,102,302
8,82,100,28,218
140,92,10,74,316
29,7,17,78,131
130,77,76,10,293
83,93,65,103,344
86,137,108,63,394
5,68,41,133,247
133,28,145,41,347
77,81,59,22,239
47,136,104,136,423
11,31,4,89,135
133,116,8,115,372
133,1,106,61,301
106,90,129,71,396
18,64,31,144,257
115,93,20,140,368
135,85,79,104,403
5,9,62,72,148
54,139,33,149,375
15,75,96,80,266
141,111,149,24,425
106,133,114,6,359
37,20,53,94,204
19,119,8,45,191
123,14,38,76,251
149,41,45,36,271
112,4,89,91,296
13,51,97,1,162
51,105,63,15,234
131,22,47,35,235
60,2,69,103,234
138,145,68,104,455
16,111,130,105,362
6,34,69,130,239
55,1,6,37,99
72,63,68,38,241
113,29,91,49,282
20,116,135,117,388
30,130,24,141,325
136,80,50,131,397
130,83,34,64,311
92,90,3,6,191
50,121,131,106,408
137,1,123,54,315
33,102,71,73,279
60,41,92,150,343
71,34,13,22,140
2,38,73,127,240
133,14,66,56,269
103,130,8,80,321
5,137,102,42,286
35,131,149,6,321
101,62,149,140,452
74,4,85,119,282
88,32,34,90,244
15,28,135,125,303
90,97,76,94,357
79,11,31,114,235
84,35,18,105,242
32,107,36,32,207
146,44,127,2,319
120,126,101,120,467
117,39,123,118,397
54,141,102,55,352
128,126,132,93,479
35,62,116,57,270
27,68,123,102,320
135,56,37,11,239
131,46,99,107,383
143,105,87,38,373
36,16,105,70,227
11,43,93,65,212
138,73,49,107,367
108,138,8,54,308
138,25,78,45,286
36,46,11,140,233
42,118,141,108,409
44,82,62,34,222
131,15,147,28,321
148,127,75,118,468
113,108,15,23,259
89,94,136,40,359
17,72,81,15,185
149,14,13,100,276
79,61,111,116,367
48,140,26,57,271
21,146,40,19,226
18,27,130,3,178
144,36,94,102,376
75,123,6,77,281
108,22,101,129,360
29,46,28,65,168
61,47,81,83,272
148,128,110,2,388
73,140,3,138,354
88,132,100,119,439
17,42,93,102,254
103,54,63,148,368
97,131,3,99,330
107,109,47,13,276
45,134,52,134,365
144,32,75,121,372
31,63,128,15,237
134,3,139,131,407
142,42,108,87,379
133,102,32,15,282
48,145,113,125,431
10,24,84,103,221
140,46,91,7,284
11,75,133,48,267
72,58,52,126,308
125,114,145,148,532
113,69,66,1,249
125,56,51,15,247
149,91,47,143,430
70,84,76,66,296
22,84,109,133,348
83,119,97,149,448
35,68,92,88,283
8,74,49,81,212
51,140,13,67,271
89,149,130,110,478
51,107,128,36,322
121,93,106,86,406
24,137,113,81,355
3,84,97,131,315
63,9,19,9,100
94,89,105,106,394
87,41,111,113,352
87,101,12,74,274
126,140,42,90,398
3,117,92,98,310
5,146,43,142,336
118,106,1,136,361
140,15,47,135,337
113,70,147,124,454
16,31,73,9,129
86,99,91,109,385
79,74,42,103,298
69,33,18,50,170
100,27,141,132,400
101,61,85,132,379
111,32,43,131,317
132,64,90,35,321
88,52,84,126,350
82,116,86,2,286
20,149,95,136,400
143,28,11,75,257
147,82,114,38,381
76,123,11,126,336
42,125,123,98,388
33,36,46,111,226
23,67,13,20,123
55,45,136,111,347
23,10,123,30,186
33,33,36,42,144
31,104,6,58,199
113,65,69,64,311
132,150,99,41,422
145,30,3,132,310
58,88,7,147,300
126,51,60,81,318
71,150,66,102,389
52,4,4,49,109
28,98,44,20,190
141,2,83,128,354
70,29,150,93,342
59,138,67,47,311
127,61,102,34,324
40,38,133,80,291
86,19,73,110,288
92,85,141,13,331
91,43,47,96,277
147,135,130,96,508
52,9,76,121,258
54,99,145,19,317
67,20,103,143,333
104,149,97,98,448
35,109,103,141,388
80,62,49,26,217
27,84,22,67,200
135,41,71,28,275
140,35,32,100,307
34,24,149,128,335
123,43,142,59,367
23,148,79,121,371
24,77,29,95,225
89,109,96,63,357
57,124,70,77,328
8,5,100,103,216
73,11,128,116,328
137,25,55,127,344
35,36,28,56,155
7,82,41,129,259
25,109,84,90,308
44,65,44,57,210
125,36,118,120,399
107,18,131,11,267
51,114,43,45,253
117,77,141,28,363
21,114,122,49,306
76,13,123,145,357
102,121,70,62,355
4,18,72,105,199
149,113,75,22,359
41,47,66,61,215
127,147,80,29,383
5,93,145,135,378
145,54,17,47,263
12,56,43,113,224
6,59,71,46,182
83,49,66,98,296
69,31,74,92,266
82,136,4,12,234
127,73,44,97,341
13,44,109,84,250
100,142,30,114,386
88,146,42,60,336
138,118,31,25,312
61,45,124,83,313
142,92,114,56,404
143,36,25,34,238
74,17,82,41,214
87,38,9,137,271
132,101,68,123,424
61,25,34,17,137
105,22,27,12,166
44,13,69,117,243
81,131,136,12,360
46,38,30,4,118
32,17,39,85,173
9,47,113,55,224
126,131,13,136,406
61,32,109,86,288
131,44,110,39,324
17,91,54,27,189
41,96,49,19,205
59,49,134,84,326
56,114,125,23,318
30,34,63,131,258
73,17,83,124,297
77,114,112,92,395
21,46,137,107,311
64,28,147,128,367
34,127,75,19,255
2,107,150,13,272
70,120,52,73,315
122,26,129,66,343
137,85,70,98,390
101,64,50,21,236
150,39,58,101,348
10,66,86,13,175
80,45,9,78,212
33,136,51,57,277
3,32,87,76,198
37,8,143,147,335
148,15,35,124,322
12,53,139,118,322
147,150,102,142,541
2,85,94,97,278
23,146,85,75,329
105,113,79,107,404
103,93,97,38,331
33,134,148,69,384
100,62,75,34,271
36,26,46,76,184
103,25,9,35,172
148,19,12,148,327
6,119,91,103,319
77,24,53,20,174
130,46,129,57,362
16,105,142,55,318
13,68,91,71,243
60,68,25,9,162
103,145,56,41,345
35,121,57,21,234
80,23,127,142,372
28,29,105,148,310
87,21,29,66,203
7,132,32,39,210
23,123,4,90,240
111,73,111,103,398
128,42,108,100,378
129,110,36,122,397
83,72,121,11,287
89,13,18,73,193
108,87,3,51,249
52,31,128,3,214
74,56,47,92,269
64,100,17,139,320
13,147,11,48,219
82,45,43,112,282
78,3,67,77,225
30,87,148,108,373
64,138,148,105,455
126,76,65,113,380
61,125,70,75,331
83,9,6,137,235
132,12,79,103,326
90,3,115,38,246
97,108,16,68,289
101,19,30,13,163
114,125,41,67,347
111,15,98,124,348
74,44,95,82,295
138,141,3,57,339
81,145,127,134,487
68,140,25,150,383
135,60,105,15,315
145,117,70,108,440
9,146,13,73,241
95,68,74,90,327
10,107,130,99,346
127,140,32,1,300
121,140,80,101,442
101,97,94,129,421
110,110,91,99,410
5,96,91,127,319
37,32,113,50,232
149,117,1,28,295
11,54,111,64,240
52,1,107,112,272
101,114,120,23,358
102,33,26,104,265
71,116,86,136,409
118,41,147,44,350
17,1,116,132,266
62,31,47,74,214
68,103,82,41,294
137,7,135,15,294
69,90,100,3,262
70,26,14,102,212
109,32,88,23,252
30,117,123,143,413
36,148,138,86,408
72,29,117,3,221
9,42,107,66,224
57,13,147,113,330
129,17,76,88,310
94,66,44,142,346
133,110,90,4,337
94,46,65,150,355
29,101,142,50,322
122,13,34,115,284
113,70,114,124,421
88,123,98,76,385
96,60,56,104,316
11,103,142,25,281
58,137,68,136,399
116,33,111,150,410
128,15,40,120,303
147,39,115,60,361
101,51,12,75,239
59,137,132,117,445
122,87,84,35,328
147,76,54,89,366
76,28,135,67,306
35,65,92,55,247
36,72,61,119,288
44,3,111,32,190
99,118,63,14,294
11,24,58,86,179
80,124,2,129,335
77,105,106,26,314
48,57,8,119,232
89,120,67,113,389
118,27,107,35,287
66,2,13,139,220
58,2,102,91,253
51,75,144,10,280
135,95,49,7,286
95,111,41,27,274
18,91,48,55,212
145,35,56,145,381
60,82,29,11,182
6,150,29,102,287
116,116,10,30,272
19,98,132,129,378
59,38,149,127,373
73,150,149,125,497
143,129,72,68,412
41,123,90,113,367
8,51,23,91,173
142,56,16,90,304
149,136,83,25,393
73,136,120,121,450
39,112,42,65,258
127,96,35,43,301
138,55,129,73,395
51,130,52,76,309
20,64,70,60,214
61,117,20,95,293
93,85,106,61,345
130,94,79,76,379
20,100,109,1,230
63,13,64,113,253
14,30,31,124,199
49,57,119,81,306
109,90,33,113,345
122,138,100,92,452
139,129,84,49,401
76,31,67,63,237
6,25,35,49,115
76,48,74,128,326
58,23,27,3,111
93,141,13,58,305
39,15,28,65,147
125,96,76,128,425
59,143,8,38,248
21,114,61,11,207
37,48,106,24,215
122,129,133,101,485
50,140,76,125,391
136,68,6,71,281
143,42,33,113,331
3,58,12,139,212
79,29,39,24,171
53,19,33,50,155
80,119,122,26,347
63,21,94,1,179
11,111,113,51,286
37,58,136,23,254
91,37,93,98,319
82,122,36,80,320
99,68,87,97,351
140,106,141,56,443
132,29,98,101,360
130,133,84,21,368
27,71,87,144,329
16,65,126,122,329
16,134,143,102,395
16,141,131,58,346
26,145,15,103,289
126,16,136,137,415
54,117,16,95,282
120,25,35,80,260
28,25,66,131,250
92,13,72,60,237
66,111,144,39,360
8,3,98,69,178
100,26,38,5,169
7,91,64,150,312
149,42,82,67,340
13,76,58,73,220
10,146,32,134,322
123,106,100,50,379
94,21,79,111,305
25,126,118,75,344
127,14,20,21,182
121,32,35,35,223
43,38,80,55,216
75,125,134,41,375
13,145,28,126,312
59,27,52,109,247
141,43,25,29,238
28,67,8,128,231
29,11,55,126,221
139,100,148,1,388
64,53,135,100,352
27,98,64,6,195
147,11,13,50,221
36,42,138,21,237
20,23,35,130,208
125,89,47,82,343
14,57,10,1,82
146,80,121,75,422
129,52,145,23,349
29,36,107,62,234
102,60,55,74,291
113,100,73,22,308
70,71,111,98,350
147,139,132,122,540
140,37,123,114,414
145,64,63,149,421
69,59,31,107,266
142,30,6,114,292
95,121,138,35,389
83,121,112,136,452
37,106,61,89,293
69,16,74,121,280
118,46,12,75,251
135,21,14,89,259
37,106,66,111,320
119,9,3,144,275
147,27,99,16,289
84,119,70,8,281
102,54,44,31,231
60,77,125,134,396
88,109,37,111,345
38,22,112,142,314
44,29,133,9,215
44,104,29,16,193
80,4,36,72,192
35,61,16,44,156
20,34,100,80,234
4,88,133,103,328
8,143,120,78,349
107,36,106,49,298
13,73,142,77,305
142,67,57,8,274
104,12,121,78,315
113,126,62,54,355
73,64,140,118,395
13,2,20,109,144
62,146,77,67,352
140,79,22,65,306
137,95,133,24,389
101,76,141,77,395
4,87,122,12,225
91,86,106,68,351
62,18,145,99,324
19,115,120,11,265
87,146,102,31,366
102,146,111,46,405
142,86,84,117,429
85,72,52,16,225
22,97,145,118,382
43,79,37,71,230
147,13,36,10,206
5,42,144,111,302
148,77,78,80,383
141,108,76,126,451
122,145,90,3,360
85,111,17,25,238
149,74,93,17,333
64,123,96,88,371
115,121,27,75,338
129,13,90,100,332
140,14,18,42,214
135,16,49,48,248
128,64,143,27,362
85,121,16,20,242
126,148,57,21,352
13,47,80,98,238
60,112,39,91,302
76,75,15,130,296
105,43,47,46,241
113,127,111,95,446
131,88,24,128,371
42,30,65,103,240
40,51,133,34,258
11,121,85,106,323
133,7,127,149,416
48,51,35,8,142
139,127,88,100,454
21,63,144,53,281
127,125,60,59,371
138,46,141,73,398
77,134,80,46,337
40,59,59,74,232
97,57,71,15,240
76,117,39,8,240
1,94,119,131,345
93,108,111,132,444
45,98,32,69,244
137,54,38,129,358
36,101,59,47,243
104,127,117,11,359
23,25,142,51,241
114,93,36,105,348
11,3,144,97,255
112,145,26,12,295
34,25,7,16,82
6,73,71,143,293
87,20,15,146,268
13,138,125,107,383
57,104,4,125,290
81,27,40,26,174
17,38,53,72,180
89,105,116,57,367
106,80,27,61,274
84,114,122,9,329
71,84,132,38,325
92,13,10,81,196
141,73,103,7,324
104,120,87,125,436
132,114,148,71,465
68,107,117,103,395
124,45,145,24,338
144,104,118,25,391
139,86,53,17,295
126,54,138,25,343
128,3,121,3,255
93,36,97,128,354
73,56,113,72,314
46,108,70,102,326
147,21,93,148,409
118,34,4,64,220
127,57,146,98,428
75,46,124,116,361
57,75,95,51,278
116,75,40,34,265
64,73,51,25,213
69,51,14,115,249
145,60,107,95,407
62,34,18,83,197
87,58,73,21,239
79,112,109,2,302
51,94,12,60,217
112,62,5,103,282
22,120,2,32,176
114,82,134,1,331
80,44,134,41,299
87,19,139,25,270
95,117,68,35,315
16,29,104,3,152
32,97,149,127,405
33,105,28,111,277
73,99,91,70,333
73,124,89,57,343
96,141,95,36,368
52,70,67,81,270
6,122,23,126,277
110,56,68,43,277
90,97,46,81,314
142,109,13,86,350
146,15,46,29,236
57,32,18,111,218
148,19,110,61,338
56,74,3,106,239
51,94,5,111,261
123,116,26,145,410
81,96,142,66,385
45,19,105,20,189
39,110,106,21,276
148,75,9,53,285
91,124,72,34,321
58,37,95,100,290
90,119,59,102,370
125,140,129,137,531
93,132,82,93,400
78,20,100,76,274
149,3,50,29,231
72,16,134,15,237
26,66,25,65,182
53,42,16,126,237
19,29,125,103,276
33,77,91,68,269
31,76,62,22,191
80,56,57,46,239
10,69,65,7,151
59,65,3,121,248
111,87,52,105,355
91,33,35,39,198
145,99,57,16,317
69,59,31,134,293
86,130,98,147,461
6,26,111,125,268
61,88,73,29,251
101,82,67,24,274
43,77,134,82,336
105,60,123,80,368
145,115,134,47,441
53,119,150,92,414
140,140,134,55,469
65,101,79,46,291
127,77,62,82,348
49,41,97,120,307
138,33,7,34,212
119,38,141,113,411
21,22,24,129,196
23,103,121,81,328
34,15,27,139,215
91,10,65,8,174
35,107,37,6,185
101,49,15,22,187
18,109,66,73,266
123,96,72,64,355
3,113,15,44,175
85,106,121,5,317
5,46,83,34,168
1,79,1,78,159
36,60,57,14,167
28,101,72,124,325
136,17,48,71,272
109,46,38,19,212
133,47,74,97,351
98,115,149,63,425
52,57,90,95,294
136,73,107,143,459
82,149,28,59,318
79,143,143,131,496
74,125,133,68,400
75,117,100,99,391
145,29,69,14,257
64,27,37,76,204
128,85,81,119,413
132,7,57,121,317
128,104,13,121,366
145,136,22,141,444
136,134,140,83,493
11,100,118,89,318
138,141,107,52,438
36,53,47,110,246
34,119,97,98,348
37,14,95,74,220
52,109,101,90,352
12,108,55,138,313
70,92,104,15,281
111,108,30,96,345
2,4,134,49,189
45,86,62,47,240
146,22,11,52,231
75,11,76,78,240
2,142,46,10,200
87,147,149,70,453
44,61,132,127,364
80,93,33,13,219
113,124,90,39,366
132,60,32,40,264
114,118,56,20,308
85,2,117,94,298
21,114,29,26,190
44,17,35,41,137
134,127,72,33,366
124,77,51,146,398
79,32,90,76,277
128,57,48,93,326
31,19,89,136,275
50,9,20,23,102
149,2,95,146,392
54,27,84,112,277
1,6,92,117,216
75,62,81,73,291
105,65,106,70,346
12,3,22,95,132
80,140,127,59,406
68,57,68,104,297
40,113,65,89,307
24,116,72,37,249
120,70,124,23,337
71,81,145,41,338
99,69,75,22,265
128,23,64,35,250
134,43,99,128,404
71,101,101,33,306
112,31,123,135,401
50,57,71,82,260
108,11,90,63,272
28,46,129,132,335
95,1,147,91,334
150,102,124,86,462
46,127,79,43,295
35,101,61,114,311
134,107,126,47,414
37,33,148,67,285
130,150,118,76,474
27,129,32,92,280
89,123,77,30,319
107,38,121,46,312
10,53,16,135,214
65,93,87,3,248
117,134,64,148,463
134,127,41,61,363
16,95,71,50,232
80,68,150,107,405
17,81,116,45,259
136,102,74,133,445
116,43,130,142,431
23,109,131,48,311
55,59,66,95,275
30,115,12,117,274
116,55,35,110,316
42,5,89,9,145
118,88,85,14,305
74,3,36,27,140
3,77,30,93,203
46,24,106,141,317
74,149,148,132,503
39,18,17,120,194
79,48,112,100,339
98,25,47,111,281
27,52,137,142,358
13,136,138,3,290
82,137,104,65,388
145,9,39,102,295
112,3,89,28,232
96,80,87,129,392
105,46,4,19,174
23,67,76,40,206
33,16,64,70,183
83,112,121,61,377
132,51,82,77,342
18,27,68,77,190
75,56,137,145,413
107,124,87,74,392
120,50,140,123,433
5,120,58,56,239
131,65,132,17,345
55,25,16,108,204
101,7,30,33,171
81,42,6,32,161
91,113,3,135,342
55,28,82,52,217
120,96,144,149,509
89,125,38,90,342
14,147,61,37,259
65,149,18,34,266
56,73,5,41,175
115,25,136,6,282
36,20,107,64,227
4,14,12,96,126
71,100,12,88,271
112,53,133,1,299
136,18,68,109,331
3,59,123,135,320
135,64,33,103,335
47,66,147,75,335
5,68,85,124,282
37,42,64,86,229
58,67,114,124,363
55,108,85,7,255
72,34,10,62,178
73,52,142,2,269
44,133,55,98,330
11,92,25,126,254
48,93,56,68,265
65,31,87,38,221
104,28,53,15,200
70,43,45,73,231
27,7,99,121,254
11,32,88,150,281
7,45,18,46,116
28,79,74,105,286
114,107,43,80,344
31,88,91,129,339
34,54,109,55,252
29,122,84,49,284
45,108,138,137,428
104,149,81,125,459
5,89,125,118,337
92,97,119,128,436
100,45,37,133,315
28,129,139,106,402
146,76,30,62,314
137,86,78,131,432
52,79,120,32,283
107,49,66,117,339
76,108,81,113,378
87,150,85,65,387
80,142,101,46,369
146,111,114,28,399
111,77,122,12,322
88,91,16,72,267
99,103,91,111,404
52,23,114,120,309
102,63,146,26,337
133,148,94,18,393
94,106,48,77,325
148,42,61,145,396
145,14,16,149,324
84,144,142,11,381
4,29,23,34,90
98,21,2,115,236
144,22,103,116,385
1,137,72,70,280
115,91,85,25,316
82,115,131,35,363
95,127,131,134,487
53,44,69,95,261
26,140,122,43,331
13,31,15,68,127
128,45,37,58,268
17,5,63,116,201
111,115,149,123,498
64,81,99,66,310
36,52,21,95,204
122,24,69,11,226
70,138,89,144,441
21,107,84,98,310
84,14,47,97,242
34,6,79,75,194
14,73,64,101,252
118,79,89,83,369
121,4,60,122,307
19,88,84,17,208
21,135,95,128,379
132,105,94,19,350
86,42,29,63,220
77,39,104,59,279
141,36,53,129,359
76,83,41,7,207
3,71,2,145,221
147,45,67,58,317
59,141,93,24,317
40,3,69,93,205
124,85,91,147,447
35,31,124,131,321
78,63,124,126,391
130,81,44,89,344
22,147,102,42,313
80,96,23,108,307
11,82,62,15,170
146,149,21,23,339
125,99,126,6,356
53,123,128,61,365
108,85,93,28,314
14,27,33,38,112
49,85,147,15,296
24,117,28,45,214
117,60,113,117,407
125,52,18,142,337
30,24,143,13,210
87,117,111,131,446
51,110,60,133,354
69,123,144,47,383
4,13,71,124,212
78,26,74,138,316
51,94,70,21,236
130,38,106,57,331
114,79,110,94,397
88,142,74,8,312
59,26,106,48,239
126,83,70,36,315
26,68,118,32,244
137,6,105,103,351
105,22,135,103,365
133,110,62,20,325
65,41,126,44,276
109,119,4,75,307
131,123,79,107,440
52,64,145,147,408
135,57,15,35,242
5,111,99,47,262
13,47,122,115,297
64,106,148,71,389
131,124,26,148,429
101,145,117,4,367
76,31,112,94,313
36,34,109,53,232
13,102,32,148,295
137,139,112,110,498
102,22,48,95,267
52,75,118,122,367
124,59,4,43,230
109,119,18,46,292
95,133,4,121,353
2,145,52,41,240
54,82,96,106,338
45,106,27,53,231
111,51,131,29,322
25,60,21,117,223
51,67,142,118,378
96,96,100,30,322
48,75,88,120,331
93,58,120,3,274
114,38,56,56,264
117,63,50,83,313
100,1,102,6,209
41,133,113,78,365
46,13,81,146,286
96,90,145,115,446
123,111,54,26,314
46,125,137,37,345
45,38,42,136,261
10,46,13,111,180
146,72,124,108,450
99,53,77,120,349
113,112,26,144,395
12,82,3,125,222
7,2,21,46,76
90,134,99,132,455
83,63,34,50,230
114,55,84,150,403
41,137,24,148,350
28,85,74,143,330
121,73,75,46,315
113,34,53,60,260
90,72,107,128,397
52,100,58,70,280
75,132,139,131,477
66,108,79,43,296
51,63,132,122,368
26,112,47,65,250
98,66,17,134,315
85,69,32,147,333
150,142,37,125,454
35,93,34,127,289
96,34,48,48,226
1,16,106,134,257
146,93,65,128,432
75,75,129,89,368
40,16,113,80,249
21,116,58,4,199
62,53,8,80,203
141,36,105,57,339
120,7,12,29,168
49,142,1,149,341
112,129,135,1,377
67,126,58,126,377
99,30,84,122,335
56,81,92,75,304
86,91,140,131,448
129,135,64,127,455
12,47,30,110,199
108,93,46,122,369
13,41,63,38,155
18,17,19,41,95
90,71,52,143,356
17,68,70,14,169
73,129,30,131,363
5,85,45,142,277
18,109,5,37,169
84,124,110,78,396
21,73,121,85,300
137,65,98,42,342
74,47,44,123,288
4,17,88,121,230
125,42,87,126,380
44,113,88,95,340
144,89,9,77,319
113,75,43,150,381
26,118,109,42,295
22,100,149,143,414
122,54,72,130,378
19,133,37,56,245
146,109,60,27,342
69,10,82,117,278
139,65,134,18,356
100,111,82,129,422
30,35,39,142,246
60,126,118,92,396
85,102,110,140,437
72,19,98,87,276
126,28,123,73,350
56,134,111,51,352
38,147,30,119,334
99,48,61,18,226
23,31,37,84,175
110,11,8,57,186
14,103,117,141,375
89,40,83,44,256
82,147,100,30,359
36,12,14,127,189
87,53,89,54,283
131,78,125,120,454
5,95,43,43,186
104,83,132,19,338
121,15,81,73,290
138,53,4,104,299
63,19,139,81,302
69,45,30,106,250
128,11,116,136,391
29,51,103,124,307
77,150,130,127,484
41,11,40,45,137
130,85,48,84,347
128,67,146,127,468
90,47,2,50,189
52,80,118,95,345
95,120,54,148,417
16,79,122,28,245
10,76,145,2,233
123,149,125,52,449
29,75,149,7,260
15,38,83,18,154
80,32,93,73,278
130,32,138,149,449
148,87,128,114,477
137,94,6,118,355
131,63,22,76,292
57,132,11,134,334
113,128,122,110,473
38,150,51,23,262
11,141,71,109,332
82,105,15,1,203
64,56,88,5,213
88,87,77,46,298
53,113,77,81,324
130,134,146,104,514
5,64,138,40,247
13,140,102,34,289
2,68,88,33,191
44,52,7,23,126
24,55,45,131,255
91,90,121,136,438
72,121,101,37,331
70,35,12,72,189
143,144,95,92,474
124,35,31,4,194
135,144,114,61,454
51,119,114,131,415
141,29,105,13,288
41,136,128,38,343
63,120,92,59,334
110,34,141,109,394
121,63,43,33,260
16,120,143,135,414
133,130,36,62,361
47,17,35,116,215
81,27,65,135,308
15,86,32,29,162
57,147,79,34,317
96,75,109,72,352
145,15,19,12,191
80,37,102,56,275
110,126,37,33,306
39,16,135,89,279
11,56,84,13,164
100,121,107,63,391
91,71,54,91,307
64,109,60,57,290
45,55,67,83,250
141,121,73,142,477
95,115,61,38,309
141,105,118,80,444
140,42,103,132,417
23,16,94,60,193
23,17,70,58,168
142,80,98,103,423
95,142,76,17,330
89,40,42,96,267
31,7,34,128,200
23,113,79,77,292
99,118,16,109,342
80,30,21,66,197
95,8,32,8,143
104,108,38,89,339
100,111,38,65,314
120,143,4,123,390
40,91,115,53,299
13,58,91,148,310
15,6,111,132,264
5,36,44,80,165
80,45,56,91,272
133,113,132,26,404
61,141,110,18,330
13,35,34,138,220
36,43,119,43,241
20,76,91,61,248
82,40,127,45,294
50,95,136,54,335
126,27,137,139,429
98,8,121,47,274
56,120,39,54,269
57,126,55,81,319
94,69,44,111,318
146,54,47,56,303
15,99,58,134,306
21,131,7,73,232
46,111,59,131,347
102,64,146,39,351
8,145,17,107,277
103,146,8,54,311
139,44,65,119,367
25,93,25,100,243
117,40,98,8,263
10,107,78,6,201
81,20,74,37,212
3,69,80,102,254
107,69,126,31,333
9,73,59,109,250
91,101,58,148,398
17,148,147,15,327
46,47,4,105,202
57,71,96,3,227
86,27,50,137,300
89,43,17,72,221
135,25,40,9,209
148,67,125,119,459
65,22,57,29,173
89,26,90,59,264
136,36,103,6,281
23,7,144,41,215
127,32,56,55,270
63,50,101,146,360
78,55,68,12,213
77,126,8,105,316
7,57,99,83,246
142,51,40,84,317
98,10,81,133,322
143,125,86,43,397
77,67,74,69,287
76,29,116,8,229
105,131,116,95,447
68,125,24,90,307
81,12,42,39,174
65,15,17,102,199
78,108,60,8,254
55,83,92,84,314
101,16,106,53,276
36,138,60,78,312
4,50,83,74,211
149,79,87,100,415
82,55,32,43,212
112,28,65,40,245
33,16,88,87,224
5,25,81,46,157
132,20,150,112,414
111,42,138,19,310
119,111,64,148,442
21,76,126,103,326
141,142,106,106,495
149,118,37,15,319
26,101,32,57,216
81,132,4,72,289
54,19,125,12,210
79,17,130,5,231
103,5,77,24,209
130,32,16,101,279
136,142,79,17,374
7,22,68,83,180
148,116,1,17,282
118,149,16,70,353
106,138,87,23,354
84,99,51,129,363
129,143,7,95,374
70,20,135,86,311
46,55,70,79,250
79,38,125,74,316
110,46,31,84,271
55,124,95,46,320
85,119,149,38,391
18,93,35,70,216
148,6,79,54,287
146,50,148,39,383
55,134,70,48,307
85,71,27,80,263
75,59,132,105,371
131,1,63,32,227
138,117,17,87,359
115,131,51,66,363
33,52,113,150,348
52,141,55,139,387
83,45,14,72,214
21,129,129,86,365
47,13,97,106,263
70,112,49,149,380
54,58,146,111,369
49,142,128,90,409
53,10,79,42,184
6,112,148,36,302
52,4,28,33,117
116,13,54,15,198
80,123,100,85,388
148,142,145,7,442
112,120,98,137,467
104,36,135,3,278
6,4,117,84,211
121,43,17,134,315
141,31,36,124,332
11,56,93,17,177
147,7,84,84,322
77,109,118,127,431
13,49,109,43,214
102,107,9,91,309
103,104,121,147,475
4,84,32,55,175
2,84,120,72,278
109,118,100,91,418
9,66,44,101,220
14,96,35,88,233
143,33,128,1,305
15,10,43,49,117
144,92,115,120,471
97,66,33,68,264
13,6,19,66,104
121,75,93,131,420
17,89,110,43,259
113,73,96,82,364
12,102,86,92,292
138,149,130,107,524
11,85,91,127,314
53,39,116,102,310
56,140,70,8,274
105,5,71,48,229
22,73,85,94,274
114,150,77,41,382
22,111,65,138,336
45,1,4,101,151
88,144,40,22,294
70,26,76,71,243
5,127,143,10,285
112,6,116,47,281
12,33,54,91,190
131,37,41,144,353
86,129,20,97,332
115,113,79,20,327
123,48,114,75,360
120,63,58,147,388
107,56,46,91,300
91,109,132,149,481
56,23,34,52,165
110,27,121,51,309
131,46,143,40,360
57,9,101,47,214
123,22,102,150,397
70,27,45,41,183
19,48,75,44,186
137,14,15,65,231
15,72,62,72,221
88,148,79,59,374
8,93,81,10,192
138,17,109,35,299
9,114,70,102,295
132,80,142,106,460
145,88,35,49,317
13,89,109,143,354
2,99,2,136,239
89,38,94,8,229
51,15,99,71,236
102,147,18,40,307
12,142,3,136,293
82,112,21,36,251
66,53,134,24,277
114,25,31,124,294
7,111,118,9,245
11,96,43,88,238
8,72,120,108,308
107,144,52,83,386
31,15,46,86,178
42,105,4,46,197
142,146,123,87,498
34,88,29,150,301
124,38,111,17,290
149,104,143,5,401
27,55,150,1,233
81,58,69,105,313
83,26,61,131,301
48,135,135,57,375
107,16,17,17,157
40,100,119,103,362
63,83,27,21,194
94,34,12,22,162
58,72,90,43,263
94,97,80,68,339
136,147,104,16,403
88,61,47,99,295
117,147,60,108,432
29,37,104,100,270
25,29,53,48,155
61,122,127,39,349
145,74,149,29,397
9,17,133,104,263
121,47,123,58,349
146,76,44,74,340
47,110,17,56,230
13,104,90,14,221
107,27,52,12,198
105,85,46,9,245
79,84,67,119,349
100,145,95,113,453
100,55,87,125,367
16,117,32,45,210
142,104,129,128,503
21,64,145,21,251
37,111,3,136,287
28,71,138,96,333
108,16,55,99,278
32,137,15,111,295
3,132,125,110,370
20,127,117,2,266
82,26,142,90,340
22,119,72,28,241
85,24,65,112,286
22,20,139,43,224
36,106,65,31,238
103,144,110,32,389
83,8,90,150,331
13,127,20,10,170
12,48,141,117,318
66,30,115,54,265
92,90,136,6,324
128,95,78,83,384
92,87,94,51,324
66,133,75,145,419
87,124,77,129,417
86,139,86,30,341
133,106,48,125,412
136,90,52,103,381
64,119,15,26,224
102,80,64,122,368
145,145,85,68,443
70,100,48,5,223
67,88,140,54,349
117,13,37,29,196
44,44,124,1,213
33,108,19,44,204
134,82,111,109,436
32,10,74,101,217
10,5,136,24,175
35,14,77,124,250
63,127,76,144,410
66,130,62,41,299
149,108,57,84,398
73,50,96,10,229
136,133,2,63,334
148,64,139,59,410
35,55,61,130,281
11,46,127,28,212
26,2,16,103,147
88,31,113,55,287
124,122,14,130,390
25,24,84,93,226
87,89,125,124,425
79,36,11,90,216
20,84,52,143,299
48,23,147,111,329
126,115,65,144,450
90,41,123,66,320
114,149,63,118,444
130,143,143,128,544
42,100,149,87,378
1,44,34,62,141
115,97,124,50,386
39,58,98,59,254
49,94,118,68,329
101,30,124,107,362
15,65,35,124,239
96,50,55,46,247
24,23,91,52,190
29,21,122,57,229
138,122,116,42,418
100,36,149,105,390
2,91,59,93,245
122,113,121,55,411
130,11,51,56,248
29,143,119,110,401
53,120,4,44,221
36,142,140,34,352
134,114,52,134,434
112,100,102,109,423
17,21,33,6,77
83,20,15,111,229
69,59,73,93,294
10,64,103,141,318
121,134,101,78,434
13,2,120,27,162
12,61,77,46,196
92,140,130,51,413
38,20,80,23,161
141,31,112,138,422
123,124,76,119,442
35,67,1,42,145
103,43,142,47,335
33,76,124,118,351
43,137,46,68,294
27,49,38,87,201
41,6,130,109,286
84,123,56,82,345
60,109,60,85,314
17,45,90,75,227
114,26,33,117,290
49,146,114,80,389
115,7,88,11,221
25,12,33,13,83
44,121,125,97,387
26,91,122,9,248
6,98,79,75,258
68,148,66,21,303
70,46,78,35,229
73,115,106,89,383
55,28,5,22,110
32,1,13,57,103
49,102,49,107,307
31,28,119,45,223
33,5,83,6,127
139,132,43,148,462
74,102,146,143,465
37,106,60,94,297
8,41,139,94,282
116,140,129,105,490
21,6,6,37,70
27,99,36,118,280
47,119,119,79,364
5,116,14,112,247
69,112,123,118,422
23,14,113,5,155
130,81,116,107,434
68,89,71,47,275
119,1,60,117,297
49,89,42,116,296
13,120,141,108,382
22,149,26,55,252
4,120,83,37,244
123,149,58,59,389
20,58,136,3,217
11,115,123,118,367
9,20,81,41,151
107,11,142,112,372
131,12,31,100,274
131,12,62,34,239
115,87,56,64,322
79,47,25,18,169
121,37,135,14,307
13,72,47,108,240
68,63,101,41,273
30,28,27,17,102
57,128,42,116,343
11,12,62,19,104
149,147,127,85,508
124,43,117,129,413
1,2,65,132,200
76,31,77,61,245
70,145,111,118,444
46,64,55,130,295
136,140,23,147,446
14,110,134,54,312
146,117,105,93,461
60,123,47,5,235
122,52,42,49,265
77,96,11,50,234
98,116,31,36,281
41,146,17,62,266
8,80,44,23,155
30,67,1,125,223
131,146,122,30,429
114,21,59,56,250
81,8,20,16,125
73,94,79,16,262
146,62,62,124,394
73,84,30,96,283
122,23,92,90,327
55,48,125,97,325
56,91,120,149,416
114,62,134,15,325
78,59,78,77,292
65,146,34,80,325
132,82,85,76,375
67,57,25,49,198
39,117,111,51,318
148,104,125,29,406
48,72,5,45,170
35,4,9,6,54
122,127,141,109,499
32,130,60,90,312
123,32,41,38,234
140,41,126,114,421
38,130,127,55,350
77,113,94,139,423
9,95,87,102,293
31,96,147,148,422
42,26,84,61,213
71,51,135,104,361
40,87,116,50,293
13,92,121,139,365
76,77,131,85,369
98,140,93,113,444
78,40,38,135,291
73,39,129,111,352
69,74,94,131,368
35,106,92,92,325
122,86,23,46,277
75,49,88,67,279
65,1,6,38,110
129,16,120,3,268
132,57,76,25,290
91,8,61,122,282
79,53,134,50,316
127,73,132,72,404
129,10,46,71,256
39,95,33,5,172
107,116,74,21,318
29,53,58,112,252
67,92,33,116,308
48,144,90,53,335
40,24,134,128,326
29,84,122,150,385
88,96,7,11,202
69,60,15,27,171
2,3,99,68,172
134,85,79,68,366
25,67,79,56,227
74,111,111,16,312
55,92,105,129,381
141,99,22,140,402
47,60,113,81,301
15,17,63,97,192
2,47,119,89,257
48,98,26,45,217
120,129,125,104,478
8,24,38,2,72
51,90,137,55,333
41,109,79,145,374
26,35,20,105,186
87,49,52,51,239
34,10,124,100,268
34,31,138,40,243
24,24,145,133,326
102,52,54,100,308
62,40,98,28,228
69,76,113,49,307
1,130,6,68,205
16,121,24,73,234
127,50,57,93,327
137,120,102,12,371
122,10,111,11,254
34,3,87,98,222
21,87,149,55,312
65,82,94,96,337
146,37,9,37,229
131,76,61,82,350
14,85,129,140,368
107,51,124,10,292
2,27,79,2,110
93,90,95,69,347
148,52,55,133,388
27,2,82,140,251
52,134,117,129,432
52,45,112,70,279
104,137,85,44,370
38,33,72,53,196
56,133,89,28,306
87,54,19,31,191
143,48,22,102,315
1,52,110,137,300
93,95,114,132,434
46,83,22,79,230
149,67,127,111,454
108,131,142,45,426
69,111,25,4,209
117,79,117,67,380
35,72,27,126,260
126,5,118,122,371
137,100,112,103,452
23,21,138,89,271
79,122,8,46,255
98,127,44,46,315
69,130,139,133,471
21,126,46,20,213
14,54,33,145,246
150,71,37,104,362
27,107,76,64,274
85,106,73,71,335
144,92,143,47,426
72,59,30,35,196
115,48,96,76,335
23,101,84,8,216
56,131,65,4,256
98,67,116,69,350
48,90,137,79,354
47,63,61,69,240
79,41,149,80,349
140,60,56,116,372
57,142,72,5,276
72,74,10,90,246
118,111,93,42,364
121,3,90,114,328
31,72,105,100,308
145,5,99,141,390
142,132,71,15,360
27,111,75,51,264
45,113,54,16,228
97,85,35,108,325
37,44,59,65,205
23,108,22,108,261
130,116,98,137,481
122,87,18,110,337
144,136,41,137,458
140,114,41,19,314
139,77,73,57,346
44,5,22,62,133
52,66,75,109,302
148,66,24,122,360
112,33,10,129,284
82,45,41,33,201
28,17,59,64,168
106,103,8,18,235
92,127,55,72,346
38,133,8,149,328
80,29,136,15,260
124,12,19,47,202
4,19,26,136,185
118,75,78,61,332
140,116,70,128,454
88,22,79,148,337
139,32,97,71,339
106,20,86,79,291
70,53,94,13,230
73,137,79,67,356
89,84,137,110,420
37,9,85,140,271
125,43,8,121,297
99,7,2,121,229
131,134,148,55,468
138,38,135,109,420
91,116,15,102,324
54,11,99,36,200
69,81,59,43,252
3,10,17,107,137
41,125,92,108,366
52,104,55,143,354
71,100,94,21,286
75,13,146,122,356
76,9,102,105,292
80,71,71,31,253
43,108,110,75,336
117,8,12,146,283
113,26,14,81,234
55,146,64,68,333
108,12,116,125,361
37,48,147,55,287
93,137,113,26,369
45,113,91,13,262
139,91,61,106,397
132,57,148,61,398
63,18,19,42,142
93,125,79,131,428
145,37,77,142,401
13,17,41,114,185
5,23,92,89,209
139,69,131,88,427
134,146,137,65,482
126,50,33,139,348
103,137,20,45,305
21,95,83,113,312
54,58,127,33,272
31,4,121,77,233
82,125,79,24,310
138,86,67,129,420
19,126,37,82,264
8,103,7,64,182
1,14,119,36,170
7,53,44,43,147
3,108,22,14,147
108,98,28,16,250
81,138,103,35,357
11,20,35,43,109
135,139,45,130,449
84,80,33,112,309
58,139,64,27,288
113,28,87,94,322
128,142,101,19,390
147,57,70,19,293
54,80,63,80,277
135,86,1,86,308
119,53,94,27,293
104,91,52,52,299
106,54,20,126,306
114,144,148,10,416
52,69,122,20,263
22,33,30,103,188
20,2,146,119,287
18,5,29,77,129
146,80,112,94,432
13,81,18,75,187
103,78,65,59,305
76,124,4,117,321
150,142,35,4,331
91,23,102,129,345
11,53,119,24,207
121,116,113,67,417
86,27,110,144,367
148,64,58,31,301
102,101,70,124,397
102,140,71,48,361
66,47,19,38,170
77,66,43,117,303
54,12,48,138,252
104,12,105,94,315
138,18,90,148,394
147,130,89,93,459
13,132,38,48,231
7,97,100,128,332
102,112,130,27,371
13,12,73,19,117
9,106,70,14,199
109,105,45,61,320
18,144,73,145,380
34,149,29,77,289
32,5,38,114,189
88,47,91,68,294
59,66,25,105,255
60,78,24,44,206
7,32,31,42,112
139,98,128,62,427
148,53,99,79,379
4,139,11,76,230
122,15,64,75,276
50,125,124,55,354
59,118,87,139,403
96,78,122,119,415
103,64,102,122,391
95,130,85,31,341
125,134,95,113,467
142,42,94,84,362
47,122,110,42,321
93,115,146,64,418
9,94,146,126,375
26,64,42,42,174
90,77,141,55,363
87,58,40,103,288
36,41,15,116,208
35,71,54,35,195
74,144,52,57,327
141,3,135,46,325
14,106,92,6,218
133,29,56,133,351
21,6,94,25,146
41,95,79,25,240
22,64,80,101,267
9,57,20,147,233
27,18,6,28,79
30,45,87,139,301
140,96,28,18,282
59,2,25,42,128
2,32,40,32,106
76,64,56,149,345
144,109,114,16,383
88,103,123,110,424
30,51,51,140,272
150,76,71,38,335
30,11,74,1,116
93,99,75,52,319
83,130,89,7,309
136,84,26,92,338
129,122,40,98,389
115,11,26,58,210
22,8,19,43,92
73,70,101,5,249
59,91,135,52,337
112,115,88,87,402
84,63,131,49,327
83,104,128,42,357
58,55,126,61,300
85,70,127,6,288
40,27,130,109,306
63,94,94,93,344
100,107,69,69,345
130,21,146,15,312
104,129,6,99,338
80,42,139,35,296
18,68,68,36,190
9,106,144,100,359
110,51,68,115,344
68,85,47,105,305
32,6,20,9,67
100,109,97,34,340
116,107,133,128,484
10,112,68,30,220
55,92,102,24,273
120,146,32,22,320
24,103,107,12,246
72,23,111,1,207
80,15,122,74,291
58,50,58,150,316
101,142,132,52,427
107,68,128,18,321
82,115,48,121,366
121,70,47,56,294
37,17,140,34,228
44,116,97,146,403
131,90,138,112,471
21,55,96,122,294
3,132,82,96,313
20,120,91,44,275
68,118,84,116,386
60,129,9,80,278
128,40,56,148,372
87,38,102,121,348
73,61,6,96,236
55,72,16,140,283
51,140,149,88,428
140,1,102,119,362
66,62,146,16,290
109,150,103,66,428
15,60,8,122,205
130,104,43,44,321
136,27,132,11,306
32,45,131,112,320
71,35,87,35,228
122,41,113,139,415
106,104,64,89,363
103,100,134,106,443
114,41,22,47,224
2,85,20,69,176
49,130,30,85,294
5,47,123,2,177
91,131,120,132,474
93,91,1,148,333
66,20,135,78,299
110,132,35,52,329
73,16,147,117,353
38,92,138,2,270
21,78,99,70,268
114,130,119,62,425
29,84,62,115,290
14,2,122,94,232
2,104,24,140,270
120,71,33,33,257
7,1,140,128,276
142,130,50,115,437
78,100,110,23,311
120,105,18,31,274
26,71,102,64,263
94,93,109,95,391
136,95,127,35,393
115,53,54,149,371
132,148,30,112,422
31,12,75,27,145
45,24,135,63,267
33,138,49,64,284
17,32,50,80,179
138,65,104,93,400
87,8,6,143,244
127,69,149,15,360
65,145,6,91,307
1,102,78,35,216
148,58,30,80,316
40,116,138,95,389
140,32,14,83,269
143,137,90,76,446
74,50,94,124,342
39,12,65,117,233
140,40,73,57,310
145,89,36,30,300
127,96,142,101,466
143,18,136,90,387
67,39,57,104,267
64,116,131,24,335
48,122,105,7,282
54,145,126,34,359
56,78,36,67,237
108,127,139,106,480
111,99,105,123,438
14,107,127,36,284
13,137,56,106,312
140,74,57,70,341
91,83,71,89,334
100,132,52,116,400
29,24,82,99,234
13,128,14,77,232
89,14,63,106,272
126,117,76,85,404
128,63,91,10,292
1,103,140,107,351
79,93,118,131,421
110,26,51,18,205
10,104,32,58,204
149,120,77,71,417
130,23,132,132,417
53,85,20,36,194
110,134,82,36,362
134,113,144,63,454
107,80,83,19,289
30,117,104,28,279
120,84,81,144,429
127,51,29,109,316
97,148,97,20,362
27,107,67,63,264
85,42,143,23,293
78,14,6,123,221
109,61,119,2,291
107,21,140,100,368
103,52,34,23,212
2,34,144,140,320
32,111,26,139,308
47,70,67,64,248
60,65,129,145,399
77,108,98,124,407
150,8,44,45,247
148,131,58,147,484
121,39,126,85,371
106,26,103,138,373
66,142,38,92,338
51,52,57,133,293
63,52,136,94,345
2,81,61,96,240
143,39,45,106,333
150,90,145,53,438
22,68,90,94,274
55,80,47,128,310
50,118,109,29,306
92,26,115,82,315
42,59,132,97,330
3,125,25,143,296
62,88,27,118,295
99,71,127,127,424
52,114,65,147,378
48,8,82,120,258
86,9,95,65,255
57,1,13,34,105
113,4,112,11,240
137,137,37,26,337
94,31,44,146,315
99,15,90,150,354
101,129,141,62,433
11,38,47,12,108
11,120,62,106,299
114,130,28,75,347
118,71,17,29,235
57,36,136,68,297
106,34,120,115,375
51,141,8,8,208
90,144,111,109,454
67,111,43,91,312
15,65,60,144,284
12,133,117,129,391
83,119,84,134,420
93,145,47,141,426
21,57,102,83,263
79,149,27,58,313
94,105,9,72,280
112,65,71,13,261
17,99,28,2,146
110,93,100,78,381
33,134,56,145,368
100,35,95,46,276
130,101,135,118,484
94,117,129,23,363
41,15,68,68,192
112,99,32,91,334
71,23,21,89,204
76,103,1,51,231
79,25,93,63,260
28,67,141,12,248
110,134,112,49,405
32,139,112,39,322
43,66,128,124,361
122,134,49,3,308
42,65,9,69,185
129,55,74,121,379
28,77,146,55,306
133,112,139,72,456
14,11,98,61,184
37,26,112,31,206
19,94,102,131,346
61,12,51,108,232
127,47,8,122,304
36,37,100,60,233
124,32,119,103,378
48,95,39,71,253
62,15,144,67,288
43,15,113,27,198
120,98,89,94,401
143,93,111,4,351
67,70,61,90,288
113,139,89,121,462
52,63,27,104,246
39,8,56,51,154
75,44,28,14,161
21,39,22,116,198
45,13,118,85,261
140,44,97,104,385
44,91,7,131,273
127,28,110,25,290
98,63,132,133,426
103,49,21,20,193
79,127,9,137,352
48,115,119,68,350
54,15,5,115,189
116,38,89,89,332
142,91,41,47,321
33,55,126,109,323
145,71,47,70,333
47,103,18,127,295
110,130,32,62,334
112,133,78,1,324
49,128,127,28,332
37,74,73,68,252
81,1,113,101,296
17,146,101,24,288
89,143,46,141,419
28,45,26,121,220
82,92,7,59,240
139,50,119,140,448
61,20,143,140,364
15,12,25,135,187
148,121,36,27,332
120,1,16,99,236
90,32,4,108,234
107,113,63,139,422
135,116,137,9,397
27,130,67,50,274
76,105,30,74,285
6,76,147,12,241
146,2,62,50,260
118,97,125,72,412
148,70,122,29,369
39,120,9,95,263
38,133,98,65,334
40,72,93,98,303
110,69,3,14,196
98,121,35,113,367
84,103,93,53,333
17,84,97,11,209
35,120,81,89,325
35,136,55,146,372
56,107,57,118,338
56,117,64,105,342
69,103,101,147,420
125,73,58,131,387
11,121,100,82,314
146,46,31,2,225
67,149,25,90,331
145,106,4,144,399
58,105,75,133,371
130,134,33,33,330
89,126,24,128,367
58,133,75,55,321
98,136,109,4,347
62,93,17,141,313
44,47,49,31,171
63,79,38,42,222
34,76,55,127,292
115,97,81,10,303
37,13,12,30,92
103,136,47,7,293
21,100,140,86,347
131,69,130,4,334
31,3,6,113,153
109,64,81,47,301
108,150,69,83,410
127,138,139,18,422
15,46,78,21,160
91,10,76,101,278
77,107,31,24,239
38,120,97,81,336
25,10,71,111,217
135,46,120,16,317
42,59,132,74,307
9,62,78,62,211
90,83,108,64,345
19,121,75,130,345
34,48,115,57,254
64,25,79,68,236
39,70,79,49,237
126,144,60,114,444
41,60,150,78,329
137,71,110,21,339
88,84,130,149,451
112,14,118,38,282
43,147,41,128,359
76,8,30,124,238
121,109,81,11,322
13,72,81,34,200
80,93,71,48,292
61,50,98,18,227
38,28,31,115,212
58,95,69,106,328
51,8,104,96,259
96,70,13,141,320
126,115,7,13,261
35,41,62,123,261
126,52,115,89,382
96,134,145,55,430
39,14,105,63,221
6,73,79,55,213
81,122,133,96,432
22,3,27,62,114
107,123,131,64,425
27,8,47,89,171
36,15,121,5,177
2,134,132,14,282
72,87,105,56,320
1,150,111,148,410
61,66,73,61,261
51,95,54,101,301
65,8,75,55,203
10,103,87,110,310
62,60,122,119,363
43,86,76,17,222
26,147,54,29,256
57,4,22,5,88
31,20,120,125,296
68,8,61,128,265
146,126,35,13,320
98,81,18,42,239
134,131,32,118,415
150,98,108,90,446
42,138,88,44,312
92,67,4,119,282
103,79,59,91,332
138,94,21,107,360
147,133,132,62,474
33,20,148,37,238
19,78,69,100,266
79,7,118,28,232
58,3,68,43,172
71,108,141,35,355
24,8,145,88,265
96,17,145,82,340
58,8,119,80,265
58,33,93,83,267
97,114,98,108,417
37,122,70,139,368
54,147,113,107,421
103,127,34,79,343
9,90,41,115,255
121,44,134,116,415
2,59,136,135,332
112,43,136,116,407
73,11,77,106,267
80,108,148,61,397
83,101,125,135,444
52,144,102,119,417
139,24,137,21,321
95,116,140,121,472
85,29,124,74,312
127,67,81,14,289
20,77,86,34,217
85,70,27,73,255
18,113,146,4,281
113,136,71,118,438
9,94,106,94,303
74,78,146,83,381
25,48,60,121,254
95,118,96,27,336
57,116,45,84,302
77,93,21,17,208
83,146,58,39,326
30,106,29,91,256
17,96,30,143,286
56,135,22,92,305
120,112,70,2,304
98,97,76,21,292
88,69,123,144,424
65,135,5,114,319
52,40,26,64,182
10,2,5,111,128
19,7,137,48,211
50,26,105,34,215
128,51,7,141,327
59,147,128,11,345
81,95,143,73,392
42,59,29,94,224
149,26,67,83,325
96,81,62,137,376
114,70,32,108,324
51,103,15,147,316
14,25,87,106,232
142,127,37,130,436
55,110,102,90,357
47,83,55,33,218
130,99,98,45,372
136,73,143,58,410
89,66,94,134,383
79,149,133,26,387
12,23,139,135,309
41,5,141,1,188
142,139,44,80,405
62,132,4,70,268
115,93,77,43,328
91,2,29,92,214
115,147,39,115,416
63,38,75,80,256
19,117,147,115,398
93,139,65,24,321
52,65,18,42,177
78,111,140,58,387
49,104,18,92,263
59,11,141,33,244
51,83,144,19,297
83,88,131,97,399
37,139,101,114,391
113,130,65,25,333
50,89,66,45,250
75,52,116,52,295
22,50,38,113,223
21,87,9,9,126
133,97,75,19,324
125,61,142,31,359
48,25,99,31,203
51,117,126,38,332
106,36,82,135,359
130,94,36,28,288
54,34,25,145,258
111,21,51,80,263
150,25,47,7,229
49,126,73,7,255
39,55,94,137,325
40,19,108,127,294
86,87,43,56,272
124,145,14,23,306
80,106,65,37,288
60,83,109,23,275
69,112,72,76,329
91,101,37,111,340
41,16,7,98,162
13,110,81,126,330
92,117,44,12,265
71,103,87,119,380
72,72,42,32,218
66,26,115,139,346
143,136,81,54,414
140,14,36,58,248
48,85,108,113,354
83,66,116,138,403
20,126,58,145,349
83,83,79,87,332
33,92,49,97,271
27,102,105,58,292
134,100,47,32,313
49,32,127,86,294
36,134,112,23,305
39,50,30,15,134
124,78,73,13,288
44,13,18,37,112
136,119,127,43,425
17,124,114,107,362
37,124,19,13,193
7,82,34,22,145
50,69,145,126,390
12,87,35,12,146
133,121,141,45,440
140,39,128,26,333
103,63,144,118,428
32,63,71,139,305
13,37,99,81,230
56,9,131,75,271
37,109,52,88,286
141,42,126,6,315
103,10,87,111,311
49,143,128,84,404
130,6,56,82,274
103,133,26,114,376
85,96,148,60,389
62,18,142,79,301
30,30,12,26,98
67,37,109,96,309
109,61,27,93,290
121,132,22,66,341
149,68,29,16,262
78,147,18,123,366
13,41,64,38,156
37,22,7,45,111
17,60,25,16,118
21,72,9,145,247
140,105,126,48,419
46,92,122,140,400
58,2,93,6,159
30,13,30,81,154
125,32,10,88,255
76,108,148,75,407
120,76,79,76,351
45,120,130,40,335
25,15,24,30,94
64,50,19,134,267
75,112,17,86,290
18,33,47,141,239
45,92,1,28,166
143,133,69,142,487
8,119,135,140,402
4,122,29,3,158
121,145,31,12,309
101,56,109,127,393
124,121,74,89,408
143,27,131,17,318
1,12,116,14,143
102,58,50,15,225
14,20,107,73,214
74,44,93,122,333
121,77,124,125,447
94,55,72,72,293
32,112,89,18,251
48,121,85,40,294
22,5,26,23,76
148,131,12,149,440
67,61,110,77,315
61,67,48,106,282
83,45,139,11,278
119,88,129,100,436
111,93,38,35,277
42,9,53,2,106
59,76,71,61,267
53,67,67,17,204
38,5,64,111,218
15,95,13,102,225
33,20,112,105,270
66,131,70,14,281
117,95,139,12,363
54,67,107,3,231
50,1,50,141,242
47,12,84,32,175
92,53,2,109,256
18,31,26,147,222
10,9,21,92,132
39,141,53,20,253
37,131,63,79,310
38,10,42,84,174
55,35,76,149,315
126,31,120,64,341
12,69,123,50,254
81,120,142,133,476
106,54,147,7,314
147,12,130,89,378
49,55,29,129,262
85,83,119,99,386
68,55,24,39,186
140,101,140,76,457
76,58,93,9,236
47,25,103,127,302
67,48,108,39,262
119,6,119,65,309
149,147,115,125,536
6,113,22,33,174
114,1,110,116,341
29,109,134,137,409
71,24,68,26,189
88,103,69,89,349
131,11,148,9,299
3,60,140,16,219
63,127,20,89,299
123,52,29,105,309
136,117,14,37,304
30,69,63,38,200
1,105,143,129,378
85,110,94,46,335
67,136,140,121,464
33,2,107,97,239
59,52,93,42,246
87,139,26,147,399
74,101,61,49,285
90,2,147,110,349
53,68,26,5,152
97,141,141,93,472
39,26,120,61,246
80,101,39,40,260
30,4,112,2,148
122,37,11,14,184
147,104,7,121,379
39,68,69,46,222
23,74,84,56,237
6,6,59,111,182
8,32,129,34,203
77,101,127,25,330
45,126,137,80,388
48,93,129,108,378
52,52,87,37,228
120,74,127,123,444
80,115,9,50,254
83,90,47,55,275
103,123,32,80,338
112,10,35,75,232
100,36,112,123,371
82,34,94,108,318
117,99,63,55,334
86,85,83,28,282
6,31,70,3,110
51,77,112,32,272
123,42,140,78,383
31,114,55,40,240
128,29,2,111,270
76,50,65,82,273
40,57,6,119,222
121,136,34,74,365
136,117,44,116,413
28,25,22,55,130
150,76,51,31,308
5,84,63,90,242
104,47,36,58,245
17,52,74,146,289
55,52,26,41,174
79,94,148,86,407
150,8,73,116,347
93,18,142,47,300
28,37,75,12,152
26,118,28,53,225
21,62,44,61,188
52,134,40,73,299
120,84,93,4,301
41,42,127,13,223
138,99,85,70,392
35,49,97,140,321
119,42,56,46,263
46,81,13,49,189
114,1,60,129,304
15,126,133,24,298
45,64,7,133,249
49,118,38,91,296
53,91,94,118,356
115,26,99,80,320
142,74,51,78,345
41,21,120,30,212
4,87,65,97,253
33,34,130,32,229
26,99,64,27,216
73,140,121,101,435
12,123,33,23,191
9,58,72,68,207
18,135,120,65,338
17,125,122,17,281
63,72,28,146,309
92,28,35,25,180
53,127,117,26,323
30,110,27,57,224
33,48,119,37,237
121,126,89,104,440
7,38,12,96,153
99,42,39,77,257
92,91,80,60,323
16,116,98,109,339
67,101,127,35,330
36,8,61,26,131
101,92,53,15,261
132,35,56,112,335
67,145,50,76,338
124,10,4,69,207
89,35,126,132,382
12,75,20,70,177
59,21,125,79,284
65,4,57,35,161
126,65,43,62,296
50,85,74,93,302
12,142,49,102,305
125,94,143,27,389
148,73,21,66,308
42,93,14,24,173
59,60,143,39,301
88,33,149,79,349
37,18,130,19,204
95,147,133,101,476
6,7,121,118,252
48,29,149,59,285
82,101,119,67,369
92,80,70,47,289
105,138,51,133,427
71,80,87,137,375
74,74,101,125,374
121,6,58,25,210
67,96,9,58,230
53,84,27,115,279
102,147,45,68,362
5,103,75,143,326
83,89,14,75,261
56,133,58,145,392
135,147,133,119,534
51,101,150,143,445
32,35,146,49,262
29,3,85,105,222
101,127,60,146,434
148,19,54,59,280
144,76,19,9,248
101,88,121,60,370
24,30,116,38,208
96,89,116,120,421
52,57,91,9,209
115,19,91,104,329
27,141,43,1,212
136,2,101,14,253
52,122,14,33,221
62,20,36,26,144
140,16,150,66,372
114,71,55,28,268
86,135,7,84,312
31,96,46,90,263
15,121,83,106,325
18,91,7,120,236
139,76,144,133,492
6,69,46,74,195
70,35,3,4,112
92,112,15,132,351
97,71,85,85,338
33,95,85,116,329
140,52,111,111,414
23,59,57,115,254
115,108,94,92,409
35,81,142,120,378
140,5,80,108,333
137,62,129,85,413
94,27,71,58,250
24,36,142,14,216
74,29,125,145,373
102,30,7,122,261
144,25,32,83,284
30,90,124,87,331
37,40,80,41,198
123,83,142,35,383
125,32,20,25,202
74,131,109,47,361
9,62,80,147,298
129,145,76,141,491
3,121,91,86,301
145,75,134,138,492
86,130,52,77,345
18,65,88,9,180
65,50,28,110,253
37,135,42,129,343
80,142,32,4,258
21,68,23,9,121
28,75,59,42,204
135,52,67,61,315
103,19,146,32,300
150,60,108,44,362
35,16,116,64,231
57,147,40,23,267
95,150,97,15,357
2,94,98,84,278
85,119,51,61,316
1,65,97,2,165
84,47,42,34,207
19,122,112,23,276
59,43,121,24,247
65,23,93,76,257
3,117,75,100,295
124,71,2,116,313
34,32,141,104,311
4,73,56,111,244
138,120,38,55,351
144,64,77,22,307
47,61,36,28,172
39,107,125,144,415
44,51,137,79,311
120,28,114,95,357
3,113,87,40,243
21,116,43,13,193
18,69,138,15,240
133,13,37,3,186
18,75,116,43,252
1,48,37,100,186
133,2,50,117,302
20,29,101,143,293
123,132,104,50,409
28,90,95,86,299
13,49,68,26,156
94,25,9,133,261
24,32,34,32,122
5,90,79,81,255
51,126,65,3,245
24,13,33,96,166
48,17,61,31,157
110,37,128,16,291
75,26,82,20,203
118,103,21,120,362
15,110,17,64,206
115,42,114,150,421
17,40,97,104,258
6,133,112,24,275
34,92,29,19,174
50,81,148,61,340
110,95,37,4,246
133,112,40,40,325
121,73,146,62,402
19,92,8,100,219
62,119,88,64,333
121,150,48,67,386
89,3,7,55,154
87,57,52,23,219
127,128,34,131,420
85,104,121,130,440
82,108,119,8,317
145,48,18,103,314
104,76,117,75,372
90,25,16,34,165
131,3,97,25,256
128,126,20,105,379
9,6,64,61,140
72,102,99,141,414
17,51,97,10,175
127,134,56,75,392
99,141,118,148,506
30,138,97,5,270
49,78,87,29,243
98,99,55,124,376
113,124,75,141,453
54,57,99,14,224
89,142,67,134,432
88,94,3,27,212
48,22,30,27,127
128,58,120,71,377
33,70,95,134,332
84,89,73,88,334
26,89,31,138,284
66,124,29,133,352
130,9,123,73,335
102,86,134,6,328
133,48,139,92,412
22,98,144,70,334
96,9,58,88,251
13,43,150,129,335
89,70,127,72,358
98,129,119,42,388
28,126,34,53,241
132,44,12,105,293
1,75,124,138,338
80,60,29,22,191
122,126,60,108,416
54,96,129,69,348
139,133,62,91,425
122,2,128,11,263
69,3,24,57,153
16,10,115,35,176
21,22,86,109,238
65,142,105,86,398
8,130,64,85,287
81,105,92,8,286
144,65,134,27,370
82,6,117,1,206
22,55,120,103,300
125,29,90,81,325
131,44,8,106,289
99,48,132,139,418
42,127,112,141,422
7,130,110,15,262
133,134,106,2,375
15,42,53,34,144
138,3,134,29,304
100,29,50,48,227
133,82,103,60,378
62,81,8,64,215
35,51,35,25,146
56,49,67,117,289
4,27,31,106,168
17,2,130,146,295
30,53,51,114,248
54,60,54,97,265
135,65,51,82,333
122,133,52,1,308
118,58,88,136,400
10,71,140,91,312
141,32,22,124,319
17,148,31,97,293
126,46,90,140,402
107,111,131,35,384
26,117,99,67,309
30,127,86,133,376
130,76,101,14,321
44,75,140,2,261
90,17,71,13,191
141,55,93,37,326
52,65,7,31,155
29,2,43,39,113
94,101,30,19,244
89,93,50,7,239
21,103,139,142,405
37,142,83,41,303
61,137,89,43,330
3,15,35,141,194
98,6,46,24,174
92,32,146,36,306
39,54,132,137,362
98,96,7,55,256
38,72,142,138,390
7,135,49,94,285
133,58,13,36,240
27,47,66,28,168
76,81,77,91,325
39,118,22,66,245
35,68,34,10,147
26,57,42,108,233
75,98,24,42,239
128,16,113,94,351
67,13,66,24,170
62,70,84,20,236
45,78,133,68,324
79,5,61,48,193
89,46,62,40,237
11,21,130,89,251
15,97,9,29,150
27,9,15,31,82
62,107,54,8,231
117,1,15,96,229
126,60,60,49,295
8,102,124,47,281
48,134,113,29,324
12,83,46,92,233
131,91,148,31,401
21,95,140,119,375
100,36,107,109,352
66,63,124,62,315
84,91,98,23,296
106,39,112,95,352
30,51,31,149,261
101,7,101,34,243
139,108,129,32,408
23,148,32,21,224
37,6,32,128,203
104,53,15,146,318
96,41,41,41,219
135,69,147,73,424
58,101,89,7,255
1,35,18,96,150
93,2,12,75,182
48,120,77,136,381
71,67,69,86,293
9,105,108,99,321
141,136,22,49,348
135,83,120,120,458
28,11,123,120,282
88,28,87,142,345
75,12,33,118,238
90,12,49,93,244
88,29,59,41,217
91,29,1,28,149
96,148,92,98,434
55,77,117,44,293
43,35,144,94,316
41,17,21,100,179
83,59,119,104,365
91,50,114,131,386
128,135,110,73,446
18,142,135,76,371
83,43,120,96,342
93,4,142,102,341
4,61,93,44,202
47,52,114,149,362
109,62,36,8,215
10,86,148,61,305
148,59,96,130,433
11,123,53,72,259
148,3,52,122,325
59,4,57,147,267
142,35,68,80,325
96,117,52,12,277
94,101,94,118,407
85,127,55,84,351
84,108,33,100,325
84,135,124,19,362
48,140,39,82,309
14,51,146,27,238
127,140,66,68,401
62,60,50,127,299
138,83,46,82,349
55,86,89,136,366
140,17,13,93,263
99,68,54,58,279
8,107,69,6,190
72,98,103,129,402
11,22,99,26,158
100,83,96,77,356
147,51,50,131,379
73,23,10,92,198
81,14,118,49,262
145,64,72,119,400
89,17,86,65,257
128,29,85,30,272
124,70,69,86,349
18,116,114,59,307
142,109,117,147,515
12,21,115,48,196
92,128,19,122,361
30,110,27,58,225
55,133,50,65,303
113,133,108,46,400
84,104,51,101,340
69,97,40,103,309
146,15,117,10,288
124,109,101,126,460
71,84,48,107,310
87,53,120,32,292
109,62,38,58,267
3,15,96,3,117
17,26,40,46,129
4,1,31,57,93
100,90,3,31,224
51,42,48,102,243
66,30,19,74,189
18,55,86,108,267
89,95,90,102,376
4,66,79,2,151
28,147,103,109,387
7,34,137,25,203
111,103,65,17,296
41,23,69,94,227
35,140,110,33,318
68,69,59,39,235
74,97,123,12,306
88,142,8,121,359
112,3,37,11,163
119,137,107,128,491
8,1,50,54,113
128,39,45,25,237
139,97,3,81,320
41,119,69,136,365
87,111,146,37,381
72,61,149,47,329
87,90,46,73,296
109,44,33,67,253
39,66,118,103,326
89,66,53,143,351
43,30,45,137,255
28,2,22,105,157
55,135,59,143,392
138,120,70,65,393
147,105,104,80,436
3,13,133,65,214
51,125,82,12,270
99,105,15,47,266
59,65,106,84,314
121,124,126,136,507
128,107,49,8,292
12,136,17,125,290
86,100,40,131,357
60,25,116,59,260
143,137,83,124,487
98,28,86,46,258
39,62,139,114,354
49,95,48,19,211
109,52,52,99,312
137,76,85,18,316
147,131,54,30,362
82,4,45,76,207
15,43,20,74,152
47,149,7,83,286
13,48,13,70,144
10,74,11,106,201
21,135,6,61,223
11,81,120,70,282
85,11,65,116,277
61,96,95,36,288
82,40,90,30,242
121,92,26,10,249
29,48,115,52,244
150,105,112,122,489
149,4,93,71,317
101,102,23,112,338
81,68,88,143,380
4,9,49,46,108
3,132,143,27,305
96,138,111,52,397
129,95,20,73,317
89,91,20,63,263
5,112,143,43,303
121,136,115,113,485
71,24,96,146,337
114,2,67,30,213
22,139,9,92,262
5,50,86,93,234
143,50,58,133,384
96,128,10,35,269
119,59,145,50,373
77,121,105,61,364
119,100,105,49,373
43,72,17,81,213
108,24,26,53,211
114,123,6,63,306
58,1,61,107,227
56,71,14,119,260
77,79,9,113,278
107,85,149,20,361
13,148,130,13,304
108,25,137,107,377
66,2,98,59,225
24,28,50,111,213
68,92,140,138,438
39,5,17,18,79
148,40,123,11,322
110,86,146,127,469
124,109,16,45,294
108,42,113,94,357
104,87,35,72,298
56,71,77,43,247
89,76,123,150,438
2,20,56,123,201
32,12,23,75,142
23,78,147,46,294
69,138,110,125,442
66,142,42,135,385
29,133,40,56,258
119,143,106,28,396
67,10,95,127,299
109,104,101,75,389
97,53,124,141,415
56,121,107,40,324
69,113,37,30,249
37,75,17,99,228
104,15,140,65,324
122,61,105,132,420
61,85,59,1,206
57,136,61,133,387
30,86,82,103,301
121,74,138,52,385
55,52,123,72,302
135,87,112,60,394
50,144,94,73,361
5,90,56,113,264
126,58,145,125,454
91,63,21,35,210
105,85,41,33,264
36,142,13,58,249
30,75,49,84,238
119,38,32,110,299
124,140,72,128,464
67,120,42,49,278
130,145,92,56,423
76,128,40,14,258
46,12,29,71,158
38,59,107,11,215
25,129,102,91,347
59,122,139,16,336
138,59,114,42,353
7,8,46,28,89
115,16,57,66,254
87,80,81,87,335
51,74,107,23,255
76,116,116,126,434
7,120,50,128,305
137,77,77,8,299
60,78,16,42,196
149,120,38,60,367
112,38,34,37,221
86,129,138,6,359
113,83,61,96,353
90,38,133,100,361
124,40,6,143,313
37,106,44,75,262
113,12,72,30,227
79,124,12,46,261
39,64,72,123,298
44,102,133,96,375
67,89,142,87,385
59,66,73,149,347
127,57,62,90,336
142,114,32,105,393
4,2,125,54,185
102,80,123,149,454
105,134,132,16,387
1,100,109,86,296
71,32,96,114,313
138,130,107,15,390
34,112,144,134,424
129,133,25,139,426
58,94,134,28,314
99,138,51,15,303
32,129,49,22,232
1,46,65,115,227
21,93,36,90,240
122,145,10,61,338
113,19,2,43,177
9,12,147,30,198
40,42,124,128,334
94,139,17,11,261
67,31,84,21,203
137,119,49,68,373
68,99,45,8,220
14,17,12,83,126
132,22,56,83,293
143,37,103,74,357
47,114,108,123,392
125,134,59,11,329
42,13,124,3,182
16,91,85,74,266
83,81,87,13,264
100,126,81,139,446
54,21,150,89,314
115,29,16,100,260
25,63,18,131,237
20,130,3,35,188
104,112,135,101,452
132,65,137,50,384
21,104,106,25,256
68,5,32,88,193
91,8,107,149,355
128,147,79,102,456
32,29,61,141,263
22,82,146,26,276
54,69,140,144,407
22,54,27,70,173
56,106,65,105,332
40,87,66,83,276
64,121,96,95,376
41,31,73,57,202
139,78,72,118,407
10,59,29,14,112
56,46,93,68,263
99,107,53,81,340
29,58,29,63,179
48,79,64,144,335
134,23,136,88,381
126,49,143,90,408
78,80,87,55,300
75,102,66,16,259
25,2,14,91,132
92,149,68,45,354
141,38,11,57,247
76,89,28,65,258
105,13,41,125,284
19,78,91,124,312
8,146,22,30,206
35,47,11,97,190
129,107,80,96,412
32,53,14,146,245
48,93,80,130,351
76,112,25,98,311
107,4,64,76,251
119,19,38,57,233
129,21,105,38,293
36,82,70,21,209
142,115,123,52,432
134,68,14,34,250
64,144,82,137,427
101,2,47,31,181
48,111,63,140,362
116,3,46,141,306
43,46,71,94,254
16,82,102,55,255
101,40,1,103,245
90,40,23,55,208
48,19,1,54,122
115,117,79,20,331
42,84,34,116,276
139,17,135,32,323
29,12,120,106,267
79,64,146,138,427
86,37,147,46,316
45,108,61,73,287
53,57,77,89,276
65,16,6,23,110
86,105,46,112,349
54,1,143,40,238
4,22,106,17,149
76,7,117,18,218
134,91,23,142,390
118,11,87,73,289
141,67,115,101,424
135,11,80,136,362
18,49,118,43,228
8,18,105,54,185
49,123,62,146,380
28,62,32,19,141
64,16,48,113,241
142,49,112,22,325
5,70,146,19,240
131,63,113,89,396
91,43,42,25,201
30,59,78,63,230
27,95,106,94,322
81,133,74,127,415
47,105,56,45,253
12,59,126,33,230
48,3,7,23,81
69,28,73,124,294
113,108,59,144,424
93,99,51,97,340
20,81,31,129,261
7,9,118,111,245
41,102,114,15,272
2,65,48,132,247
26,76,61,94,257
73,84,47,133,337
114,97,76,132,419
104,108,29,90,331
46,65,13,116,240
71,21,65,106,263
143,38,15,37,233
117,98,148,70,433
90,125,63,28,306
32,34,82,89,237
129,54,84,100,367
22,29,17,129,197
14,88,52,74,228
11,98,33,13,155
25,106,122,103,356
86,34,65,45,230
95,49,50,105,299
39,94,14,48,195
73,65,22,106,266
131,82,96,44,353
49,139,18,106,312
28,129,133,34,324
99,69,24,54,246
7,103,69,143,322
35,53,150,64,302
147,26,85,120,378
95,143,142,116,496
123,114,44,133,414
39,107,115,101,362
131,19,55,102,307
136,123,60,73,392
3,85,82,114,284
121,96,38,60,315
79,50,145,17,291
131,87,4,48,270
107,15,64,23,209
21,97,5,28,151
5,17,66,110,198
58,80,42,71,251
122,134,37,99,392
5,49,6,122,182
116,35,25,12,188
148,48,60,35,291
65,4,79,81,229
114,3,137,57,311
40,114,60,61,275
62,55,145,2,264
73,48,37,116,274
4,15,11,45,75
111,139,148,72,470
94,101,93,43,331
67,65,72,58,262
33,81,49,107,270
133,96,150,65,444
74,33,15,139,261
17,11,38,95,161
96,109,70,28,303
47,135,120,24,326
109,57,92,57,315
50,98,115,147,410
83,110,65,22,280
112,61,133,124,430
40,75,137,35,287
93,83,87,17,280
6,118,33,55,212
147,8,92,132,379
108,67,142,59,376
123,105,123,3,354
97,51,97,72,317
57,133,22,9,221
26,121,129,85,361
111,73,65,134,383
130,100,39,2,271
128,36,96,59,319
102,102,123,118,445
91,9,149,59,308
121,104,82,45,352
127,127,35,89,378
46,79,127,122,374
134,29,37,35,235
119,113,99,62,393
95,148,125,17,385
112,93,107,86,398
123,63,145,119,450
133,90,68,43,334
36,43,92,63,234
120,34,18,149,321
2,38,109,13,162
42,147,38,71,298
128,112,43,133,416
141,32,10,98,281
138,110,90,30,368
39,8,5,5,57
69,131,23,95,318
125,64,119,18,326
103,52,103,103,361
11,48,14,46,119
30,126,117,127,400
110,30,81,51,272
105,106,15,19,245
60,85,87,96,328
11,79,115,139,344
18,33,85,41,177
2,9,96,135,242
117,49,77,59,302
138,5,147,93,383
18,81,127,127,353
48,71,66,27,212
93,114,147,6,360
132,54,100,30,316
85,27,134,92,338
66,104,33,126,329
57,112,54,134,357
39,54,112,107,312
128,139,23,66,356
10,74,110,131,325
39,47,32,57,175
112,115,61,19,307
65,135,149,88,437
135,144,34,39,352
36,92,85,69,282
150,20,46,104,320
125,129,53,100,407
134,128,12,35,309
66,55,140,131,392
74,62,9,16,161
85,52,99,80,316
13,45,6,51,115
146,133,135,84,498
34,99,129,137,399
64,131,60,28,283
81,99,72,88,340
105,75,139,133,452
150,127,92,23,392
54,15,120,116,305
134,134,97,34,399
39,115,27,132,313
62,72,11,119,264
41,126,125,128,420
87,86,68,75,316
119,24,131,111,385
59,7,38,92,196
49,59,32,117,257
37,148,73,90,348
133,60,15,105,313
72,58,148,95,373
26,10,26,93,155
137,90,7,101,335
66,119,85,120,390
32,142,136,113,423
88,38,91,143,360
40,80,56,87,263
72,19,58,2,151
130,49,124,109,412
124,78,125,10,337
130,132,77,54,393
13,30,51,7,101
31,71,16,110,228
137,80,131,38,386
87,51,90,26,254
34,64,33,57,188
13,138,65,135,351
89,108,149,134,480
35,12,123,25,195
126,129,30,104,389
65,37,150,37,289
19,67,107,26,219
48,75,148,98,369
34,62,117,6,219
80,16,45,140,281
122,76,15,41,254
105,42,119,75,341
53,67,42,22,184
107,61,118,13,299
83,71,80,104,338
70,117,86,46,319
7,4,118,12,141
17,62,77,35,191
116,11,4,37,168
41,108,96,128,373
80,63,98,85,326
135,126,143,66,470
115,35,3,107,260
14,7,61,141,223
23,26,135,111,295
124,59,73,92,348
105,121,14,136,376
30,141,141,96,408
99,107,26,105,337
58,34,25,100,217
102,133,58,93,386
31,34,72,17,154
126,5,73,63,267
146,118,42,70,376
8,10,30,71,119
62,60,130,10,262
77,133,117,140,467
37,98,135,16,286
9,97,120,47,273
41,103,45,115,304
9,120,127,137,393
99,116,78,60,353
109,108,147,44,408
126,19,141,9,295
114,72,87,79,352
132,30,50,117,329
98,64,4,6,172
113,119,133,54,419
1,22,123,148,294
96,53,23,66,238
36,25,40,117,218
28,35,61,92,216
28,3,79,78,188
84,73,46,58,261
49,103,65,117,334
65,116,81,140,402
87,58,16,85,246
148,88,127,135,498
122,144,136,87,489
55,123,31,79,288
121,37,30,37,225
119,83,28,149,379
84,28,106,29,247
96,90,22,114,322
140,4,15,40,199
72,137,65,93,367
111,52,108,112,383
5,82,98,145,330
72,97,120,8,297
100,113,59,108,380
24,59,86,33,202
48,129,98,79,354
94,73,64,84,315
33,28,144,101,306
114,145,77,3,339
39,38,65,88,230
145,95,28,141,409
120,25,89,69,303
90,139,14,15,258
27,103,27,56,213
95,88,123,65,371
51,138,140,122,451
103,47,111,32,293
77,145,74,49,345
65,128,44,125,362
9,90,97,9,205
106,33,38,63,240
123,131,120,142,516
47,127,139,15,328
4,124,19,5,152
49,120,19,72,260
13,59,150,87,309
34,9,109,39,191
36,35,119,48,238
133,70,13,134,350
71,86,123,129,409
11,118,80,68,277
42,122,106,124,394
14,95,26,16,151
100,122,144,28,394
98,35,118,95,346
10,91,135,149,385
75,48,6,51,180
50,27,50,129,256
79,83,101,61,324
31,91,111,129,362
15,67,38,105,225
29,50,3,54,136
32,13,123,22,190
123,143,53,129,448
19,138,68,23,248
125,114,56,117,412
150,134,57,75,416
132,100,14,93,339
112,107,2,52,273
41,87,137,100,365
86,144,116,17,363
108,43,146,69,366
148,113,86,81,428
26,91,2,71,190
54,134,34,107,329
51,139,73,108,371
98,127,58,132,415
71,67,82,104,324
95,28,104,28,255
4,135,37,137,313
132,28,68,72,300
82,35,71,75,263
85,30,145,41,301
37,11,87,108,243
128,18,127,37,310
150,3,115,94,362
42,148,123,124,437
30,140,139,104,413
43,144,110,92,389
3,146,94,120,363
55,119,49,45,268
89,124,33,132,378
108,127,75,44,354
46,46,23,8,123
97,80,41,12,230
56,63,81,112,312
7,52,104,38,201
24,64,5,106,199
150,83,125,58,416
128,54,7,144,333
1,2,75,61,139
83,57,101,141,382
62,145,18,58,283
67,109,45,23,244
54,45,78,79,256
32,35,91,16,174
14,108,10,8,140
132,31,82,30,275
100,17,59,131,307
43,63,102,29,237
104,122,64,124,414
137,114,13,88,352
93,134,6,146,379
23,148,62,53,286
16,114,43,15,188
148,128,81,115,472
36,146,46,18,246
52,48,109,57,266
123,136,70,27,356
150,57,114,119,440
91,148,63,88,390
38,75,62,11,186
134,72,94,26,326
23,54,79,29,185
139,6,20,113,278
105,50,37,140,332
26,144,100,4,274
13,99,87,101,300
33,55,69,133,290
7,88,92,2,189
111,29,46,74,260
49,71,121,44,285
34,70,150,81,335
72,140,141,123,476
26,110,28,85,249
118,134,149,17,418
103,28,21,129,281
27,143,78,118,366
121,30,73,101,325
101,34,78,111,324
1,45,18,57,121
36,133,127,23,319
72,91,35,26,224
131,28,100,18,277
125,141,36,18,320
111,13,45,75,244
29,129,123,8,289
149,79,148,110,486
2,79,148,23,252
66,80,124,104,374
122,2,31,147,302
76,129,8,105,318
118,97,65,89,369
146,109,118,106,479
58,150,3,139,350
4,123,124,10,261
74,96,42,57,269
150,137,111,30,428
59,53,93,40,245
29,56,102,126,313
49,31,114,134,328
98,7,12,26,143
87,28,116,6,237
6,147,55,112,320
99,149,84,128,460
128,131,100,19,378
18,113,25,99,255
119,75,129,25,348
100,88,133,71,392
127,12,17,28,184
100,97,91,131,419
88,141,117,114,460
65,124,60,109,358
77,98,38,134,347
79,140,52,141,412
29,43,136,55,263
141,13,2,142,298
16,7,14,41,78
79,31,129,103,342
96,112,116,80,404
67,7,62,66,202
108,1,87,75,271
117,67,44,104,332
115,132,13,10,270
139,60,55,144,398
32,52,128,56,268
83,36,79,95,293
22,62,75,64,223
78,121,97,69,365
11,6,143,56,216
88,78,73,149,388
1,108,113,57,279
90,91,101,145,427
136,127,77,101,441
139,124,64,101,428
67,94,102,24,287
96,92,34,102,324
52,47,84,25,208
11,109,77,45,242
124,39,95,135,393
105,1,108,105,319
40,26,72,144,282
139,116,65,12,332
20,34,42,74,170
100,79,133,62,374
9,141,60,79,289
2,114,70,119,305
119,133,21,65,338
88,69,70,91,318
24,114,44,53,235
111,140,47,115,413
4,105,136,9,254
142,50,104,21,317
76,7,72,7,162
150,61,7,150,368
8,23,78,64,173
5,118,110,35,268
68,57,93,79,297
14,105,31,46,196
23,69,63,37,192
149,123,106,93,471
78,131,101,148,458
81,12,113,82,288
78,68,125,147,418
12,60,93,102,267
16,38,9,8,71
144,134,20,100,398
78,145,24,63,310
112,2,75,28,217
32,56,149,19,256
73,85,79,113,350
145,17,42,1,205
56,10,23,36,125
66,114,64,12,256
116,74,148,19,357
115,34,16,66,231
17,122,26,150,315
26,33,43,16,118
59,106,14,138,317
92,100,132,32,356
24,149,147,136,456
79,15,141,94,329
116,137,54,47,354
25,61,43,95,224
125,40,26,56,247
1,4,148,25,178
80,6,40,87,213
31,43,60,16,150
34,150,27,93,304
65,49,104,73,291
148,97,1,69,315
135,129,16,94,374
68,37,75,104,284
35,94,81,45,255
114,19,119,17,269
11,52,2,60,125
2,39,102,70,213
94,58,125,26,303
28,75,85,141,329
70,102,95,13,280
37,75,30,16,158
140,4,39,136,319
126,9,32,66,233
35,78,150,96,359
65,92,94,88,339
90,3,148,46,287
131,61,35,4,231
3,1,142,129,275
133,45,68,26,272
6,88,2,51,147
135,79,10,136,360
15,24,28,141,208
35,55,26,124,240
15,114,132,107,368
127,142,82,51,402
129,66,147,85,427
108,10,82,16,216
122,70,98,138,428
31,12,28,140,211
56,29,37,15,137
139,88,48,149,424
69,60,143,50,322
102,35,64,80,281
148,9,118,48,323
124,19,150,52,345
95,130,53,129,407
65,21,67,45,198
143,137,119,46,445
14,150,84,10,258
105,43,66,91,305
12,48,94,61,215
145,145,107,82,479
89,137,109,82,417
111,94,72,28,305
118,129,111,11,369
147,50,122,111,430
62,72,24,78,236
127,73,39,73,312
139,47,61,63,310
55,107,54,81,297
46,34,126,101,307
113,73,106,2,294
21,43,81,46,191
43,21,123,83,270
21,74,143,141,379
122,136,10,127,395
30,141,73,58,302
40,72,46,79,237
35,23,146,100,304
146,101,144,51,442
146,132,45,122,445
134,139,79,2,354
12,64,3,19,98
119,53,140,132,444
48,6,139,20,213
27,24,42,1,94
108,61,150,19,338
1,81,145,101,328
16,15,22,82,135
60,139,27,21,247
67,104,87,83,341
75,5,117,91,288
135,98,48,128,409
24,18,11,66,119
96,22,43,148,309
129,67,57,115,368
56,76,134,81,347
121,136,100,62,419
29,91,33,74,227
35,17,85,73,210
143,4,75,15,237
40,61,103,80,284
42,112,100,104,358
104,99,47,22,272
69,78,57,4,208
83,41,41,135,300
32,89,122,13,256
88,39,1,27,155
124,75,78,77,354
115,117,111,34,377
116,9,102,77,304
96,85,33,74,288
3,46,140,143,332
121,74,52,89,336
122,24,45,35,226
78,58,39,83,258
42,84,9,11,146
101,32,115,44,292
27,58,64,52,201
58,129,122,68,377
23,138,6,79,246
127,95,114,17,353
11,145,62,73,291
90,148,74,88,400
141,55,139,110,445
147,62,92,128,429
2,9,96,59,166
99,135,150,32,416
15,95,65,142,317
143,20,135,138,436
36,29,7,12,84
48,75,105,120,348
68,109,45,23,245
5,52,134,72,263
117,83,117,45,362
18,112,133,133,396
17,75,68,39,199
15,114,124,150,403
116,72,17,59,264
3,94,139,103,339
100,106,17,108,331
58,28,56,116,258
86,71,37,145,339
149,133,93,131,506
132,135,98,49,414
128,30,139,27,324
44,132,29,150,355
19,46,49,79,193
97,18,6,52,173
28,145,120,13,306
101,5,113,55,274
84,145,97,46,372
71,34,53,99,257
104,2,91,32,229
127,90,111,78,406
119,106,127,13,365
7,115,107,105,334
148,18,121,3,290
142,100,150,11,403
136,50,73,62,321
63,108,48,99,318
26,132,73,81,312
113,13,149,123,398
135,115,119,100,469
48,20,119,9,196
81,145,112,94,432
19,7,139,113,278
21,133,104,4,262
41,125,74,122,362
107,26,144,93,370
79,106,9,15,209
136,83,116,23,358
140,87,18,37,282
97,109,50,41,297
117,36,22,118,293
139,34,126,17,316
54,147,104,82,387
104,69,64,104,341
148,123,55,34,360
149,110,14,16,289
68,124,58,15,265
71,5,23,11,110
67,89,19,21,196
30,145,83,16,274
139,19,82,7,247
15,6,91,124,236
149,87,74,145,455
32,18,123,43,216
4,1,11,17,33
81,28,99,89,297
10,133,7,67,217
34,117,31,141,323
19,115,9,59,202
85,70,106,100,361
96,22,44,115,277
30,33,103,149,315
110,27,96,87,320
11,120,79,116,326
69,80,74,75,298
30,32,136,89,287
99,134,57,33,323
130,119,138,116,503
71,120,52,31,274
27,127,143,73,370
119,88,124,34,365
75,84,71,23,253
74,74,87,68,303
89,108,11,134,342
78,126,21,146,371
56,21,47,35,159
38,40,68,121,267
11,100,50,44,205
93,70,87,47,297
100,60,57,111,328
34,64,12,147,257
8,15,61,130,214
36,90,140,126,392
112,74,128,22,336
26,91,37,77,231
44,89,22,111,266
41,104,31,106,282
38,29,58,94,219
93,147,58,114,412
43,136,55,77,311
103,27,89,133,352
96,106,74,78,354
132,51,76,66,325
5,14,72,29,120
104,50,81,68,303
8,18,96,80,202
86,59,26,89,260
100,116,27,33,276
148,63,102,24,337
83,136,10,23,252
141,7,118,145,411
19,129,16,38,202
76,120,58,90,344
53,41,15,108,217
37,26,93,49,205
63,10,25,77,175
77,46,82,104,309
13,100,125,127,365
17,104,133,71,325
122,44,129,109,404
85,132,53,126,396
13,32,85,18,148
136,14,97,28,275
100,147,11,138,396
94,35,130,130,389
1,77,1,46,125
7,31,83,107,228
75,33,143,1,252
13,128,116,123,380
129,43,99,44,315
130,23,77,53,283
19,79,14,93,205
147,104,22,119,392
93,80,65,128,366
58,9,75,84,226
65,141,29,24,259
58,69,57,28,212
70,100,48,97,315
52,66,23,133,274
24,7,28,124,183
55,7,85,81,228
3,28,28,89,148
9,69,47,118,243
69,119,113,77,378
139,88,46,22,295
74,94,47,19,234
87,97,68,33,285
64,88,149,103,404
150,57,14,65,286
21,27,23,32,103
99,36,76,5,216
102,14,67,67,250
40,134,78,35,287
89,145,116,116,466
74,121,14,95,304
140,103,135,52,430
111,92,76,77,356
53,13,82,13,161
51,3,115,1,170
96,137,124,56,413
144,130,12,16,302
57,97,78,9,241
139,40,146,132,457
124,122,52,60,358
17,78,43,65,203
47,53,54,90,244
145,67,100,116,428
24,27,25,123,199
61,89,148,75,373
70,7,130,73,280
129,42,91,21,283
19,138,35,107,299
22,22,10,72,126
4,10,63,116,193
122,50,5,121,298
24,54,60,108,246
43,145,146,147,481
93,74,12,24,203
84,5,148,49,286
72,7,53,146,278
76,81,120,104,381
110,145,109,121,485
32,134,119,86,371
72,75,45,27,219
128,138,8,43,317
68,52,30,55,205
150,132,138,51,471
108,9,39,92,248
91,99,136,131,457
94,40,113,126,373
36,82,107,145,370
6,46,148,104,304
19,32,144,141,336
102,63,143,131,439
67,40,57,91,255
132,54,86,16,288
63,135,16,35,249
19,15,55,51,140
89,78,113,6,286
50,118,79,40,287
77,134,74,139,424
50,52,73,127,302
110,61,93,95,359
96,88,17,49,250
131,135,62,129,457
61,48,6,33,148
51,37,85,50,223
11,41,14,52,118
96,30,57,139,322
48,81,74,9,212
38,140,53,52,283
110,98,85,110,403
103,143,88,81,415
25,42,141,59,267
101,13,147,28,289
148,2,140,140,430
28,64,128,22,242
148,45,109,140,442
31,110,50,63,254
51,54,127,145,377
115,67,56,22,260
33,91,45,90,259
97,34,60,45,236
107,146,129,16,398
71,26,43,119,259
46,132,111,17,306
35,150,89,127,401
108,48,65,26,247
47,127,111,35,320
131,13,111,121,376
97,7,74,3,181
16,73,88,90,267
31,82,18,128,259
107,17,41,5,170
106,28,33,114,281
47,104,130,103,384
21,47,114,47,229
10,64,59,107,240
16,59,110,136,321
139,23,68,82,312
6,120,14,11,151
55,121,76,87,339
114,1,86,86,287
115,52,17,121,305
19,79,5,68,171
40,9,109,103,261
9,110,40,129,288
97,81,90,111,379
147,96,135,55,433
96,113,118,25,352
28,49,105,92,274
65,53,13,100,231
29,38,121,56,244
34,138,70,112,354
116,67,142,130,455
86,90,89,14,279
55,9,16,59,139
40,44,108,108,300
36,4,60,82,182
149,117,138,88,492
147,95,106,75,423
115,106,62,83,366
53,104,140,150,447
43,45,72,63,223
145,11,40,25,221
85,131,46,127,389
89,70,56,108,323
54,92,49,89,284
75,138,105,117,435
125,135,147,73,480
42,121,102,88,353
49,143,43,88,323
125,3,36,23,187
35,94,88,50,267
3,143,69,26,241
61,136,72,110,379
71,102,116,1,290
108,141,150,42,441
71,20,32,86,209
56,101,38,107,302
50,82,130,28,290
83,116,21,129,349
127,96,93,21,337
94,149,65,104,412
10,66,41,17,134
135,46,101,96,378
10,5,119,43,177
33,127,127,88,375
34,134,126,82,376
108,35,142,28,313
134,113,135,101,483
25,119,144,33,321
103,130,8,105,346
85,135,5,99,324
92,28,95,39,254
131,72,110,93,406
76,13,59,27,175
41,53,91,90,275
53,125,11,23,212
49,106,46,52,253
77,29,122,10,238
80,110,107,142,439
83,146,101,101,431
29,150,81,65,325
80,92,110,116,398
32,150,103,82,367
77,92,101,38,308
52,43,33,121,249
149,150,135,69,503
45,22,112,10,189
68,36,100,142,346
4,37,70,48,159
100,134,30,88,352
133,73,58,136,400
133,102,23,27,285
26,97,129,73,325
18,65,12,36,131
46,78,147,101,372
11,100,69,69,249
10,70,18,30,128
41,34,55,85,215
141,54,68,45,308
142,65,39,132,378
52,20,41,73,186
80,95,138,126,439
60,72,132,11,275
13,11,6,1,31
61,28,60,55,204
149,29,67,72,317
94,105,61,141,401
20,127,102,139,388
120,57,97,16,290
16,48,95,64,223
142,53,69,49,313
14,83,131,81,309
64,70,10,110,254
17,18,142,19,196
139,31,30,140,340
50,74,26,8,158
132,147,41,87,407
5,112,11,4,132
41,91,120,90,342
124,65,116,131,436
82,30,123,12,247
104,119,131,35,389
101,70,121,36,328
68,83,59,19,229
74,57,10,25,166
142,14,96,149,401
17,27,134,113,291
129,53,82,8,272
71,147,22,145,385
95,123,57,44,319
17,56,70,14,157
149,50,46,129,374
121,103,57,25,306
25,1,71,147,244
146,16,141,30,333
61,41,144,89,335
127,65,127,97,416
41,97,106,120,364
63,37,86,113,299
2,124,35,1,162
126,88,43,125,382
17,14,52,128,211
136,64,69,125,394
81,148,85,88,402
50,36,33,78,197
6,115,110,125,356
86,9,7,94,196
59,124,85,118,386
83,77,11,36,207
122,110,109,76,417
17,91,56,90,254
146,28,54,35,263
102,6,71,34,213
70,97,93,13,273
104,38,25,2,169
148,4,42,78,272
122,89,42,6,259
24,132,120,142,418
135,20,81,37,273
6,130,145,67,348
27,69,121,142,359
75,13,56,76,220
135,117,131,21,404
107,146,142,55,450
1,5,116,57,179
95,149,38,78,360
18,145,104,86,353
109,39,136,98,382
29,101,119,16,265
4,59,117,52,232
103,33,148,73,357
94,69,138,21,322
39,25,28,75,167
141,132,89,88,450
134,133,9,38,314
133,62,72,77,344
44,83,34,49,210
108,6,105,124,343
62,139,44,111,356
107,24,100,126,357
147,149,141,123,560
23,8,83,126,240
54,89,37,49,229
32,105,12,14,163
44,141,44,45,274
102,78,142,41,363
34,12,134,104,284
21,37,79,11,148
104,87,20,109,320
111,82,15,63,271
107,64,77,16,264
114,83,116,124,437
10,124,103,131,368
102,53,40,67,262
75,13,105,5,198
84,125,126,25,360
87,33,145,50,315
128,87,127,30,372
141,146,149,7,443
72,128,83,78,361
140,29,30,126,325
122,94,31,74,321
68,1,50,38,157
44,14,48,26,132
85,34,32,108,259
82,142,124,133,481
97,93,23,34,247
76,52,65,25,218
69,87,26,50,232
134,66,86,59,345
81,11,4,147,243
95,15,89,131,330
121,138,93,51,403
122,31,69,75,297
48,60,91,51,250
27,135,38,127,327
8,32,14,96,150
145,79,100,69,393
53,110,24,49,236
138,59,32,119,348
143,68,107,93,411
107,133,63,70,373
57,80,92,115,344
90,148,37,113,388
88,17,57,77,239
139,65,111,2,317
52,23,9,116,200
126,23,89,3,241
116,94,123,98,431
24,48,48,74,194
8,148,82,29,267
88,13,17,4,122
136,60,100,128,424
3,143,79,17,242
88,147,15,10,260
16,38,47,142,243
125,49,79,122,375
132,79,20,27,258
133,109,146,43,431
124,76,104,31,335
143,91,124,115,473
19,2,110,138,269
131,18,142,90,381
129,40,88,36,293
46,22,102,2,172
22,20,82,21,145
75,7,86,90,258
116,144,36,60,356
107,33,115,143,398
64,25,62,10,161
94,13,4,57,168
17,25,102,110,254
127,41,7,42,217
44,150,29,97,320
29,5,75,23,132
61,53,130,82,326
135,3,10,23,171
60,41,140,31,272
72,71,139,74,356
116,135,107,117,475
114,79,16,114,323
4,14,71,113,202
47,81,63,141,332
21,133,36,9,199
137,99,1,89,326
87,74,73,102,336
38,36,26,122,222
17,15,96,50,178
24,16,62,22,124
20,37,120,81,258
13,125,3,108,249
46,63,96,76,281
102,26,21,28,177
119,48,150,96,413
96,73,56,38,263
59,80,27,33,199
2,144,90,136,372
19,6,139,25,189
53,136,67,98,354
19,48,8,65,140
128,109,28,30,295
74,53,114,104,345
54,27,150,138,369
103,70,130,128,431
126,49,65,90,330
48,43,69,31,191
5,37,8,119,169
111,127,84,15,337
55,148,3,7,213
37,72,61,60,230
86,36,27,25,174
73,91,71,88,323
84,97,84,79,344
48,72,140,7,267
133,11,135,59,338
149,11,30,75,265
113,36,1,95,245
98,142,128,100,468
59,80,24,51,214
84,87,89,137,397
115,82,100,69,366
16,149,89,45,299
68,110,115,74,367
94,36,14,21,165
132,130,69,20,351
59,25,140,19,243
91,18,51,109,269
107,77,118,130,432
79,82,134,119,414
4,7,18,118,147
98,14,117,65,294
142,67,150,99,458
55,149,119,31,354
108,118,103,14,343
103,50,4,64,221
112,112,132,53,409
76,54,107,144,381
133,147,126,137,543
77,78,140,82,377
126,11,118,123,378
135,149,118,39,441
139,135,99,25,398
4,35,42,63,144
100,14,13,83,210
29,28,109,115,281
92,52,77,90,311
23,54,89,47,213
24,5,119,81,229
99,120,74,136,429
56,17,19,42,134
101,103,91,116,411
116,14,76,112,318
41,100,66,134,341
142,68,64,143,417
101,43,144,105,393
50,24,84,34,192
46,39,85,13,183
84,52,84,21,241
107,130,66,49,352
117,114,148,76,455
94,80,81,150,405
95,6,127,134,362
140,131,3,137,411
8,94,6,85,193
93,85,58,35,271
54,110,134,143,441
140,6,78,21,245
76,7,43,90,216
113,6,24,122,265
52,126,57,51,286
88,28,11,143,270
39,139,57,95,330
46,47,10,8,111
63,143,139,83,428
136,29,1,77,243
114,54,34,133,335
113,136,97,86,432
90,106,37,88,321
23,77,123,118,341
73,126,103,110,412
150,112,82,51,395
75,38,73,126,312
40,72,98,83,293
44,52,120,141,357
149,87,105,150,491
112,74,133,73,392
74,85,39,137,335
27,55,136,36,254
59,18,64,102,243
91,28,114,93,326
67,94,114,25,300
130,72,38,26,266
45,88,31,105,269
64,19,14,8,105
25,140,14,27,206
77,15,127,53,272
31,54,149,113,347
30,143,136,102,411
97,21,32,131,281
51,55,113,27,246
105,19,78,61,263
84,61,42,12,199
141,3,105,106,355
124,72,123,93,412
35,15,127,92,269
2,136,128,13,279
33,84,22,130,269
41,38,77,51,207
46,127,35,122,330
92,78,53,16,239
16,21,93,35,165
70,61,23,113,267
29,88,97,81,295
35,131,115,7,288
143,11,22,87,263
130,51,122,99,402
101,4,36,116,257
73,37,129,124,363
149,18,70,101,338
91,48,114,55,308
13,17,66,82,178
66,29,107,25,227
46,59,21,132,258
66,140,125,6,337
146,31,63,106,346
94,134,123,101,452
109,36,148,101,394
124,13,26,75,238
88,7,111,62,268
67,88,93,69,317
6,112,86,49,253
102,138,150,108,498
119,145,86,1,351
149,113,36,140,438
108,109,64,7,288
51,17,68,15,151
67,125,57,13,262
36,12,55,120,223
85,77,106,27,295
50,100,108,65,323
88,19,100,84,291
48,103,32,128,311
62,13,55,100,230
104,63,32,94,293
70,1,119,50,240
17,125,93,75,310
125,57,111,66,359
68,79,19,124,290
136,139,138,27,440
107,106,42,113,368
85,77,99,110,371
65,49,16,78,208
97,25,8,47,177
116,51,96,126,389
5,90,132,48,275
74,17,18,128,237
119,94,60,124,397
62,46,92,101,301
38,113,77,68,296
130,121,149,89,489
110,12,86,26,234
3,60,43,56,162
78,102,115,30,325
138,24,106,136,404
64,127,93,54,338
109,141,6,148,404
15,124,25,146,310
58,24,85,62,229
85,43,91,22,241
42,69,11,67,189
116,29,141,29,315
3,106,128,142,379
24,27,129,129,309
34,79,143,56,312
128,13,22,4,167
55,8,6,121,190
83,87,89,125,384
114,47,82,146,389
99,122,48,50,319
74,72,76,44,266
101,28,20,116,265
82,114,145,105,446
104,76,31,110,321
94,18,71,104,287
101,48,76,45,270
27,6,113,42,188
21,147,113,45,326
94,28,64,80,266
105,69,43,47,264
6,11,98,17,132
143,97,11,128,379
45,103,72,124,344
64,43,26,34,167
99,48,101,67,315
86,145,62,23,316
89,58,62,82,291
55,110,73,10,248
81,81,98,99,359
103,45,43,89,280
107,39,81,135,362
36,37,149,59,281
112,97,23,44,276
130,12,11,59,212
109,101,122,13,345
122,18,75,103,318
65,118,16,102,301
86,18,120,32,256
112,1,140,1,254
93,130,140,51,414
52,6,5,105,168
147,114,54,76,391
56,84,64,91,295
29,145,142,114,430
92,6,114,83,295
92,43,119,70,324
86,83,34,138,341
37,148,71,103,359
82,39,105,102,328
93,143,59,57,352
65,132,17,101,315
55,52,82,1,190
142,36,13,60,251
33,92,19,66,210
123,20,49,19,211
125,27,23,67,242
16,133,43,70,262
141,28,81,90,340
49,108,95,123,375
144,101,106,133,484
79,22,46,147,294
4,146,142,114,406
43,87,129,74,333
21,148,67,1,237
10,13,105,119,247
29,147,47,73,296
7,5,81,110,203
99,46,92,86,323
66,129,112,73,380
147,134,44,107,432
125,37,96,137,395
119,114,145,9,387
6,117,62,101,286
105,40,79,103,327
52,91,42,73,258
84,98,37,48,267
93,13,144,53,303
105,39,145,98,387
87,60,109,88,344
139,54,98,122,413
120,30,28,41,219
85,141,64,145,435
78,109,58,100,345
40,43,97,65,245
112,138,54,15,319
81,150,113,36,380
78,145,40,26,289
53,134,123,76,386
99,115,37,59,310
94,71,71,117,353
31,100,67,52,250
1,30,5,129,165
26,75,5,60,166
61,60,108,27,256
29,40,1,56,126
72,47,4,59,182
54,68,50,59,231
32,39,32,89,192
131,101,111,137,480
134,92,14,110,350
115,109,120,27,371
57,145,115,35,352
42,79,25,107,253
4,40,85,40,169
15,147,116,134,412
70,4,74,7,155
28,125,41,117,311
35,40,132,143,350
40,32,97,25,194
62,10,6,110,188
112,7,118,108,345
86,73,47,54,260
127,109,135,103,474
27,128,5,122,282
27,73,150,100,350
71,38,55,148,312
133,31,75,150,389
44,30,132,33,239
95,115,13,35,258
101,1,70,15,187
58,5,102,73,238
106,145,122,101,474
81,39,71,20,211
114,41,76,43,274
46,91,69,147,353
51,93,140,71,355
60,85,31,142,318
98,149,23,56,326
76,50,86,48,260
52,14,40,84,190
123,82,78,23,306
30,15,57,124,226
113,55,97,93,358
139,37,44,88,308
33,55,83,91,262
18,50,40,108,216
141,5,72,43,261
12,1,35,140,188
60,90,95,24,269
80,68,54,148,350
27,65,92,13,197
57,57,143,113,370
142,49,83,14,288
94,7,57,150,308
20,57,105,3,185
1,79,128,70,278
125,89,81,137,432
31,64,22,117,234
84,25,21,6,136
21,58,97,123,299
68,144,71,55,338
56,93,117,54,320
1,98,22,71,192
83,68,2,25,178
47,76,138,109,370
130,7,99,1,237
95,85,8,65,253
39,13,63,144,259
99,71,66,76,312
140,20,87,28,275
112,88,57,144,401
1,87,143,51,282
147,1,52,138,338
147,58,16,78,299
86,8,81,47,222
59,91,28,56,234
79,115,61,37,292
91,42,70,22,225
136,137,70,125,468
73,52,77,41,243
124,95,12,51,282
40,62,29,103,234
8,113,44,38,203
63,22,148,100,333
82,15,67,10,174
56,94,27,9,186
149,42,60,66,317
61,134,40,9,244
141,30,55,91,317
131,104,150,32,417
77,43,97,88,305
20,112,38,93,263
20,9,34,74,137
97,63,42,123,325
100,4,98,30,232
19,20,139,95,273
98,64,7,130,299
107,55,53,125,340
51,117,42,75,285
71,99,33,14,217
4,128,126,135,393
134,82,116,74,406
31,24,118,87,260
1,59,143,123,326
63,48,49,144,304
102,115,85,120,422
47,29,26,35,137
17,65,102,12,196
112,53,55,19,239
127,96,26,146,395
147,114,130,131,522
113,90,56,82,341
125,43,65,95,328
134,58,37,140,369
5,27,92,21,145
37,92,145,40,314
147,115,10,44,316
119,36,6,121,282
17,141,48,119,325
142,59,19,7,227
9,4,20,32,65
78,4,48,89,219
82,6,81,122,291
60,92,126,54,332
71,100,77,43,291
127,3,65,52,247
4,109,83,8,204
42,73,49,40,204
139,119,140,100,498
104,76,3,127,310
123,47,116,127,413
72,99,39,57,267
63,105,99,54,321
98,124,56,32,310
102,19,29,55,205
122,16,5,46,189
144,80,19,98,341
110,128,56,63,357
13,21,29,86,149
63,29,89,47,228
150,14,55,23,242
5,127,18,42,192
43,81,101,126,351
89,66,1,26,182
104,67,36,63,270
102,106,139,28,375
118,3,142,128,391
53,126,4,80,263
6,69,137,16,228
97,80,40,144,361
74,80,100,119,373
36,39,100,65,240
12,35,60,3,110
70,91,57,31,249
79,98,149,79,405
56,12,21,9,98
78,101,8,8,195
108,42,34,19,203
100,29,140,52,321
53,79,121,82,335
86,128,49,26,289
127,133,10,131,401
17,15,17,100,149
99,35,65,34,233
131,110,141,124,506
62,121,13,114,310
85,112,116,72,385
99,127,147,123,496
37,104,135,65,341
116,3,126,85,330
150,112,78,59,399
14,77,96,98,285
122,72,2,69,265
42,15,37,30,124
81,109,68,100,358
71,129,86,12,298
13,105,112,70,300
137,94,110,54,395
142,4,37,125,308
105,82,150,57,394
46,144,80,148,418
112,59,117,84,372
54,114,18,79,265
68,146,37,5,256
123,145,103,139,510
45,148,82,120,395
21,34,105,26,186
31,113,15,132,291
12,32,12,31,87
13,68,67,58,206
60,80,71,71,282
29,148,24,91,292
86,117,120,108,431
70,77,68,95,310
83,131,101,78,393
38,109,23,120,290
10,143,38,121,312
18,143,131,138,430
98,150,86,122,456
77,19,91,36,223
128,66,30,74,298
74,65,53,3,195
27,81,115,31,254
60,38,35,110,243
141,71,91,150,453
144,13,26,102,285
117,93,27,103,340
58,24,60,10,152
55,24,27,145,251
95,144,83,123,445
24,3,114,52,193
86,34,109,89,318
56,11,76,79,222
69,92,36,89,286
68,1,98,143,310
131,100,39,37,307
1,55,6,142,204
60,93,63,54,270
110,122,100,117,449
131,33,35,118,317
108,96,147,88,439
78,135,77,50,340
113,1,25,2,141
80,56,70,105,311
60,34,80,130,304
106,23,128,25,282
129,134,44,67,374
109,114,74,143,440
17,97,110,29,253
24,95,142,98,359
123,23,63,9,218
90,75,77,72,314
8,121,126,81,336
2,5,39,143,189
32,65,150,35,282
10,83,135,141,369
128,117,112,124,481
78,70,121,105,374
34,145,79,148,406
116,127,63,143,449
42,27,79,120,268
24,6,63,22,115
133,76,127,16,352
35,136,33,20,224
131,140,129,146,546
113,2,87,146,348
134,146,82,37,399
2,6,11,68,87
132,52,45,29,258
82,3,18,129,232
6,74,129,74,283
72,9,57,76,214
6,100,56,11,173
57,74,62,17,210
3,79,119,65,266
28,1,101,113,243
111,137,23,14,285
83,101,126,114,424
140,129,78,127,474
38,140,19,103,300
89,107,52,94,342
143,53,18,45,259
135,130,111,146,522
113,109,66,119,407
99,63,44,78,284
113,75,54,141,383
135,138,45,6,324
28,84,136,24,272
29,14,135,91,269
27,1,75,43,146
69,22,96,96,283
19,120,122,50,311
2,56,129,55,242
61,118,124,143,446
21,18,15,84,138
36,38,6,75,155
21,68,80,10,179
119,64,102,36,321
130,140,109,43,422
97,31,18,46,192
19,19,31,134,203
50,45,113,5,213
108,23,136,34,301
128,142,26,43,339
22,73,64,114,273
32,72,103,132,339
59,38,134,150,381
22,138,83,50,293
129,18,109,19,275
38,105,49,68,260
139,2,52,32,225
38,9,73,14,134
54,139,12,86,291
81,32,2,85,200
64,117,20,123,324
115,71,9,103,298
103,21,48,41,213
51,85,149,14,299
105,52,119,35,311
4,108,116,134,362
88,116,87,112,403
49,106,57,139,351
63,99,150,1,313
12,108,122,77,319
104,41,24,43,212
20,77,106,65,268
36,88,106,148,378
110,139,65,11,325
15,135,41,63,254
37,97,34,48,216
74,16,94,58,242
135,82,51,98,366
70,100,81,42,293
104,18,53,50,225
50,9,43,87,189
140,28,97,12,277
122,67,8,62,259
69,1,42,138,250
132,58,46,106,342
145,61,89,28,323
112,127,6,23,268
72,105,143,7,327
36,117,135,105,393
136,133,19,81,369
89,135,16,93,333
6,135,112,64,317
75,102,74,142,393
47,100,88,63,298
142,48,135,20,345
53,38,106,145,342
91,24,19,59,193
8,82,120,81,291
120,24,76,14,234
10,131,124,130,395
134,12,148,145,439
110,145,9,42,306
40,9,111,122,282
70,23,138,27,258
48,37,40,28,153
67,2,48,84,201
122,5,100,34,261
52,46,108,146,352
104,130,50,4,288
18,46,95,121,280
57,64,129,76,326
128,15,119,111,373
56,87,54,27,224
101,65,2,109,277
29,78,60,105,272
138,71,67,83,359
65,112,11,95,283
14,77,4,50,145
66,59,34,24,183
5,34,98,139,276
58,55,132,68,313
45,51,61,108,265
12,73,2,118,205
56,113,49,137,355
49,29,23,52,153
67,45,65,51,228
114,64,33,51,262
68,123,145,97,433
61,55,50,60,226
63,39,53,52,207
20,128,56,105,309
141,45,88,70,344
137,130,25,107,399
51,107,101,32,291
91,55,28,54,228
45,100,11,56,212
90,36,125,5,256
108,115,133,16,372
10,95,4,100,209
88,76,28,37,229
39,14,33,97,183
58,19,66,68,211
10,10,48,91,159
11,13,10,131,165
31,85,74,44,234
115,60,80,32,287
39,88,122,147,396
65,79,33,43,220
113,36,105,89,343
47,93,42,19,201
8,145,112,23,288
67,30,110,46,253
120,103,97,96,416
20,82,40,104,246
60,17,90,118,285
87,103,149,126,465
7,98,28,26,159
112,112,135,18,377
86,58,147,53,344
103,3,24,3,133
35,120,43,115,313
111,106,73,43,333
71,83,53,53,260
125,148,14,53,340
12,132,128,72,344
58,139,18,9,224
18,49,129,104,300
83,142,146,75,446
114,58,32,132,336
78,26,116,124,344
95,7,137,81,320
147,75,73,2,297
112,77,146,59,394
77,115,36,29,257
52,42,43,35,172
94,2,135,62,293
52,72,42,37,203
54,63,140,106,363
18,51,30,146,245
109,54,51,49,263
132,2,15,102,251
76,62,49,103,290
17,41,62,140,260
65,144,75,73,357
62,150,59,19,290
95,50,138,144,427
112,2,104,20,238
8,3,77,34,122
44,109,120,41,314
102,84,114,26,326
80,103,59,77,319
133,45,23,104,305
95,119,115,128,457
81,79,125,107,392
55,56,77,138,326
16,32,136,21,205
83,122,17,79,301
83,38,63,106,290
129,58,60,34,281
117,44,143,77,381
135,9,87,63,294
150,80,66,61,357
18,79,117,148,362
43,11,64,87,205
43,7,148,31,229
42,72,15,69,198
135,75,70,45,325
96,122,70,69,357
69,81,116,32,298
88,61,106,97,352
78,145,54,57,334
14,75,21,114,224
114,94,101,74,383
122,131,1,50,304
17,102,59,104,282
113,39,52,83,287
12,98,128,71,309
5,149,69,8,231
90,88,19,41,238
119,43,86,111,359
37,20,32,88,177
64,41,63,27,195
46,134,94,6,280
4,144,100,138,386
84,147,65,103,399
2,123,23,103,251
77,77,134,86,374
90,53,139,15,297
63,22,21,100,206
6,130,46,62,244
126,36,130,141,433
62,109,8,74,253
10,126,125,92,353
75,58,68,125,326
139,96,93,144,472
18,99,117,47,281
86,149,134,45,414
76,71,91,11,249
10,12,15,40,77
75,97,124,147,443
114,23,69,22,228
74,79,83,71,307
95,50,149,56,350
84,150,43,60,337
86,91,143,36,356
65,133,86,43,327
35,82,6,4,127
91,70,78,24,263
127,21,49,50,247
133,144,93,146,516
148,80,92,115,435
136,85,11,43,275
27,32,108,1,168
113,1,115,143,372
150,123,45,92,410
146,51,11,121,329
90,59,100,25,274
23,80,93,20,216
17,75,39,83,214
80,48,113,104,345
31,65,122,45,263
88,26,86,73,273
62,72,117,85,336
67,131,134,37,369
150,3,44,110,307
76,37,10,72,195
66,34,115,121,336
137,10,3,142,292
28,93,59,1,181
129,15,61,125,330
48,113,12,140,313
93,2,56,73,224
149,13,49,95,306
81,35,46,147,309
47,61,28,44,180
110,30,67,120,327
99,141,39,96,375
63,47,15,108,233
118,91,114,54,377
17,84,89,97,287
27,61,46,107,241
99,78,87,134,398
2,72,33,88,195
94,37,25,132,288
52,149,125,73,399
15,132,55,70,272
50,63,40,133,286
39,56,131,52,278
115,87,108,150,460
150,89,13,86,338
61,132,10,97,300
145,116,7,6,274
31,40,63,26,160
131,49,140,136,456
54,126,51,99,330
46,111,134,99,390
120,32,136,71,359
146,111,83,98,438
119,132,11,39,301
144,92,111,49,396
12,88,49,60,209
133,37,33,62,265
26,22,71,117,236
92,112,119,2,325
48,92,71,76,287
11,35,138,62,246
90,112,69,58,329
57,80,113,149,399
36,144,93,86,359
19,137,27,109,292
60,25,104,10,199
83,16,136,3,238
120,134,140,62,456
62,109,3,42,216
123,63,99,116,401
79,128,95,53,355
42,36,87,38,203
28,27,140,65,260
79,106,42,138,365
22,45,48,12,127
124,40,142,52,358
81,101,54,26,262
7,2,120,115,244
55,45,9,40,149
117,60,32,128,337
137,13,54,96,300
67,60,70,137,334
120,91,52,124,387
61,88,111,136,396
51,150,121,55,377
115,90,126,145,476
47,77,96,126,346
69,93,46,43,251
31,50,146,100,327
60,120,15,79,274
56,49,13,47,165
44,136,5,51,236
1,78,28,141,248
144,71,61,2,278
9,134,58,125,326
33,135,117,110,395
93,83,11,136,323
89,143,69,107,408
147,48,134,90,419
46,38,124,70,278
148,86,8,22,264
50,19,47,119,235
31,110,92,97,330
103,107,41,60,311
147,14,111,95,367
56,19,136,44,255
149,110,61,68,388
150,42,64,142,398
73,108,107,95,383
69,14,76,126,285
46,43,55,50,194
19,65,30,30,144
47,117,57,26,247
26,51,59,30,166
53,123,41,38,255
56,25,91,105,277
52,107,108,111,378
17,33,49,44,143
123,76,117,20,336
147,82,23,132,384
135,75,84,74,368
132,69,97,83,381
79,21,125,135,360
70,62,92,18,242
91,26,70,12,199
66,88,53,7,214
97,38,9,65,209
78,120,147,16,361
29,104,123,146,402
93,135,38,55,321
19,110,123,107,359
78,4,30,150,262
72,82,12,47,213
127,147,99,123,496
57,127,8,84,276
47,64,87,89,287
148,121,99,15,383
78,13,125,2,218
122,67,85,97,371
126,89,108,121,444
147,46,62,86,341
72,109,59,61,301
17,8,138,129,292
33,99,132,96,360
59,5,95,33,192
18,62,73,19,172
46,85,124,103,358
43,125,150,2,320
44,38,15,25,122
41,33,33,115,222
99,53,9,20,181
144,89,132,19,384
114,145,81,139,479
121,117,29,84,351
88,13,5,7,113
5,100,119,130,354
81,28,32,123,264
25,39,13,57,134
57,23,41,56,177
68,63,119,83,333
142,136,60,60,398
92,78,100,140,410
13,117,36,63,229
23,58,68,72,221
110,110,125,52,397
133,21,5,63,222
75,40,42,57,214
11,101,32,11,155
89,66,9,63,227
125,58,133,79,395
73,83,84,30,270
30,133,136,134,433
20,103,88,110,321
129,42,15,97,283
34,112,146,121,413
135,24,42,110,311
134,44,21,98,297
39,69,86,34,228
70,17,66,148,301
78,86,16,116,296
101,65,24,102,292
111,113,95,85,404
18,140,92,47,297
46,15,94,91,246
144,80,130,93,447
52,98,107,112,369
129,5,124,104,362
92,44,89,89,314
63,4,111,56,234
146,25,73,126,370
98,138,24,20,280
119,89,19,23,250
31,80,85,19,215
65,65,4,108,242
36,66,111,8,221
138,79,91,37,345
18,144,52,106,320
107,46,117,76,346
149,108,101,82,440
54,31,102,35,222
65,99,142,91,397
52,147,11,55,265
20,72,72,106,270
99,95,50,2,246
81,116,146,19,362
96,70,66,150,382
44,21,141,106,312
124,109,84,97,414
1,117,59,49,226
145,9,85,136,375
73,105,36,4,218
144,83,5,35,267
28,37,72,100,237
133,51,35,115,334
13,106,97,43,259
72,79,123,137,411
21,144,75,90,330
113,36,88,136,373
42,39,129,5,215
10,67,2,13,92
18,128,87,25,258
127,36,23,44,230
126,107,138,35,406
148,36,85,43,312
122,21,9,64,216
44,139,87,100,370
85,141,142,40,408
75,53,94,118,340
11,137,98,121,367
55,9,76,127,267
67,29,21,22,139
120,63,71,119,373
106,145,58,130,439
92,149,75,2,318
42,4,69,90,205
142,76,4,129,351
78,5,61,52,196
80,43,25,138,286
35,45,105,119,304
130,138,21,9,298
54,104,25,147,330
116,58,105,115,394
110,1,107,17,235
24,62,59,64,209
36,70,18,115,239
32,131,11,119,293
44,48,97,82,271
55,138,88,137,418
33,92,98,93,316
45,111,113,65,334
64,117,59,41,281
137,89,137,29,392
36,23,118,49,226
146,64,76,66,352
43,46,102,143,334
10,100,36,39,185
76,108,64,64,312
125,113,9,20,267
70,24,25,44,163
132,112,90,58,392
95,129,123,132,479
40,92,15,61,208
77,148,120,22,367
122,111,32,31,296
107,99,1,5,212
137,38,90,131,396
83,124,3,56,266
59,70,99,37,265
79,70,3,69,221
22,41,110,132,305
56,87,25,118,286
53,44,99,12,208
64,26,40,2,132
115,64,40,14,233
120,145,147,19,431
113,115,85,141,454
31,142,61,44,278
32,115,150,132,429
114,42,49,3,208
17,62,140,61,280
135,138,54,89,416
83,148,80,92,403
43,28,142,121,334
21,135,33,136,325
135,137,136,127,535
84,149,93,58,384
112,127,52,50,341
9,75,136,61,281
18,51,68,84,221
69,34,128,80,311
53,85,45,110,293
130,38,104,50,322
19,91,91,121,322
99,70,30,22,221
43,10,102,55,210
137,90,142,80,449
71,82,84,17,254
28,147,147,128,450
43,81,98,30,252
22,60,110,9,201
145,146,26,104,421
126,36,13,7,182
85,37,78,19,219
132,140,76,59,407
23,121,124,64,332
131,121,30,116,398
40,67,42,76,225
133,134,116,52,435
111,144,10,110,375
60,53,112,144,369
132,59,1,58,250
112,120,54,99,385
57,76,143,13,289
145,16,115,6,282
50,96,88,88,322
58,1,62,70,191
81,13,11,29,134
93,118,140,49,400
129,82,14,15,240
142,69,59,128,398
19,100,61,62,242
65,66,124,60,315
104,123,57,28,312
22,132,7,45,206
27,147,77,91,342
83,112,12,93,300
116,140,61,102,419
37,49,37,67,190
125,133,67,15,340
12,19,44,33,108
8,110,99,6,223
3,125,2,52,182
127,11,30,33,201
64,52,44,83,243
48,19,42,130,239
1,9,56,74,140
20,54,76,51,201
137,72,69,122,400
96,128,4,84,312
77,6,90,24,197
82,66,147,50,345
42,139,102,88,371
131,34,63,95,323
57,59,128,104,348
51,96,120,21,288
74,148,109,122,453
141,109,25,27,302
40,110,98,37,285
15,39,30,33,117
74,72,43,91,280
69,40,139,99,347
141,72,47,53,313
97,107,110,112,426
113,8,137,126,384
112,103,98,102,415
129,150,82,124,485
35,18,105,15,173
142,34,28,86,290
5,97,112,53,267
139,140,111,99,489
32,64,6,36,138
47,119,118,26,310
129,24,11,74,238
40,78,68,25,211
65,122,138,116,441
71,84,137,81,373
43,47,93,126,309
101,75,129,49,354
33,27,47,7,114
136,97,128,16,377
141,67,67,10,285
95,63,4,16,178
48,20,88,26,182
114,144,1,13,272
142,19,23,133,317
149,99,81,66,395
145,9,117,10,281
17,29,92,50,188
31,57,97,51,236
91,17,30,101,239
107,119,70,52,348
49,114,4,32,199
85,125,111,82,403
23,122,43,97,285
141,76,128,115,460
83,79,16,61,239
57,74,125,9,265
38,52,147,93,330
94,142,116,12,364
84,142,41,63,330
85,79,128,122,414
91,86,48,17,242
129,39,130,132,430
105,126,110,121,462
27,6,48,140,221
35,124,27,2,188
4,28,23,68,123
30,57,149,100,336
141,14,103,31,289
136,115,17,43,311
20,97,101,37,255
63,73,44,75,255
71,22,69,68,230
96,39,33,72,240
122,106,138,123,489
48,95,92,101,336
128,142,51,54,375
105,5,52,145,307
67,74,148,29,318
68,74,145,17,304
140,64,6,4,214
128,63,70,110,371
12,106,106,59,283
2,118,81,118,319
82,6,34,80,202
90,54,118,37,299
78,39,91,93,301
19,138,130,34,321
148,77,23,97,345
146,101,118,35,400
129,116,19,59,323
132,35,108,35,310
74,42,144,49,309
11,103,101,122,337
30,99,54,136,319
55,124,113,16,308
93,2,139,20,254
124,12,39,7,182
21,149,101,55,326
118,71,127,25,341
95,117,80,38,330
90,44,56,127,317
48,31,82,43,204
123,72,137,46,378
88,6,59,140,293
94,145,19,118,376
39,16,131,132,318
36,111,95,109,351
42,99,102,64,307
136,17,87,88,328
47,142,40,144,373
43,122,21,99,285
12,150,144,64,370
95,118,1,86,300
28,44,9,45,126
43,90,119,82,334
13,145,120,19,297
94,16,108,117,335
149,3,66,132,350
105,80,124,56,365
139,41,95,6,281
60,41,113,90,304
49,95,122,58,324
68,77,32,42,219
69,117,30,134,350
115,105,106,50,376
77,144,121,16,358
62,54,51,82,249
30,57,148,7,242
145,40,101,123,409
99,67,22,68,256
103,69,147,134,453
33,87,37,54,211
143,124,44,2,313
124,52,69,69,314
137,135,90,7,369
16,17,19,33,85
127,129,150,101,507
49,91,12,122,274
86,12,150,31,279
66,26,125,64,281
28,40,55,43,166
58,7,66,88,219
99,144,119,122,484
4,77,52,62,195
20,43,2,53,118
98,64,126,88,376
45,130,103,50,328
20,107,90,33,250
48,69,126,78,321
56,72,97,37,262
37,89,2,135,263
90,125,29,15,259
150,105,103,140,498
55,109,137,114,415
58,59,130,10,257
75,50,116,67,308
56,88,23,10,177
58,19,118,13,208
145,93,98,107,443
57,89,127,109,382
143,10,149,85,387
116,36,63,149,364
94,79,68,67,308
86,144,68,2,300
78,115,53,41,287
124,98,43,28,293
119,139,136,123,517
145,144,87,78,454
106,40,145,143,434
30,40,16,15,101
4,102,59,45,210
135,125,74,131,465
85,105,72,18,280
48,124,3,35,210
99,81,100,59,339
124,107,40,88,359
36,42,132,59,269
19,11,82,55,167
9,35,88,36,168
8,72,107,97,284
91,55,73,101,320
50,55,108,47,260
79,85,103,34,301
136,74,121,65,396
113,132,24,62,331
107,124,102,21,354
142,102,88,124,456
142,57,91,29,319
129,29,48,50,256
89,129,58,87,363
135,26,34,41,236
83,124,71,86,364
57,124,65,88,334
6,66,59,37,168
29,101,35,27,192
80,47,87,18,232
98,149,70,129,446
21,26,109,9,165
70,87,33,149,339
48,103,23,95,269
103,38,143,24,308
130,5,85,74,294
103,108,50,26,287
125,96,61,74,356
25,90,97,50,262
36,125,150,105,416
43,19,76,51,189
4,95,52,71,222
146,31,14,113,304
7,7,95,68,177
71,95,71,58,295
115,25,64,17,221
8,35,43,72,158
126,142,66,66,400
34,97,96,6,233
146,123,59,105,433
64,58,34,4,160
98,64,10,75,247
51,108,140,132,431
40,123,145,30,338
59,36,140,63,298
12,2,90,79,183
21,23,42,128,214
37,116,58,71,282
14,8,69,20,111
57,50,134,98,339
67,42,97,17,223
88,110,90,91,379
124,43,11,40,218
146,15,116,126,403
117,84,2,1,204
104,19,144,94,361
113,11,2,34,160
73,100,104,57,334
107,97,141,122,467
13,132,43,82,270
86,149,65,22,322
110,81,44,150,385
128,147,136,44,455
137,114,92,30,373
122,136,129,87,474
94,85,96,52,327
36,127,11,88,262
15,116,105,32,268
11,22,85,46,164
44,120,98,119,381
70,17,15,28,130
117,3,102,90,312
68,114,66,7,255
92,80,116,16,304
132,12,129,33,306
12,74,122,19,227
128,77,35,106,346
103,8,15,93,219
130,53,126,84,393
46,28,110,122,306
60,149,43,145,397
8,10,87,111,216
49,13,23,40,125
83,144,109,84,420
77,6,48,64,195
41,14,102,17,174
28,60,83,133,304
89,22,83,49,243
76,131,123,13,343
3,124,98,25,250
135,39,11,68,253
70,145,108,35,358
141,25,13,137,316
87,138,57,32,314
114,79,106,144,443
103,93,49,38,283
127,58,75,113,373
82,35,137,75,329
2,65,114,74,255
79,85,81,87,332
115,116,27,24,282
86,125,18,69,298
84,38,114,122,358
130,73,128,128,459
145,51,89,90,375
72,28,119,74,293
65,128,121,87,401
118,131,93,111,453
94,20,108,17,239
71,66,67,90,294
65,7,96,24,192
71,88,150,2,311
20,13,119,15,167
106,138,70,61,375
90,80,97,71,338
135,97,115,98,445
35,84,32,56,207
58,14,141,149,362
7,12,65,90,174
91,144,25,9,269
105,133,115,70,423
44,136,65,21,266
74,139,124,10,347
57,114,42,50,263
105,38,131,67,341
61,127,83,62,333
21,103,110,73,307
24,125,60,20,229
100,109,126,14,349
77,22,80,10,189
138,1,112,69,320
58,128,146,71,403
91,23,115,126,355
137,21,78,60,296
116,150,25,48,339
111,86,23,21,241
101,87,68,54,310
117,38,36,10,201
73,109,34,127,343
19,67,24,56,166
1,38,41,15,95
102,117,102,107,428
65,78,123,64,330
70,135,125,22,352
100,48,22,93,263
143,103,11,77,334
37,138,15,112,302
33,12,71,141,257
8,60,104,49,221
81,105,119,25,330
6,8,78,133,225
97,70,92,123,382
104,28,7,125,264
82,112,148,61,403
136,43,131,136,446
30,55,98,3,186
83,99,116,144,442
54,99,20,13,186
50,64,123,8,245
27,19,3,24,73
32,6,23,4,65
89,139,134,12,374
148,67,65,23,303
110,93,109,114,426
5,87,147,16,255
134,72,13,27,246
2,50,49,24,125
93,36,107,95,331
36,61,3,143,243
138,121,52,147,458
47,138,28,45,258
92,72,11,116,291
114,139,69,48,370
103,130,128,109,470
116,33,123,121,393
135,63,74,67,339
18,77,102,31,228
143,36,70,5,254
5,75,59,15,154
62,68,19,141,290
63,147,119,72,401
49,98,14,19,180
125,34,115,40,314
57,122,57,37,273
41,48,28,90,207
79,145,28,1,253
129,22,145,83,379
16,127,63,8,214
59,141,142,110,452
10,86,28,58,182
21,116,17,142,296
85,126,115,51,377
31,69,136,34,270
76,72,2,135,285
74,48,59,89,270
16,91,113,40,260
28,35,42,28,133
117,57,44,121,339
24,86,33,34,177
126,40,111,36,313
149,54,11,10,224
106,92,73,63,334
96,3,32,138,269
25,148,30,34,237
64,97,55,36,252
124,140,67,45,376
133,84,27,112,356
24,22,16,17,79
4,13,65,55,137
32,51,17,128,228
41,11,26,86,164
113,65,144,118,440
129,137,130,9,405
43,1,21,86,151
143,80,34,81,338
121,101,122,24,368
62,111,102,126,401
55,149,48,137,389
52,30,108,19,209
67,17,45,90,219
45,75,95,103,318
38,47,46,27,158
25,115,133,79,352
19,63,150,58,290
6,109,123,30,268
101,22,51,38,212
124,137,127,52,440
75,102,107,141,425
67,72,103,7,249
37,86,32,103,258
105,119,49,135,408
60,23,52,141,276
3,96,8,25,132
50,122,101,102,375
58,61,61,90,270
43,85,94,72,294
118,71,18,79,286
141,20,20,67,248
37,147,139,62,385
17,123,44,106,290
37,25,15,131,208
150,138,32,13,333
89,63,29,150,331
54,138,122,3,317
21,130,95,134,380
90,94,66,132,382
123,9,107,104,343
120,90,7,95,312
136,31,60,12,239
31,3,16,47,97
23,42,110,46,221
29,29,34,37,129
116,52,99,26,293
73,95,100,74,342
42,125,72,45,284
66,100,44,138,348
53,94,32,44,223
46,121,87,150,404
56,41,9,102,208
94,47,22,130,293
13,138,84,146,381
32,150,87,34,303
93,73,16,143,325
73,41,138,15,267
113,6,123,110,352
88,88,62,55,293
73,118,133,56,380
66,83,75,94,318
93,115,128,3,339
23,34,137,127,321
144,65,138,61,408
138,141,108,149,536
149,75,86,67,377
97,130,3,106,336
6,68,73,141,288
75,20,149,4,248
4,25,11,109,149
44,43,86,78,251
102,44,14,36,196
46,86,9,83,224
6,45,55,48,154
12,112,144,25,293
3,38,37,58,136
17,53,144,138,352
128,64,87,26,305
80,114,21,71,286
109,7,69,107,292
60,105,144,10,319
75,128,113,136,452
93,35,65,46,239
54,66,135,126,381
132,58,25,54,269
88,57,13,82,240
148,23,127,132,430
113,57,65,146,381
29,68,150,128,375
150,62,129,32,373
77,149,9,39,274
62,69,72,1,204
122,80,50,87,339
91,121,16,79,307
76,48,30,14,168
60,52,104,93,309
36,56,21,10,123
109,51,44,77,281
67,18,53,8,146
73,122,71,11,277
7,37,13,17,74
24,99,123,123,369
51,44,22,135,252
88,124,65,22,299
111,42,68,10,231
54,9,29,100,192
17,115,61,106,299
143,38,14,123,318
113,63,22,123,321
93,7,145,4,249
80,133,114,92,419
142,68,147,61,418
105,42,16,142,305
55,70,147,19,291
145,148,38,76,407
23,45,113,13,194
146,33,125,98,402
108,12,95,68,283
86,5,42,64,197
62,139,87,93,381
147,33,111,133,424
90,39,126,78,333
75,48,39,22,184
2,3,22,100,127
70,100,98,4,272
89,122,39,99,349
51,58,150,21,280
133,13,63,119,328
103,83,91,55,332
31,70,109,123,333
4,53,110,1,168
43,100,105,149,397
89,7,101,34,231
19,93,89,57,258
94,50,141,103,388
111,79,24,21,235
54,150,52,146,402
123,130,110,6,369
101,141,66,1,309
129,27,66,35,257
11,70,119,82,282
28,125,100,47,300
149,109,5,127,390
28,103,66,116,313
21,33,65,48,167
71,53,131,119,374
11,92,13,64,180
13,25,132,38,208
62,145,119,70,396
130,49,74,135,388
129,36,78,12,255
30,24,141,61,256
100,25,118,73,316
34,88,71,98,291
80,23,124,34,261
32,43,60,102,237
31,33,85,118,267
30,54,79,31,194
49,3,102,112,266
17,19,145,66,247
41,101,126,144,412
127,52,53,16,248
41,41,14,77,173
53,39,51,30,173
28,143,101,112,384
90,109,65,3,267
131,121,66,21,339
85,73,73,116,347
112,41,6,12,171
82,118,59,33,292
128,117,21,38,304
137,143,105,78,463
54,114,102,110,380
89,95,9,6,199
112,142,22,41,317
21,51,63,41,176
31,122,118,139,410
98,8,11,49,166
54,83,11,137,285
40,102,137,150,429
113,131,27,131,402
35,43,91,117,286
10,14,67,110,201
101,117,23,26,267
27,78,73,32,210
93,28,35,51,207
67,149,118,66,400
102,149,10,114,375
72,23,28,86,209
78,110,66,3,257
40,48,31,17,136
82,110,118,109,419
57,21,117,35,230
4,72,56,150,282
85,68,117,126,396
49,123,146,116,434
125,59,51,47,282
12,50,85,73,220
68,61,19,146,294
59,69,40,131,299
52,83,83,83,301
86,72,124,115,397
148,74,43,58,323
15,141,47,130,333
29,4,85,125,243
90,24,101,125,340
46,82,30,129,287
23,118,83,55,279
86,128,97,19,330
147,62,86,147,442
6,134,73,123,336
10,147,71,38,266
33,144,70,8,255
116,81,119,146,462
125,82,100,24,331
52,79,130,16,277
69,96,82,139,386
58,31,143,18,250
75,142,123,90,430
115,27,24,105,271
38,90,105,114,347
4,111,132,68,315
119,130,131,62,442
109,127,85,112,433
12,53,117,114,296
26,92,74,109,301
36,142,93,129,400
124,50,10,47,231
17,54,74,129,274
130,134,75,124,463
93,141,51,105,390
66,55,90,24,235
26,67,112,121,326
55,10,16,23,104
117,70,109,28,324
102,104,60,128,394
145,39,2,73,259
5,90,140,36,271
70,137,132,147,486
139,49,38,57,283
24,93,58,23,198
34,65,145,43,287
90,56,118,48,312
16,126,110,107,359
35,128,134,120,417
24,83,120,124,351
77,93,134,62,366
88,45,60,52,245
91,23,6,48,168
146,127,64,82,419
53,126,134,100,413
111,36,28,54,229
109,6,66,128,309
75,54,121,13,263
3,90,20,32,145
96,112,71,117,396
40,129,77,17,263
105,33,125,76,339
122,36,5,150,313
126,53,14,43,236
117,65,130,33,345
26,145,64,121,356
109,11,33,86,239
144,1,81,19,245
7,8,101,15,131
134,23,96,36,289
88,145,19,91,343
108,78,42,38,266
146,6,139,89,380
126,28,107,90,351
33,110,86,87,316
41,81,47,143,312
70,132,31,84,317
68,97,122,103,390
73,114,89,106,382
46,88,104,36,274
72,18,118,34,242
5,9,96,136,246
98,123,13,82,316
19,26,13,1,59
86,148,83,122,439
11,77,105,89,282
104,31,38,90,263
135,122,51,89,397
57,103,111,143,414
119,116,68,62,365
30,130,104,3,267
41,95,8,26,170
126,90,116,50,382
87,56,103,42,288
30,40,36,87,193
108,65,49,5,227
97,106,132,52,387
43,20,71,34,168
142,113,144,53,452
128,112,111,102,453
52,26,133,108,319
72,99,84,144,399
22,122,105,92,341
130,66,22,24,242
109,68,80,17,274
103,129,99,71,402
111,149,88,34,382
74,71,51,24,220
51,96,11,145,303
22,30,42,130,224
121,109,107,4,341
76,61,132,20,289
68,16,5,42,131
5,102,147,98,352
127,32,85,71,315
64,135,26,19,244
142,20,36,84,282
32,80,46,82,240
128,125,81,138,472
16,67,41,41,165
107,115,85,117,424
76,142,14,55,287
31,129,38,102,300
101,24,39,138,302
88,138,59,81,366
19,7,86,148,260
63,71,130,111,375
100,66,9,127,302
92,31,103,140,366
79,116,136,39,370
138,146,111,94,489
70,26,112,114,322
54,49,97,77,277
8,116,122,86,332
97,92,112,89,390
113,45,145,17,320
12,126,90,88,316
19,144,95,30,288
133,4,116,23,276
38,50,90,76,254
96,81,33,117,327
83,51,43,81,258
102,25,25,57,209
26,83,33,125,267
26,15,80,96,217
23,98,51,98,270
97,5,83,101,286
139,5,72,69,285
27,136,97,9,269
42,122,126,112,402
119,106,107,132,464
13,72,137,133,355
101,84,93,96,374
107,84,85,55,331
70,132,138,136,476
117,136,27,54,334
62,143,50,10,265
65,85,125,91,366
121,3,70,55,249
101,104,29,33,267
106,20,41,115,282
54,77,113,90,334
49,118,113,150,430
82,32,62,113,289
42,112,70,88,312
45,134,45,147,371
72,92,51,59,274
80,33,110,46,269
77,42,37,4,160
108,121,33,94,356
13,136,141,72,362
121,126,77,3,327
104,35,88,75,302
135,23,27,125,310
109,68,144,129,450
143,118,145,68,474
63,145,40,112,360
76,30,129,126,361
97,77,56,58,288
4,38,12,137,191
70,77,117,28,292
4,77,55,35,171
27,118,129,2,276
97,69,53,70,289
59,110,27,105,301
12,58,55,57,182
46,66,126,78,316
9,10,114,17,150
61,76,48,86,271
44,50,145,132,371
10,49,31,40,130
63,125,109,120,417
31,22,147,136,336
61,147,128,25,361
99,23,129,120,371
72,126,103,76,377
149,64,81,105,399
91,35,13,23,162
23,78,136,71,308
46,119,67,58,290
35,119,138,71,363
60,106,104,108,378
32,119,67,67,285
5,1,102,107,215
105,73,144,138,460
96,8,80,37,221
86,76,62,81,305
122,29,121,25,297
76,66,58,32,232
148,35,70,28,281
2,102,49,55,208
71,72,8,114,265
96,146,145,77,464
110,51,103,59,323
88,2,148,110,348
75,98,58,67,298
143,149,105,128,525
46,129,75,47,297
126,34,8,60,228
118,2,96,4,220
128,74,43,4,249
7,33,77,9,126
68,6,33,138,245
30,16,6,13,65
133,136,83,133,485
62,9,44,62,177
132,144,46,92,414
23,5,133,132,293
40,76,13,144,273
38,99,131,66,334
128,21,142,17,308
44,31,113,33,221
22,73,143,105,343
36,50,76,85,247
144,8,108,69,329
99,23,144,103,369
104,53,47,103,307
71,58,80,89,298
15,109,91,108,323
47,144,15,1,207
115,36,91,115,357
93,8,87,97,285
150,51,8,3,212
31,33,115,116,295
84,3,138,90,315
60,4,96,12,172
90,139,92,144,465
122,66,98,134,420
36,122,140,45,343
140,90,8,108,346
52,12,14,30,108
49,36,50,84,219
84,121,22,17,244
65,125,2,20,212
32,12,19,93,156
16,149,6,64,235
91,114,54,91,350
107,134,124,137,502
50,138,141,88,417
33,113,73,31,250
99,10,39,47,195
15,18,6,26,65
58,132,65,87,342
9,128,7,63,207
11,33,110,64,218
7,138,29,20,194
53,84,120,108,365
72,87,7,125,291
60,3,16,96,175
28,60,69,11,168
110,138,85,75,408
46,114,17,46,223
45,53,15,39,152
112,117,133,87,449
102,67,127,49,345
94,68,15,137,314
104,91,35,128,358
41,5,89,85,220
9,21,79,74,183
22,6,87,109,224
98,43,81,65,287
41,122,131,78,372
137,139,96,90,462
70,87,15,69,241
40,123,50,108,321
33,49,63,47,192
105,71,2,91,269
120,79,55,4,258
143,38,122,97,400
86,117,66,150,419
95,95,15,94,299
47,58,98,35,238
78,133,90,150,451
38,136,41,13,228
23,134,47,42,246
77,90,105,81,353
59,94,4,55,212
13,120,84,37,254
48,29,96,72,245
85,137,14,54,290
3,18,7,50,78
142,74,48,100,364
27,85,102,100,314
124,33,77,89,323
100,101,84,21,306
73,54,25,31,183
111,58,128,140,437
52,52,66,43,213
139,100,140,87,466
148,124,117,133,522
26,45,88,132,291
6,12,133,36,187
135,79,49,25,288
29,30,88,93,240
26,46,66,26,164
109,93,139,8,349
30,129,150,78,387
132,36,28,24,220
98,14,111,98,321
83,135,116,148,482
148,117,86,26,377
41,92,78,122,333
100,37,84,115,336
123,63,66,105,357
81,109,128,129,447
102,54,133,82,371
83,82,127,133,425
126,42,65,128,361
112,130,42,127,411
53,56,101,34,244
138,91,148,73,450
113,146,92,104,455
35,78,11,72,196
31,42,104,9,186
20,129,49,117,315
107,31,10,7,155
17,1,75,99,192
43,126,75,119,363
29,18,111,91,249
80,59,144,45,328
148,109,46,49,352
79,130,7,10,226
102,97,3,81,283
112,63,1,103,279
2,48,89,20,159
141,56,61,30,288
134,15,13,37,199
88,57,8,80,233
119,32,13,121,285
85,147,74,6,312
71,41,119,144,375
99,138,108,104,449
115,74,72,21,282
35,70,126,97,328
61,93,52,21,227
121,77,137,88,423
15,115,64,123,317
65,104,36,78,283
141,123,99,62,425
18,78,4,62,162
99,12,85,144,340
105,100,69,39,313
107,82,83,138,410
73,62,3,110,248
100,13,6,129,248
10,135,13,54,212
78,142,45,36,301
28,126,110,147,411
130,38,17,56,241
102,25,10,36,173
90,1,102,132,325
67,28,87,83,265
81,112,57,49,299
24,86,25,108,243
128,79,106,12,325
125,73,103,56,357
141,20,27,46,234
66,129,75,52,322
72,77,109,116,374
40,42,94,111,287
124,105,46,34,309
4,91,26,79,200
107,84,61,63,315
33,13,25,103,174
103,11,129,101,344
102,64,140,84,390
89,117,23,81,310
18,83,9,35,145
83,65,145,8,301
67,29,147,86,329
98,110,122,94,424
22,141,146,141,450
21,100,67,26,214
114,111,123,144,492
106,146,141,115,508
105,78,16,122,321
64,95,65,111,335
28,20,49,2,99
131,31,68,138,368
119,47,82,111,359
8,9,93,101,211
150,22,98,117,387
73,130,76,129,408
18,65,6,118,207
11,117,43,86,257
5,68,84,10,167
3,114,37,78,232
45,48,85,26,204
103,84,133,121,441
108,51,150,37,346
79,69,39,73,260
99,81,12,36,228
77,120,38,28,263
60,26,4,109,199
89,26,2,34,151
30,24,78,56,188
29,61,112,19,221
48,59,52,136,295
34,68,121,57,280
103,22,47,15,187
96,107,143,67,413
13,130,58,110,311
63,132,61,69,325
47,128,76,44,295
119,93,120,12,344
11,64,146,44,265
127,96,131,132,486
102,93,54,93,342
2,1,115,47,165
70,21,74,4,169
10,29,83,36,158
150,108,92,22,372
121,96,113,92,422
133,48,79,103,363
133,104,10,93,340
112,24,44,105,285
23,21,92,103,239
70,140,46,118,374
47,89,140,20,296
27,48,115,16,206
77,63,64,127,331
8,112,6,17,143
32,54,32,134,252
7,104,118,79,308
37,19,117,15,188
23,65,126,50,264
135,46,112,65,358
89,132,106,94,421
67,123,113,62,365
131,60,17,93,301
75,136,65,60,336
94,34,39,116,283
18,95,94,11,218
77,78,9,58,222
11,47,123,39,220
54,24,61,48,187
117,146,126,89,478
73,76,43,76,268
13,91,53,138,295
150,9,127,11,297
18,87,20,105,230
31,58,76,139,304
37,129,142,21,329
43,138,29,57,267
34,36,34,47,151
127,62,3,56,248
46,49,145,112,352
87,94,105,99,385
60,64,80,65,269
98,32,92,120,342
121,119,82,120,442
127,87,122,129,465
45,26,130,20,221
50,7,104,34,195
96,106,135,25,362
51,18,1,51,121
129,70,73,11,283
77,54,95,9,235
133,55,62,94,344
1,14,80,36,131
66,43,126,119,354
138,144,1,112,395
99,108,103,118,428
88,135,86,115,424
45,87,118,29,279
113,73,43,61,290
8,71,93,62,234
68,114,4,1,187
139,105,83,84,411
76,11,137,79,303
40,31,51,25,147
140,102,40,3,285
74,30,91,81,276
59,69,93,140,361
46,93,94,28,261
134,52,98,3,287
124,14,87,150,375
17,128,123,28,296
76,102,20,60,258
12,88,97,53,250
19,54,134,104,311
91,55,63,108,317
97,135,127,83,442
112,110,76,100,398
5,5,59,17,86
100,6,142,37,285
111,98,59,71,339
61,55,18,95,229
135,148,53,99,435
96,62,60,47,265
103,31,140,103,377
84,71,34,2,191
33,132,113,19,297
18,142,57,60,277
132,42,99,55,328
19,22,141,41,223
43,39,114,10,206
65,131,129,76,401
128,45,105,98,376
98,117,149,132,496
10,26,89,88,213
70,13,80,21,184
78,33,37,18,166
129,19,6,107,261
107,10,91,94,302
16,40,33,91,180
46,44,89,125,304
135,58,65,44,302
110,48,68,80,306
100,24,115,60,299
65,111,82,134,392
20,16,41,88,165
64,149,121,147,481
142,11,146,129,428
112,9,58,146,325
127,120,83,85,415
131,21,91,126,369
72,118,1,23,214
11,77,128,48,264
1,21,3,140,165
96,139,109,135,479
114,55,135,98,402
89,76,30,94,289
23,142,65,76,306
36,28,68,103,235
32,68,66,114,280
20,67,84,9,180
57,26,116,113,312
128,115,52,67,362
60,26,72,81,239
53,147,13,143,356
7,77,103,4,191
9,53,116,3,181
24,9,139,140,312
97,60,6,86,249
131,142,115,27,415
76,56,88,150,370
48,144,60,29,281
5,53,94,141,293
16,74,42,66,198
125,110,113,149,497
48,3,12,48,111
75,92,42,67,276
52,83,94,139,368
134,122,11,121,388
16,35,117,107,275
2,16,122,107,247
88,5,16,47,156
26,49,72,97,244
74,125,43,118,360
48,99,52,35,234
146,32,68,148,394
38,66,1,38,143
102,109,124,54,389
145,80,119,49,393
141,140,1,105,387
122,28,9,103,262
149,109,56,58,372
136,45,37,17,235
119,118,103,12,352
24,128,39,4,195
109,12,13,51,185
123,17,90,90,320
146,137,79,106,468
47,42,130,69,288
7,43,18,21,89
27,3,134,34,198
25,57,145,20,247
30,89,108,146,373
64,103,73,135,375
5,70,98,71,244
36,36,3,112,187
150,21,132,101,404
129,66,55,109,359
98,73,72,28,271
76,45,80,108,309
16,110,147,38,311
124,88,147,22,381
46,84,16,98,244
85,62,78,19,244
141,15,127,120,403
117,117,54,40,328
59,88,105,49,301
105,111,145,112,473
27,46,52,13,138
45,100,37,72,254
2,44,98,104,248
99,70,113,79,361
127,13,42,25,207
25,91,130,36,282
109,42,103,84,338
62,86,42,52,242
96,136,128,60,420
48,120,6,150,324
101,130,65,96,392
22,29,74,9,134
103,23,27,94,247
14,125,29,9,177
63,38,17,116,234
90,132,65,45,332
108,54,141,90,393
1,70,111,143,325
57,38,81,68,244
123,111,7,79,320
8,92,98,46,244
42,2,145,21,210
46,117,140,144,447
64,52,93,67,276
108,24,50,120,302
16,1,100,79,196
100,117,132,134,483
76,90,90,142,398
149,129,66,50,394
96,23,64,65,248
12,38,26,112,188
48,29,46,75,198
8,109,43,146,306
98,119,52,109,378
65,104,6,78,253
99,19,111,20,249
99,35,93,98,325
142,22,85,55,304
1,128,123,114,366
27,18,30,33,108
77,5,140,6,228
76,17,20,40,153
67,50,58,121,296
76,142,104,14,336
121,77,109,118,425
109,50,30,35,224
73,114,123,150,460
84,60,146,94,384
102,133,3,111,349
43,93,90,48,274
66,122,79,129,396
110,133,95,104,442
100,60,84,104,348
88,150,13,25,276
122,32,42,120,316
149,70,46,121,386
102,7,35,113,257
144,48,50,126,368
55,51,53,150,309
47,35,52,26,160
122,135,39,26,322
90,65,9,45,209
60,82,62,114,318
87,23,146,149,405
45,95,94,33,267
137,131,45,36,349
98,27,66,82,273
31,51,27,87,196
141,9,60,139,349
2,109,97,59,267
116,84,85,93,378
5,99,92,24,220
133,90,145,70,438
124,124,116,28,392
82,23,97,99,301
56,148,21,57,282
66,149,2,108,325
87,15,17,16,135
56,2,81,4,143
143,134,128,113,518
18,79,39,57,193
125,115,129,2,371
29,109,11,107,256
138,24,149,93,404
125,93,76,64,358
89,17,21,133,260
138,50,8,24,220
103,87,55,54,299
79,79,97,11,266
85,25,135,57,302
29,150,49,19,247
46,127,28,115,316
89,115,41,84,329
31,138,83,21,273
78,61,60,62,261
94,107,102,32,335
19,69,133,16,237
150,124,54,54,382
82,79,117,143,421
20,131,60,14,225
105,113,6,136,360
34,87,99,118,338
8,86,137,32,263
20,33,4,40,97
4,125,80,27,236
112,21,12,86,231
17,140,106,143,406
113,18,12,131,274
71,130,104,71,376
29,19,20,127,195
73,134,110,44,361
67,78,14,71,230
94,108,108,30,340
31,62,40,92,225
26,106,86,128,346
112,3,9,59,183
43,54,15,106,218
61,55,137,137,390
3,67,93,2,165
58,34,98,62,252
29,32,129,69,259
23,62,39,7,131
58,81,78,61,278
18,98,27,128,271
143,111,39,82,375
143,39,52,79,313
118,8,112,128,366
70,71,62,46,249
57,145,11,124,337
60,36,97,25,218
102,143,30,100,375
123,55,18,53,249
113,91,12,101,317
45,120,74,18,257
118,95,37,104,354
111,3,32,109,255
135,80,68,71,354
136,73,117,142,468
130,128,123,94,475
49,45,43,63,200
98,150,107,77,432
57,149,139,110,455
48,120,11,21,200
2,111,126,54,293
149,9,20,137,315
140,79,118,125,462
24,144,75,140,383
124,30,106,117,377
134,21,87,95,337
32,47,39,95,213
43,58,15,24,140
25,29,145,117,316
64,53,27,107,251
88,37,25,72,222
102,40,55,138,335
69,69,97,22,257
93,35,45,129,302
149,65,144,135,493
94,43,9,59,205
123,128,76,87,414
54,127,96,4,281
103,2,42,148,295
58,107,4,97,266
26,67,11,34,138
72,136,90,28,326
35,56,113,113,317
58,56,113,143,370
110,29,72,107,318
68,90,107,127,392
108,135,12,3,258
48,144,66,93,351
7,79,87,4,177
130,103,94,3,330
18,141,81,58,298
131,89,141,14,375
120,134,143,83,480
70,104,40,24,238
13,88,27,31,159
130,80,10,23,243
6,20,83,147,256
29,19,58,117,223
70,19,109,103,301
88,37,26,64,215
8,42,40,6,96
66,97,149,78,390
101,121,25,100,347
40,47,5,82,174
83,128,81,64,356
90,126,83,90,389
104,36,29,55,224
55,127,99,130,411
145,61,78,73,357
7,72,72,96,247
56,90,66,29,241
57,35,101,28,221
110,17,90,97,314
92,19,100,85,296
20,79,50,9,158
75,1,85,81,242
16,101,127,118,362
126,55,135,116,432
54,91,62,104,311
136,68,112,120,436
116,102,131,49,398
18,32,73,143,266
41,41,49,83,214
67,138,110,81,396
22,70,23,19,134
16,126,15,75,232
56,86,31,146,319
90,50,121,30,291
105,7,141,14,267
113,123,96,18,350
60,55,108,73,296
109,125,147,81,462
66,114,150,96,426
104,147,35,1,287
94,30,100,56,280
36,143,127,16,322
57,70,108,147,382
32,20,11,14,77
110,12,2,39,163
5,135,7,69,216
106,86,57,68,317
107,88,76,106,377
60,105,51,35,251
106,60,136,109,411
47,100,148,64,359
3,35,20,112,170
97,143,72,53,365
140,49,125,129,443
84,145,86,40,355
142,1,68,67,278
126,24,94,62,306
134,105,111,116,466
87,2,118,131,338
97,106,115,7,325
102,123,64,138,427
96,33,88,43,260
121,54,13,141,329
74,94,139,70,377
21,115,18,148,302
39,4,150,16,209
23,8,96,5,132
50,82,145,80,357
28,35,115,71,249
58,121,70,97,346
10,122,41,4,177
59,116,69,81,325
21,96,2,99,218
135,28,84,150,397
126,61,132,17,336
148,100,17,113,378
130,25,111,61,327
39,61,33,66,199
100,20,77,51,248
1,136,16,57,210
32,87,112,107,338
119,81,12,77,289
34,3,25,20,82
140,24,69,56,289
17,97,25,114,253
94,89,78,143,404
9,19,90,145,263
144,125,123,99,491
38,51,24,10,123
120,30,90,42,282
76,120,85,17,298
37,29,146,96,308
21,57,139,46,263
143,29,56,34,262
16,14,119,93,242
142,98,85,67,392
51,12,64,110,237
56,1,48,7,112
91,66,31,15,203
134,143,93,78,448
30,59,74,55,218
82,109,60,75,326
109,105,113,80,407
109,26,59,74,268
37,64,141,95,337
125,15,132,21,293
140,11,35,49,235
140,38,81,75,334
80,85,121,1,287
1,35,137,95,268
30,83,70,145,328
118,28,3,46,195
56,122,144,48,370
133,119,51,121,424
130,52,48,77,307
110,41,2,67,220
4,110,89,94,297
105,56,19,4,184
76,120,99,15,310
30,59,35,59,183
100,114,21,127,362
4,89,37,114,244
3,108,87,76,274
93,7,94,4,198
7,9,72,150,238
71,117,128,51,367
7,78,13,71,169
22,138,47,67,274
108,123,39,129,399
91,101,30,116,338
34,113,126,127,400
93,74,27,2,196
23,43,77,9,152
124,117,109,5,355
110,3,17,74,204
121,140,76,104,441
29,1,66,19,115
86,51,76,115,328
52,68,27,123,270
79,112,59,132,382
117,118,33,82,350
143,32,67,49,291
108,22,26,124,280
150,44,68,52,314
113,95,89,56,353
66,101,65,23,255
126,145,25,120,416
150,147,137,78,512
54,42,92,4,192
54,124,32,63,273
141,109,52,34,336
34,112,1,137,284
10,103,70,144,327
20,51,42,36,149
102,79,43,25,249
61,50,116,103,330
32,97,43,149,321
30,98,80,137,345
4,149,61,97,311
94,66,17,117,294
124,107,149,27,407
146,21,145,111,423
135,59,5,33,232
139,99,65,120,423
5,5,21,34,65
16,24,70,142,252
106,67,96,119,388
105,72,93,139,409
5,92,12,59,168
93,11,53,100,257
77,130,139,9,355
53,88,66,84,291
4,25,22,76,127
17,68,64,76,225
118,70,66,73,327
54,145,130,46,375
129,67,93,51,340
131,103,31,33,298
63,42,117,88,310
88,126,10,149,373
57,19,8,4,88
39,55,150,114,358
139,127,101,105,472
147,50,129,32,358
24,66,116,10,216
53,81,139,111,384
58,137,16,135,346
130,144,103,4,381
43,77,91,58,269
134,134,83,139,490
75,27,48,128,278
87,30,44,18,179
4,51,116,9,180
64,43,76,21,204
125,24,73,132,354
98,115,60,149,422
149,22,81,76,328
139,9,31,112,291
72,28,71,38,209
111,149,42,62,364
90,14,114,150,368
117,74,144,88,423
122,43,118,62,345
94,95,15,87,291
114,100,31,3,248
127,57,23,89,296
15,63,133,141,352
41,110,115,74,340
146,85,130,147,508
127,110,17,73,327
136,129,99,107,471
113,30,110,35,288
84,115,74,105,378
63,139,36,22,260
51,11,57,110,229
59,133,104,142,438
49,82,86,26,243
76,33,63,3,175
112,41,30,19,202
66,147,61,146,420
12,37,109,9,167
119,95,136,1,351
117,133,34,6,290
6,150,122,18,296
147,60,71,136,414
68,39,128,137,372
112,146,125,119,502
121,47,110,105,383
69,13,57,17,156
53,52,45,82,232
100,21,118,128,367
37,50,67,131,285
98,54,58,84,294
42,76,150,22,290
77,90,78,32,277
59,23,119,91,292
116,22,139,116,393
67,15,104,61,247
79,143,12,36,270
114,134,65,119,432
61,148,23,19,251
64,70,17,20,171
15,90,43,79,227
57,60,103,20,240
122,10,56,4,192
124,93,54,127,398
101,94,131,4,330
93,113,82,35,323
37,102,120,97,356
102,6,38,11,157
95,30,116,142,383
56,65,90,101,312
17,131,113,52,313
121,113,127,6,367
65,37,52,114,268
18,129,32,122,301
141,52,69,145,407
55,133,113,22,323
125,3,18,88,234
117,72,24,59,272
41,63,145,68,317
81,15,20,13,129
84,145,51,134,414
114,49,101,50,314
30,94,78,99,301
146,14,109,106,375
81,62,120,50,313
15,119,60,125,319
141,45,38,10,234
94,31,36,90,251
133,110,6,27,276
126,49,24,148,347
145,56,64,96,361
10,129,148,32,319
146,66,133,37,382
95,34,104,116,349
125,39,20,89,273
88,96,25,101,310
74,16,66,70,226
142,72,45,75,334
118,118,124,96,456
31,139,77,118,365
87,28,85,116,316
114,38,89,68,309
59,137,54,2,252
72,87,83,124,366
47,57,22,140,266
32,24,51,58,165
140,90,116,31,377
132,42,92,76,342
52,86,147,72,357
129,95,18,91,333
64,120,24,49,257
115,115,110,78,418
50,117,50,44,261
127,121,110,27,385
33,15,146,55,249
100,29,112,85,326
34,14,39,134,221
143,133,85,33,394
95,145,134,77,451
9,36,100,146,291
123,34,10,79,246
9,24,145,13,191
29,72,13,108,222
57,65,87,97,306
103,142,148,63,456
71,127,91,130,419
105,27,101,48,281
19,27,16,43,105
2,123,7,33,165
85,128,112,13,338
95,105,6,19,225
129,44,142,35,350
38,98,65,18,219
139,61,142,126,468
129,44,119,53,345
10,145,12,81,248
92,5,19,29,145
82,138,80,20,320
21,27,113,75,236
133,134,92,15,374
116,75,98,120,409
36,39,117,55,247
148,135,53,30,366
92,20,48,85,245
127,33,50,127,337
83,136,149,57,425
42,9,13,64,128
138,44,148,59,389
117,17,136,58,328
45,45,74,29,193
27,36,134,148,345
70,57,25,70,222
36,26,5,145,212
91,60,1,83,235
18,38,137,91,284
91,102,6,60,259
56,23,145,43,267
18,51,38,93,200
117,80,137,131,465
23,10,49,116,198
148,112,5,32,297
6,14,139,12,171
77,110,80,136,403
56,94,33,98,281
108,120,34,14,276
47,43,1,24,115
59,40,118,91,308
148,94,104,34,380
100,55,68,7,230
27,78,27,15,147
63,148,3,130,344
64,54,67,23,208
109,47,62,47,265
73,75,9,25,182
3,137,20,61,221
146,3,64,146,359
15,65,119,147,346
149,83,100,81,413
119,84,21,14,238
147,54,115,38,354
98,47,150,11,306
82,49,82,18,231
38,66,12,121,237
147,136,5,92,380
93,75,136,137,441
90,35,15,41,181
73,113,98,70,354
87,59,147,18,311
79,102,119,70,370
75,24,124,41,264
82,8,32,13,135
52,113,123,74,362
46,20,33,125,224
2,86,83,69,240
139,112,69,130,450
147,100,22,142,411
105,80,120,113,418
124,25,99,116,364
32,117,125,26,300
18,100,146,131,395
132,12,130,81,355
96,40,9,24,169
50,80,103,56,289
131,94,25,148,398
106,138,78,139,461
92,119,30,78,319
42,44,129,58,273
138,32,49,90,309
150,149,5,8,312
53,89,51,107,300
108,20,44,61,233
132,14,138,140,424
102,95,22,148,367
46,141,104,86,377
47,49,89,20,205
81,18,71,18,188
108,145,58,28,339
126,103,12,52,293
30,79,113,24,246
89,73,20,120,302
84,23,40,9,156
142,111,102,71,426
98,7,130,71,306
137,23,53,74,287
32,90,102,79,303
150,9,125,86,370
37,10,20,23,90
35,113,78,41,267
5,14,41,43,103
8,96,63,27,194
104,14,76,138,332
86,34,33,133,286
61,21,56,117,255
26,108,32,11,177
52,27,56,143,278
63,104,72,61,300
34,26,139,54,253
111,46,42,77,276
141,10,114,121,386
48,52,75,75,250
68,117,32,41,258
94,37,109,25,265
17,133,84,40,274
56,4,125,37,222
77,116,83,40,316
38,25,19,25,107
83,143,102,42,370
78,27,133,23,261
91,79,74,140,384
43,150,47,30,270
93,53,23,43,212
19,103,57,64,243
115,122,131,115,483
109,2,138,75,324
8,75,11,107,201
130,38,121,17,306
31,100,142,146,419
80,48,71,129,328
61,32,112,25,230
121,117,16,117,371
99,37,28,20,184
131,43,76,130,380
127,100,17,86,330
78,148,38,92,356
23,135,13,53,224
122,23,118,148,411
49,66,67,143,325
83,24,37,30,174
70,123,119,72,384
29,68,125,127,349
38,131,70,26,265
13,102,93,102,310
109,135,31,97,372
13,53,141,50,257
140,66,77,81,364
92,13,9,140,254
49,126,54,37,266
129,114,107,7,357
63,5,65,98,231
19,69,19,35,142
18,78,72,42,210
60,96,61,133,350
61,130,33,87,311
133,77,95,141,446
33,129,52,102,316
75,138,45,1,259
123,34,94,87,338
69,71,137,147,424
147,83,77,33,340
88,53,103,45,289
124,102,82,142,450
70,91,7,54,222
120,119,74,22,335
147,148,72,121,488
137,57,145,126,465
55,61,19,21,156
135,126,77,89,427
27,140,117,55,339
31,16,76,50,173
32,130,112,23,297
136,125,59,38,358
114,48,136,141,439
2,66,67,124,259
30,76,91,57,254
74,83,99,150,406
21,16,82,114,233
41,30,114,128,313
24,34,59,1,118
48,137,45,105,335
81,94,136,98,409
143,87,148,88,466
32,1,12,44,89
52,22,39,12,125
94,137,140,24,395
56,88,137,56,337
102,98,57,99,356
53,61,148,74,336
51,53,8,7,119
115,11,38,98,262
79,109,74,147,409
6,67,103,70,246
12,82,148,117,359
135,126,69,88,418
137,5,64,45,251
61,8,17,64,150
16,24,73,14,127
86,84,85,113,368
80,89,38,83,290
85,100,51,38,274
33,130,7,75,245
5,17,60,33,115
89,44,148,18,299
114,137,22,148,421
30,48,49,102,229
93,113,135,124,465
15,100,28,141,284
109,100,25,141,375
129,60,1,6,196
137,87,25,150,399
59,57,129,29,274
22,146,115,100,383
142,148,98,105,493
9,97,111,96,313
80,63,94,75,312
129,104,34,73,340
125,9,126,75,335
123,140,5,49,317
115,25,96,30,266
71,13,121,63,268
127,56,29,94,306
23,143,120,102,388
99,86,33,131,349
40,57,8,20,125
99,126,138,123,486
104,28,1,92,225
64,99,65,15,243
105,103,49,8,265
95,28,45,1,169
94,129,146,137,506
137,9,5,105,256
143,21,129,105,398
116,149,44,18,327
111,52,124,5,292
43,120,66,70,299
38,109,4,59,210
69,5,5,11,90
102,88,86,89,365
38,13,19,90,160
78,28,86,148,340
124,23,78,3,228
147,30,94,133,404
134,111,54,115,414
115,104,56,62,337
57,87,53,141,338
73,146,90,25,334
142,71,98,126,437
60,80,31,65,236
134,59,37,120,350
74,123,35,89,321
95,146,77,5,323
42,75,144,100,361
133,92,91,1,317
62,54,32,48,196
127,115,117,116,475
37,4,71,59,171
58,60,84,108,310
20,142,97,102,361
123,34,45,14,216
85,35,54,101,275
136,112,37,94,379
99,51,16,36,202
118,140,6,147,411
118,47,77,102,344
58,23,72,65,218
150,122,87,47,406
94,111,69,99,373
37,23,14,96,170
107,45,49,39,240
74,4,29,147,254
52,101,118,65,336
43,17,47,147,254
66,100,20,89,275
44,12,8,123,187
19,78,37,133,267
34,72,77,39,222
19,133,29,114,295
141,14,82,36,273
140,132,133,101,506
50,104,72,124,350
85,123,38,71,317
80,141,54,84,359
63,82,43,66,254
68,62,62,111,303
16,99,144,35,294
139,6,8,103,256
25,72,138,64,299
7,96,34,17,154
126,80,89,98,393
107,45,112,115,379
79,70,57,76,282
39,60,36,40,175
67,80,93,27,267
39,82,101,20,242
124,33,6,2,165
82,141,94,103,420
95,73,22,3,193
34,114,77,126,351
86,7,81,58,232
2,83,39,58,182
18,7,81,130,236
12,87,105,149,353
36,77,130,67,310
90,73,104,132,399
139,110,73,148,470
96,122,94,28,340
100,83,42,5,230
71,81,127,118,397
49,124,124,80,377
99,11,28,115,253
50,88,68,109,315
77,35,73,108,293
24,78,118,67,287
73,92,145,10,320
52,93,120,31,296
77,120,133,5,335
69,133,85,67,354
20,87,109,124,340
126,108,53,103,390
121,84,142,138,485
67,53,82,22,224
83,41,29,128,281
66,78,67,30,241
17,29,25,1,72
72,23,144,86,325
3,136,18,35,192
41,91,34,116,282
49,28,99,145,321
1,5,133,7,146
40,99,30,116,285
47,150,137,1,335
13,71,49,24,157
81,43,44,23,191
89,100,50,33,272
81,34,148,2,265
10,145,11,68,234
134,13,74,104,325
70,46,17,84,217
130,24,28,65,247
27,108,62,125,322
78,38,60,45,221
141,16,11,140,308
101,57,63,89,310
111,79,98,55,343
11,21,41,27,100
50,143,54,81,328
11,70,126,53,260
77,138,25,53,293
26,64,126,149,365
95,47,32,22,196
45,103,85,38,271
51,53,38,48,190
20,33,91,17,161
150,41,41,58,290
34,38,33,134,239
9,146,150,3,308
131,44,107,134,416
106,99,124,78,407
37,107,66,77,287
86,108,131,38,363
112,19,132,42,305
58,79,88,69,294
81,51,24,122,278
49,83,38,83,253
76,104,51,64,295
87,93,132,102,414
29,147,122,115,413
51,34,27,40,152
63,90,84,66,303
6,49,119,25,199
57,68,89,82,296
88,18,130,33,269
78,142,114,121,455
44,127,86,122,379
41,99,10,146,296
41,96,64,67,268
16,13,117,12,158
108,34,43,4,189
100,12,90,63,265
25,137,98,59,319
87,115,133,76,411
123,56,33,105,317
17,88,58,70,233
138,18,42,41,239
21,94,31,150,296
104,135,119,51,409
56,150,79,61,346
8,91,58,141,298
131,3,69,140,343
115,102,50,43,310
143,90,20,23,276
127,48,90,55,320
57,8,144,23,232
37,1,106,137,281
140,143,108,130,521
13,69,70,121,273
130,10,56,4,200
94,62,38,87,281
46,9,41,19,115
112,8,11,26,157
2,48,73,8,131
107,24,104,89,324
134,135,67,129,465
150,66,108,72,396
27,100,102,121,350
52,99,61,129,341
5,46,66,30,147
132,120,136,144,532
86,90,92,73,341
14,138,105,141,398
53,80,17,119,269
120,107,106,142,475
7,36,28,24,95
33,56,10,28,127
110,96,57,69,332
34,97,116,28,275
59,8,83,100,250
57,33,77,114,281
45,91,105,52,293
67,132,103,83,385
15,13,102,53,183
22,73,103,121,319
61,11,138,109,319
69,33,91,107,300
3,137,82,141,363
36,132,15,63,246
81,79,13,97,270
142,39,28,146,355
149,110,24,130,413
59,54,143,87,343
71,136,90,116,413
39,112,97,91,339
32,62,35,139,268
35,96,81,92,304
4,147,131,108,390
30,108,140,123,401
12,94,121,60,287
125,125,103,45,398
17,47,102,31,197
29,45,4,22,100
88,87,32,62,269
58,21,57,19,155
7,9,56,21,93
93,80,135,84,392
75,96,20,36,227
2,9,101,87,199
75,41,135,6,257
81,47,71,20,219
76,101,131,140,448
4,41,98,6,149
139,25,67,16,247
43,41,44,100,228
84,68,19,146,317
92,104,45,33,274
39,51,34,91,215
126,136,72,12,346
30,103,123,147,403
138,40,96,118,392
139,79,109,94,421
112,22,150,106,390
122,130,76,124,452
38,66,26,57,187
85,61,140,124,410
82,134,129,97,442
126,109,92,142,469
105,55,28,6,194
70,95,36,84,285
139,44,67,19,269
36,148,116,32,332
66,23,52,18,159
4,129,128,57,318
114,81,30,60,285
70,73,63,38,244
6,85,86,96,273
97,65,18,16,196
84,85,74,35,278
42,131,126,146,445
77,36,128,120,361
143,47,59,60,309
80,96,44,118,338
30,91,63,124,308
127,115,123,17,382
133,79,49,17,278
17,101,109,77,304
72,87,129,31,319
130,71,139,10,350
15,79,93,80,267
47,147,147,143,484
45,24,122,61,252
89,50,100,110,349
61,94,6,113,274
112,94,1,43,250
37,126,53,85,301
98,73,109,46,326
133,76,109,50,368
11,24,4,3,42
115,101,14,10,240
105,61,79,83,328
88,37,35,6,166
120,77,62,47,306
128,46,144,23,341
139,127,133,100,499
142,24,60,8,234
90,53,52,47,242
50,92,2,23,167
34,10,88,66,198
11,67,2,128,208
11,112,141,31,295
29,148,123,33,333
54,114,147,35,350
21,7,92,17,137
10,21,127,61,219
12,122,29,64,227
78,35,53,79,245
121,45,6,2,174
78,40,10,121,249
134,115,140,140,529
55,146,31,45,277
95,10,148,125,378
99,17,130,85,331
56,100,77,42,275
13,88,40,146,287
9,148,67,112,336
109,99,47,84,339
2,75,52,23,152
119,43,110,40,312
13,133,133,145,424
2,96,106,76,280
42,4,42,44,132
89,38,96,117,340
86,140,12,58,296
1,127,32,23,183
104,4,7,36,151
47,57,74,144,322
141,136,70,44,391
20,103,31,146,300
16,87,38,112,253
61,142,6,14,223
3,119,131,121,374
115,82,34,80,311
49,82,69,108,308
104,27,149,87,367
93,47,53,100,293
29,86,111,127,353
88,130,55,149,422
78,47,104,1,230
84,24,103,50,261
113,4,23,59,199
80,75,131,96,382
73,7,68,31,179
85,135,7,37,264
112,19,117,56,304
9,110,17,122,258
67,21,24,35,147
55,45,3,82,185
93,58,69,55,275
30,148,18,74,270
135,139,134,101,509
105,39,19,111,274
134,43,51,109,337
26,111,69,24,230
8,2,91,146,247
121,68,8,49,246
124,113,119,34,390
98,49,24,132,303
43,130,6,144,323
129,58,51,22,260
51,15,90,37,193
48,101,147,119,415
80,107,65,102,354
133,73,52,56,314
58,113,129,88,388
51,79,118,62,310
117,107,35,5,264
29,98,51,150,328
46,5,67,97,215
117,28,10,39,194
62,98,144,58,362
1,57,47,80,185
36,68,86,8,198
107,98,33,60,298
109,83,18,58,268
30,26,15,66,137
7,82,88,102,279
79,111,85,27,302
47,66,123,93,329
9,15,101,86,211
6,137,130,103,376
66,20,72,135,293
5,25,10,84,124
78,6,77,115,276
141,140,65,11,357
86,65,65,31,247
73,86,109,23,291
138,60,31,43,272
67,72,47,148,334
66,87,106,8,267
1,87,94,24,206
128,34,139,71,372
106,58,14,62,240
89,95,9,95,288
99,49,84,114,346
140,71,139,50,400
13,118,137,78,346
73,55,134,128,390
69,70,74,109,322
65,138,3,147,353
101,58,127,56,342
39,35,143,94,311
11,24,15,95,145
16,37,124,86,263
143,79,91,20,333
50,132,129,33,344
14,138,50,19,221
111,27,39,7,184
61,148,14,129,352
97,146,109,99,451
127,74,119,23,343
149,69,67,25,310
111,117,145,32,405
149,126,129,96,500
125,41,99,124,389
105,125,106,76,412
102,5,120,51,278
94,6,49,51,200
92,64,116,40,312
128,94,118,55,395
11,22,150,74,257
102,110,141,115,468
8,3,3,147,161
47,132,65,133,377
84,110,39,90,323
56,79,72,33,240
71,143,56,120,390
94,96,133,143,466
117,119,19,62,317
68,8,74,118,268
10,106,30,100,246
139,111,49,75,374
82,12,119,74,287
17,27,110,68,222
125,39,2,139,305
58,118,25,82,283
150,142,32,68,392
86,125,110,2,323
36,47,135,65,283
10,100,36,62,208
86,144,117,61,408
25,17,60,90,192
59,142,134,22,357
59,96,13,50,218
43,49,121,77,290
60,49,7,40,156
114,31,91,44,280
111,62,88,61,322
15,94,73,129,311
137,125,132,98,492
150,19,109,145,423
64,17,52,79,212
32,4,65,142,243
30,42,80,67,219
99,144,24,56,323
139,46,70,21,276
150,33,98,68,349
67,88,77,112,344
116,48,12,50,226
109,35,21,24,189
68,148,145,23,384
2,49,32,17,100
52,144,63,41,300
92,119,101,99,411
55,84,15,55,209
147,49,69,93,358
32,28,71,119,250
24,149,76,95,344
24,149,76,113,362
8,38,83,83,212
113,97,51,33,294
41,125,57,23,246
31,4,134,59,228
100,66,56,112,334
139,136,113,91,479
118,149,108,122,497
96,134,119,68,417
118,71,7,3,199
137,99,91,94,421
66,8,53,106,233
8,138,45,149,340
85,121,99,132,437
80,138,127,40,385
38,16,59,142,255
68,100,89,13,270
98,147,110,146,501
2,30,143,45,220
127,33,127,89,376
76,109,61,63,309
114,102,71,148,435
122,86,80,52,340
136,77,67,55,335
19,34,111,141,305
11,76,14,31,132
119,23,55,81,278
9,67,29,72,177
108,34,75,22,239
108,25,79,97,309
110,99,134,47,390
147,117,143,37,444
68,81,70,144,363
63,98,13,36,210
123,75,145,48,391
142,13,74,142,371
14,70,64,9,157
126,138,128,40,432
10,87,68,114,279
113,41,91,73,318
49,30,150,144,373
68,111,33,33,245
73,35,127,128,363
103,50,98,26,277
42,73,72,107,294
97,85,120,127,429
47,145,55,79,326
16,101,96,33,246
102,64,148,10,324
108,66,143,133,450
145,69,43,140,397
94,130,103,36,363
7,149,149,145,450
139,127,30,17,313
74,93,120,9,296
49,54,62,134,299
72,132,98,65,367
118,52,85,34,289
40,98,59,145,342
112,123,44,66,345
108,150,120,120,498
76,77,102,70,325
21,19,54,7,101
106,15,12,83,216
121,2,2,138,263
100,100,34,119,353
38,65,65,104,272
59,23,93,130,305
2,100,87,97,286
108,148,61,111,428
24,26,41,4,95
2,35,74,25,136
58,19,138,95,310
118,38,95,82,333
66,148,8,12,234
96,91,1,1,189
137,49,68,130,384
68,116,146,96,426
112,71,115,43,341
17,14,36,143,210
76,85,103,27,291
28,10,28,147,213
27,30,79,119,255
75,135,21,82,313
126,46,20,7,199
79,58,136,53,326
27,41,51,139,258
5,11,14,9,39
108,81,105,121,415
12,27,92,116,247
26,136,145,87,394
16,1,114,10,141
3,30,35,110,178
121,47,132,43,343
23,145,81,98,347
144,83,63,23,313
86,147,119,58,410
84,138,60,23,305
116,149,8,38,311
132,148,4,21,305
102,28,54,117,301
86,95,15,5,201
39,80,68,134,321
75,99,108,85,367
28,101,142,30,301
143,149,116,51,459
73,117,86,87,363
38,78,4,38,158
72,83,131,88,374
117,2,60,110,289
101,78,67,96,342
96,95,111,147,449
136,145,98,45,424
94,135,70,125,424
4,87,97,80,268
117,35,120,96,368
77,38,70,83,268
41,80,147,142,410
53,144,130,37,364
43,49,105,124,321
29,65,11,74,179
24,118,71,91,304
43,104,8,141,296
143,39,126,105,413
60,45,22,31,158
67,103,17,62,249
50,115,5,61,231
127,91,31,143,392
104,62,62,103,331
116,60,36,103,315
102,100,19,34,255
124,83,123,46,376
139,80,67,95,381
137,60,47,6,250
131,35,28,87,281
130,118,124,141,513
79,7,85,44,215
129,44,56,71,300
138,11,122,97,368
58,52,29,82,221
136,63,83,56,338
59,2,79,33,173
67,97,100,105,369
31,82,122,87,322
140,140,118,135,533
99,73,39,129,340
141,22,7,135,305
80,49,37,69,235
138,80,105,49,372
50,30,57,64,201
90,48,67,131,336
71,85,15,46,217
115,8,13,111,247
107,22,22,116,267
93,121,84,18,316
35,74,32,135,276
76,117,41,97,331
44,45,142,142,373
80,129,125,103,437
93,143,147,148,531
31,10,41,35,117
45,13,107,16,181
92,2,109,144,347
49,84,78,116,327
59,33,128,125,345
102,98,76,2,278
85,89,15,10,199
79,74,120,120,393
33,13,49,87,182
24,33,79,107,243
5,150,99,20,274
110,4,85,84,283
57,113,99,4,273
131,102,38,111,382
132,125,51,25,333
149,121,8,139,417
137,106,24,35,302
137,116,50,138,441
37,121,148,91,397
86,34,84,9,213
41,135,61,29,266
44,38,88,48,218
28,23,143,125,319
131,142,94,48,415
95,131,29,39,294
99,60,11,104,274
25,63,62,51,201
64,149,145,47,405
31,63,124,77,295
42,138,106,12,298
113,25,132,111,381
74,76,73,145,368
103,10,71,60,244
61,11,62,133,267
123,113,127,61,424
35,66,24,70,195
80,82,120,128,410
112,145,76,90,423
132,84,79,29,324
110,68,62,52,292
14,16,100,67,197
142,134,81,108,465
33,53,123,57,266
51,42,110,60,263
90,119,90,67,366
98,48,122,133,401
117,127,91,21,356
83,90,17,80,270
118,55,80,44,297
109,17,101,66,293
105,47,9,68,229
43,104,50,3,200
71,30,7,41,149
108,81,150,43,382
39,71,29,74,213
112,24,58,5,199
127,86,110,67,390
60,127,37,51,275
85,42,55,53,235
2,81,2,133,218
75,62,40,59,236
9,137,59,129,334
131,47,23,126,327
115,123,113,98,449
89,88,40,68,285
101,42,75,140,358
4,82,144,147,377
145,26,72,8,251
117,36,145,59,357
6,114,143,35,298
128,11,54,119,312
26,91,86,59,262
140,59,134,29,362
61,39,14,1,115
126,114,80,138,458
37,75,123,85,320
95,40,89,125,349
147,28,34,31,240
72,77,117,102,368
48,124,26,99,297
105,38,122,144,409
19,103,63,50,235
57,19,116,144,336
87,115,18,50,270
132,127,23,144,426
52,24,43,19,138
90,132,140,35,397
70,39,137,112,358
12,6,60,114,192
148,64,118,47,377
1,111,9,58,179
33,95,8,25,161
127,136,16,64,343
64,112,8,38,222
28,120,138,84,370
51,54,104,25,234
11,15,58,3,87
120,143,40,14,317
90,70,135,144,439
128,5,142,133,408
131,46,43,140,360
33,134,65,101,333
33,115,46,94,288
74,66,46,10,196
12,129,135,110,386
24,95,61,143,323
107,81,111,131,430
63,73,56,29,221
149,9,68,14,240
102,70,92,106,370
36,65,95,147,343
33,103,90,109,335
78,18,64,9,169
90,99,66,72,327
65,100,89,47,301
150,64,111,17,342
19,37,36,43,135
104,125,56,126,411
111,122,111,30,374
82,6,52,80,220
13,37,10,138,198
138,106,149,116,509
122,59,56,93,330
53,140,113,113,419
110,49,91,123,373
30,57,115,106,308
2,103,58,121,284
90,46,95,31,262
134,87,84,67,372
122,4,24,127,277
68,115,94,5,282
26,73,39,45,183
71,86,135,47,339
55,38,21,25,139
89,142,86,104,421
41,33,149,8,231
135,137,136,132,540
137,74,12,71,294
76,42,54,115,287
101,44,52,78,275
88,2,89,78,257
41,79,10,141,271
113,116,141,130,500
64,80,31,22,197
143,109,53,12,317
98,54,127,9,288
63,43,137,41,284
147,92,120,31,390
123,105,19,124,371
148,140,148,93,529
66,10,108,31,215
27,111,134,141,413
41,79,12,127,259
92,23,3,32,150
81,77,7,108,273
129,119,45,10,303
38,69,26,15,148
11,11,56,76,154
131,50,149,27,357
107,131,13,93,344
97,63,83,35,278
34,68,140,136,378
80,18,28,97,223
6,42,137,146,331
34,134,61,60,289
118,77,7,7,209
3,65,49,57,174
15,133,91,115,354
12,132,75,18,237
96,110,67,64,337
36,65,62,42,205
78,24,83,87,272
109,79,67,130,385
26,6,95,75,202
86,43,1,143,273
112,52,18,150,332
21,73,47,31,172
44,53,76,45,218
1,8,116,23,148
139,81,54,88,362
61,54,18,120,253
105,49,48,119,321
75,20,16,102,213
72,99,108,88,367
40,114,53,97,304
44,98,139,35,316
108,84,70,16,278
68,53,51,124,296
30,44,135,66,275
141,45,131,126,443
86,79,60,61,286
36,141,150,13,340
82,92,76,127,377
63,62,25,30,180
16,24,131,129,300
40,90,89,62,281
80,76,85,57,298
115,11,122,105,353
72,149,12,126,359
137,101,43,122,403
65,99,85,137,386
56,141,99,109,405
17,12,42,130,201
36,122,22,3,183
64,97,77,67,305
65,58,50,50,223
119,18,73,26,236
90,40,13,50,193
12,36,144,15,207
57,123,128,124,432
5,22,73,149,249
111,135,115,90,451
10,60,105,27,202
118,78,133,114,443
146,44,36,113,339
38,112,40,69,259
79,43,6,139,267
76,145,135,113,469
91,145,75,102,413
87,88,88,131,394
94,11,62,55,222
37,56,97,129,319
61,73,90,46,270
119,33,20,24,196
61,125,122,39,347
114,89,6,30,239
85,64,74,65,288
71,85,80,95,331
148,100,37,90,375
98,18,134,7,257
136,146,61,42,385
22,55,99,60,236
111,72,118,33,334
37,80,18,110,245
58,138,51,37,284
144,3,30,101,278
61,116,49,92,318
17,74,104,71,266
2,139,105,110,356
127,148,125,4,404
126,84,132,71,413
30,114,22,81,247
21,47,39,10,117
150,135,61,108,454
66,3,33,73,175
90,2,144,137,373
46,87,16,81,230
18,2,38,148,206
93,106,132,128,459
139,7,101,58,305
79,14,123,61,277
67,47,17,120,251
70,112,114,150,446
128,134,87,113,462
64,87,115,111,377
113,40,30,18,201
53,148,142,42,385
141,135,65,147,488
38,113,25,146,322
8,52,107,94,261
41,63,104,3,211
5,83,19,43,150
150,133,107,91,481
125,132,124,83,464
74,63,15,112,264
3,117,87,55,262
26,119,95,107,347
55,57,131,102,345
15,84,41,119,259
121,43,79,8,251
78,77,71,101,327
52,9,11,118,190
39,122,131,39,331
48,54,143,13,258
100,10,31,32,173
48,125,45,2,220
70,105,61,95,331
71,64,128,34,297
79,134,82,12,307
2,131,67,21,221
1,146,36,39,222
140,142,8,141,431
41,21,71,29,162
61,47,94,138,340
9,78,108,48,243
27,139,34,94,294
91,25,62,8,186
87,50,17,35,189
90,3,129,8,230
46,136,72,135,389
146,92,10,13,261
8,9,7,63,87
7,134,41,138,320
43,49,24,65,181
26,1,83,91,201
102,137,92,103,434
149,28,79,62,318
127,12,99,115,353
51,20,123,115,309
94,72,53,108,327
50,66,149,130,395
44,78,66,104,292
33,46,54,15,148
126,7,124,89,346
84,111,33,32,260
71,17,64,134,286
127,63,39,70,299
8,81,32,38,159
59,17,70,14,160
29,37,19,127,212
129,124,32,21,306
50,63,33,110,256
96,6,91,11,204
112,42,75,98,327
30,15,112,14,171
140,13,96,41,290
1,84,128,3,216
139,65,63,56,323
37,64,87,35,223
90,71,132,72,365
92,36,81,101,310
56,46,68,128,298
65,13,25,43,146
127,99,15,90,331
43,56,8,10,117
24,113,101,126,364
68,17,14,89,188
139,144,78,69,430
123,15,129,24,291
3,20,35,14,72
116,60,29,125,330
53,127,18,138,336
103,120,22,26,271
90,63,42,134,329
52,125,135,83,395
123,136,58,132,449
53,142,39,105,339
60,11,24,130,225
32,60,20,16,128
74,117,123,115,429
88,57,78,16,239
121,9,1,57,188
36,10,124,28,198
10,71,72,74,227
100,33,77,78,288
101,37,122,30,290
76,120,1,24,221
86,60,36,128,310
16,25,133,26,200
89,101,26,113,329
47,75,90,77,289
74,143,143,74,434
39,81,61,63,244
118,21,96,43,278
45,17,93,125,280
87,140,19,56,302
70,100,149,5,324
65,138,89,130,422
15,88,10,29,142
54,9,37,46,146
74,121,20,142,357
55,128,120,78,381
83,26,140,8,257
67,58,127,108,360
8,28,1,130,167
140,55,100,103,398
8,65,139,145,357
113,25,61,11,210
144,13,145,28,330
112,101,44,130,387
52,8,23,45,128
7,2,150,73,232
17,4,17,125,163
105,122,42,2,271
64,99,86,133,382
140,88,12,58,298
132,58,116,21,327
25,62,24,84,195
60,54,38,55,207
150,148,16,52,366
53,6,15,75,149
112,94,63,11,280
19,103,128,127,377
21,48,111,124,304
140,34,84,27,285
67,114,34,8,223
130,138,74,77,419
149,8,77,98,332
146,15,71,5,237
38,141,55,65,299
26,137,56,13,232
150,40,141,86,417
41,77,38,99,255
65,130,18,95,308
11,122,121,136,390
48,7,134,116,305
36,51,122,59,268
93,107,10,55,265
53,14,42,64,173
91,40,146,139,416
138,140,97,77,452
45,9,33,20,107
133,21,97,83,334
147,36,25,86,294
26,117,28,42,213
27,87,131,148,393
143,65,111,118,437
48,45,43,73,209
32,95,132,100,359
126,23,75,17,241
69,30,16,72,187
53,113,100,32,298
14,122,50,8,194
142,117,115,90,464
7,45,61,108,221
63,90,91,92,336
137,27,105,111,380
52,69,147,62,330
56,147,69,44,316
99,72,149,82,402
116,141,44,20,321
88,103,106,136,433
5,96,50,105,256
122,67,96,42,327
149,62,98,41,350
18,97,90,140,345
81,81,106,129,397
21,119,147,56,343
72,128,2,62,264
30,108,113,34,285
147,94,106,82,429
130,130,39,147,446
88,120,22,84,314
110,128,61,119,418
104,11,144,129,388
39,131,91,9,270
84,2,93,26,205
29,12,76,2,119
101,35,107,46,289
129,59,147,59,394
28,131,33,44,236
95,29,68,9,201
81,124,68,115,388
81,123,42,69,315
43,19,99,7,168
77,122,124,83,406
107,82,117,86,392
116,58,140,60,374
54,136,28,26,244
102,137,2,8,249
140,117,118,76,451
131,71,91,81,374
10,54,57,42,163
76,106,25,14,221
44,126,108,15,293
11,144,18,79,252
107,56,112,108,383
75,34,124,136,369
23,98,39,113,273
105,76,19,70,270
112,119,54,93,378
68,51,142,58,319
70,37,38,19,164
15,19,55,143,232
146,95,122,95,458
101,36,61,75,273
112,138,118,101,469
111,1,126,127,365
74,58,21,92,245
139,131,91,95,456
109,139,148,12,408
46,84,150,31,311
141,111,73,41,366
71,117,125,136,449
69,64,52,116,301
137,133,73,37,380
30,45,34,5,114
127,80,26,138,371
27,134,58,51,270
114,107,128,69,418
109,56,82,27,274
130,116,14,124,384
87,111,67,34,299
88,45,129,106,368
31,4,11,57,103
63,80,63,24,230
64,11,4,87,166
39,106,111,63,319
130,111,71,63,375
1,112,13,6,132
68,40,121,31,260
84,6,122,111,323
129,50,23,146,348
134,13,43,56,246
26,141,26,138,331
30,104,24,89,247
95,35,55,15,200
54,115,52,121,342
2,41,143,131,317
130,19,126,29,304
111,63,62,130,366
80,22,83,36,221
61,84,109,134,388
89,60,6,35,190
38,5,86,134,263
122,89,36,126,373
98,32,75,141,346
9,74,99,77,259
93,90,97,90,370
32,4,35,117,188
30,136,91,80,337
107,18,11,56,192
123,1,61,80,265
119,49,64,9,241
115,139,150,74,478
133,20,83,136,372
140,96,80,24,340
108,142,139,137,526
124,141,124,58,447
17,70,74,135,296
94,92,35,123,344
25,118,100,94,337
126,12,13,68,219
46,5,81,2,134
27,15,138,35,215
91,6,99,26,222
143,45,112,135,435
28,115,135,94,372
23,149,26,106,304
134,138,98,99,469
77,31,97,117,322
13,76,25,91,205
141,11,37,138,327
75,121,111,137,444
67,138,52,80,337
44,83,10,24,161
69,47,102,125,343
68,19,83,118,288
56,72,148,52,328
146,84,45,104,379
139,128,90,73,430
65,102,71,29,267
32,29,67,14,142
107,71,140,24,342
115,15,103,72,305
87,90,33,53,263
140,106,64,24,334
29,120,30,20,199
130,7,39,79,255
120,91,4,21,236
96,79,126,113,414
70,14,150,17,251
113,145,101,33,392
81,42,67,40,230
21,98,9,57,185
88,135,112,108,443
106,81,68,104,359
14,12,108,86,220
111,129,115,73,428
23,114,66,50,253
146,143,3,26,318
42,6,33,109,190
99,101,100,44,344
77,33,137,63,310
89,129,124,65,407
89,6,135,20,250
119,117,83,114,433
64,102,55,98,319
21,127,18,117,283
142,54,146,123,465
59,79,27,124,289
108,117,22,39,286
10,24,23,29,86
93,92,36,64,285
59,11,101,14,185
141,60,24,8,233
5,86,143,12,246
43,12,88,7,150
111,4,17,3,135
36,16,110,63,225
124,83,35,15,257
85,115,56,11,267
74,113,84,11,282
115,96,16,122,349
129,117,29,128,403
112,113,12,123,360
26,137,118,77,358
80,96,101,72,349
100,58,50,112,320
11,8,77,55,151
65,21,96,58,240
113,107,147,31,398
27,84,77,34,222
93,121,37,76,327
112,71,122,29,334
125,132,43,150,450
117,82,125,143,467
109,100,48,146,403
19,18,110,146,293
1,140,2,12,155
119,136,48,123,426
4,105,150,21,280
150,53,24,6,233
30,145,98,148,421
118,88,13,33,252
141,69,3,82,295
149,141,63,99,452
43,23,104,17,187
47,3,45,129,224
32,76,88,65,261
110,24,43,52,229
16,88,76,18,198
23,89,72,113,297
35,1,90,26,152
64,36,54,76,230
127,50,93,71,341
67,147,64,75,353
74,26,9,91,200
18,84,66,40,208
117,123,22,57,319
37,54,18,52,161
147,105,5,125,382
36,60,36,30,162
47,70,126,85,328
5,130,1,68,204
54,11,72,71,208
73,5,30,79,187
123,67,34,146,370
60,137,30,14,241
98,113,118,133,462
120,101,75,31,327
18,94,123,4,239
72,40,61,95,268
53,107,84,111,355
65,69,62,31,227
119,110,39,61,329
129,150,17,135,431
46,127,49,129,351
46,127,56,35,264
35,75,98,100,308
61,70,90,125,346
59,17,42,100,218
68,141,70,6,285
50,114,131,48,343
54,65,148,105,372
91,3,14,7,115
63,82,45,35,225
11,66,82,104,263
32,87,69,128,316
28,4,146,112,290
96,107,7,18,228
118,55,50,148,371
145,109,49,143,446
39,6,25,141,211
116,54,13,69,252
117,145,142,1,405
78,89,5,77,249
114,137,3,96,350
49,118,145,80,392
24,80,40,56,200
23,79,98,61,261
11,53,86,45,195
16,34,49,136,235
56,144,42,104,346
124,41,9,66,240
12,76,49,136,273
96,134,63,11,304
120,32,41,46,239
137,62,4,98,301
84,59,149,50,342
83,136,34,106,359
104,86,115,9,314
45,82,90,55,272
43,81,92,135,351
32,90,7,41,170
71,47,9,69,196
83,83,122,95,383
68,23,60,22,173
137,127,147,31,442
145,128,31,29,333
46,147,61,2,256
106,71,138,34,349
73,35,87,80,275
9,33,43,43,128
76,21,47,150,294
105,26,94,51,276
109,78,20,99,306
28,138,19,120,305
28,57,73,60,218
57,31,116,36,240
103,11,55,38,207
131,94,10,27,262
53,34,150,84,321
66,92,57,96,311
25,140,126,61,352
129,144,107,38,418
20,106,61,83,270
64,75,34,28,201
104,55,142,28,329
134,92,47,32,305
141,139,72,11,363
7,96,101,30,234
82,138,118,110,448
71,75,85,20,251
134,140,30,74,378
40,100,18,128,286
75,22,36,123,256
21,51,45,97,214
103,9,22,63,197
150,120,100,23,393
7,29,25,68,129
75,81,119,1,276
21,56,122,90,289
120,98,97,35,350
105,91,58,119,373
130,88,10,29,257
82,150,25,26,283
11,7,19,126,163
127,14,98,95,334
101,29,14,22,166
39,8,39,22,108
49,86,61,27,223
2,143,119,112,376
127,120,82,53,382
110,72,10,127,319
37,88,16,37,178
31,17,46,7,101
131,124,90,141,486
44,140,42,38,264
9,7,76,37,129
97,75,38,49,259
2,27,118,35,182
145,87,139,3,374
141,136,100,15,392
33,29,15,27,104
127,72,62,13,274
108,51,56,51,266
128,84,25,85,322
62,9,150,120,341
120,149,133,9,411
102,9,46,65,222
6,94,37,117,254
120,127,35,147,429
120,142,106,34,402
146,83,135,16,380
97,137,80,38,352
89,106,122,78,395
117,122,21,146,406
56,100,107,74,337
126,78,107,150,461
86,2,132,49,269
14,79,35,16,144
148,64,77,82,371
142,54,72,17,285
90,57,143,25,315
37,109,7,65,218
23,115,101,81,320
124,9,21,137,291
50,79,41,87,257
17,9,66,132,224
17,83,86,89,275
7,71,53,57,188
65,102,124,14,305
96,97,13,108,314
81,113,93,63,350
142,122,32,60,356
123,109,127,10,369
46,146,20,87,299
64,62,104,132,362
106,4,55,79,244
130,80,22,148,380
135,84,121,81,421
120,109,61,19,309
70,77,2,93,242
64,6,54,4,128
56,31,62,131,280
77,6,45,95,223
94,20,29,33,176
18,120,90,120,348
83,9,150,21,263
37,111,97,144,389
65,131,118,23,337
31,99,143,83,356
21,143,131,5,300
78,21,136,122,357
134,115,31,90,370
127,101,53,112,393
7,98,92,27,224
38,50,34,65,187
56,87,136,120,399
93,106,63,150,412
144,49,58,83,334
64,116,101,22,303
52,117,131,22,322
130,29,95,53,307
39,126,138,83,386
77,145,148,70,440
135,104,149,14,402
22,132,143,47,344
41,81,35,140,297
3,135,113,115,366
113,94,100,97,404
121,20,122,28,291
40,97,143,15,295
28,71,114,103,316
30,11,58,105,204
121,64,113,33,331
19,144,18,120,301
119,117,139,89,464
134,38,37,99,308
20,14,124,66,224
60,79,69,78,286
117,28,94,144,383
15,111,2,146,274
40,2,87,144,273
83,137,62,6,288
61,66,116,130,373
147,107,17,34,305
37,131,50,3,221
106,148,41,93,388
125,145,86,147,503
27,5,103,57,192
47,6,22,15,90
60,66,55,23,204
75,127,34,83,319
145,98,35,13,291
117,25,129,39,310
104,72,85,137,398
16,102,103,127,348
125,115,29,102,371
75,45,126,147,393
76,130,1,7,214
126,133,52,48,359
81,50,36,93,260
93,60,10,91,254
16,135,109,146,406
85,118,68,79,350
102,69,91,136,398
44,47,27,4,122
143,67,136,2,348
61,133,35,33,262
149,20,138,97,404
136,57,37,34,264
88,80,107,70,345
55,34,124,149,362
29,71,63,22,185
136,150,103,79,468
67,73,46,81,267
60,20,139,108,327
77,110,17,105,309
82,116,36,101,335
9,34,112,96,251
18,129,95,11,253
113,123,33,125,394
62,105,68,130,365
104,101,16,61,282
35,53,130,8,226
53,58,54,21,186
96,120,74,99,389
15,41,35,92,183
85,43,110,75,313
37,62,83,141,323
29,57,146,18,250
15,32,64,44,155
113,42,42,17,214
20,110,16,77,223
86,51,87,87,311
146,12,91,104,353
141,19,3,116,279
113,3,76,144,336
63,142,122,18,345
80,59,4,88,231
57,142,9,86,294
148,117,28,2,295
42,2,40,115,199
141,47,47,100,335
14,26,78,141,259
82,42,54,14,192
64,100,43,88,295
120,132,125,146,523
97,18,94,107,316
36,138,90,121,385
133,80,137,129,479
74,110,42,99,325
38,23,147,45,253
150,84,27,28,289
76,117,147,138,478
142,111,68,49,370
112,85,145,47,389
63,16,6,115,200
138,91,26,57,312
125,75,100,40,340
82,86,38,142,348
24,128,59,65,276
124,117,142,118,501
92,122,28,29,271
81,135,114,61,391
150,142,135,41,468
2,78,94,121,295
121,98,69,21,309
23,10,108,11,152
117,32,5,135,289
65,91,25,2,183
113,28,144,102,387
10,116,114,63,303
18,45,64,17,144
130,125,15,6,276
118,90,11,46,265
15,123,8,105,251
21,36,136,75,268
11,126,138,4,279
69,46,132,89,336
117,98,28,5,248
131,75,75,142,423
131,19,64,73,287
48,88,138,92,366
6,50,143,64,263
68,124,59,111,362
24,15,124,91,254
100,115,126,1,342
42,75,84,101,302
134,141,20,91,386
129,31,113,133,406
69,35,70,20,194
122,23,28,36,209
46,52,57,117,272
139,3,93,47,282
61,147,9,47,264
61,129,85,32,307
129,78,104,38,349
57,124,123,66,370
89,12,111,34,246
102,118,28,37,285
112,85,33,38,268
84,44,103,33,264
108,40,56,87,291
23,35,84,65,207
43,122,141,8,314
23,105,123,141,392
30,32,24,148,234
59,70,75,79,283
12,79,67,23,181
128,4,95,82,309
37,106,23,128,294
96,39,11,20,166
103,12,39,47,201
88,121,2,73,284
30,143,77,53,303
37,5,21,70,133
40,31,48,8,127
116,62,11,134,323
58,132,139,94,423
150,4,18,4,176
50,81,33,47,211
79,68,15,43,205
61,5,64,87,217
89,55,136,106,386
135,8,18,15,176
127,130,128,15,400
19,81,90,83,273
134,126,74,67,401
118,92,127,6,343
134,127,35,50,346
68,96,103,129,396
50,30,48,61,189
115,108,106,72,401
18,27,67,82,194
120,52,57,132,361
49,2,32,110,193
24,72,46,43,185
41,24,39,9,113
81,28,103,9,221
111,73,76,10,270
129,99,127,130,485
39,22,30,54,145
34,129,25,93,281
108,24,14,13,159
87,64,54,94,299
41,44,59,78,222
80,94,129,99,402
45,59,139,46,289
79,47,4,104,234
95,114,103,44,356
63,106,57,140,366
62,13,34,145,254
15,84,130,72,301
144,126,119,72,461
115,133,97,43,388
19,71,59,37,186
114,20,6,86,226
28,92,23,76,219
67,136,9,58,270
121,20,37,60,238
144,137,59,52,392
58,128,43,93,322
31,122,47,93,293
55,20,34,111,220
104,146,102,148,500
87,31,49,7,174
49,13,23,118,203
51,39,49,41,180
119,32,119,25,295
88,58,4,118,268
18,82,33,90,223
5,45,134,130,314
88,35,52,23,198
89,105,96,91,381
147,32,83,134,396
54,3,63,56,176
132,86,51,44,313
38,108,66,104,316
29,4,24,77,134
34,64,69,14,181
98,83,119,3,303
71,22,108,69,270
114,110,25,128,377
104,1,28,148,281
6,114,42,85,247
88,78,140,141,447
132,147,90,81,450
46,141,143,104,434
43,14,103,101,261
82,74,134,62,352
75,69,22,80,246
76,63,24,150,313
20,120,4,13,157
15,25,111,137,288
111,147,56,123,437
71,110,33,88,302
21,93,124,38,276
83,124,44,24,275
60,71,56,97,284
60,54,55,76,245
42,76,17,129,264
12,21,103,61,197
68,59,94,31,252
135,26,6,54,221
136,41,14,21,212
36,61,99,52,248
110,62,89,35,296
68,122,4,124,318
63,31,87,27,208
147,83,132,149,511
122,92,10,138,362
147,39,58,20,264
134,70,26,88,318
134,143,5,73,355
95,134,92,118,439
55,32,32,59,178
48,87,84,118,337
95,41,107,128,371
71,136,38,42,287
89,57,74,107,327
103,64,44,101,312
45,44,108,131,328
28,8,10,146,192
10,44,139,15,208
136,140,15,120,411
2,92,1,102,197
146,24,139,18,327
72,60,64,92,288
59,59,143,147,408
34,11,97,2,144
1,128,81,47,257
113,149,125,39,426
90,115,34,123,362
68,127,52,121,368
96,96,126,92,410
136,137,65,140,478
23,89,98,109,319
97,14,110,25,246
46,67,137,40,290
134,83,73,111,401
129,27,119,111,386
143,149,96,103,491
137,50,113,9,309
35,69,132,5,241
98,60,61,71,290
110,131,149,39,429
99,66,109,43,317
15,129,84,23,251
23,51,7,75,156
107,21,20,33,181
100,24,100,142,366
20,135,68,24,247
35,135,33,121,324
71,63,111,144,389
36,101,107,120,364
39,56,100,66,261
33,23,120,43,219
135,82,113,139,469
140,18,110,53,321
139,103,39,132,413
23,121,136,40,320
50,49,69,143,311
88,21,131,90,330
98,135,38,33,304
142,106,133,28,409
45,94,145,72,356
3,60,31,18,112
73,63,76,48,260
88,111,121,20,340
80,17,14,139,250
79,43,98,115,335
33,146,15,90,284
32,15,59,139,245
114,101,50,46,311
117,78,32,122,349
47,49,11,118,225
135,84,108,97,424
35,125,32,65,257
5,73,57,34,169
57,99,77,136,369
23,44,12,139,218
18,35,89,33,175
96,109,12,19,236
64,69,119,70,322
2,119,129,7,257
56,86,130,135,407
77,93,66,103,339
35,46,150,148,379
90,134,80,37,341
81,146,59,16,302
74,133,134,61,402
42,54,22,113,231
69,36,131,103,339
1,40,133,71,245
67,73,54,27,221
95,64,73,52,284
68,80,144,65,357
20,6,138,90,254
19,96,128,88,331
117,83,60,84,344
89,146,132,4,371
51,93,34,138,316
121,142,83,121,467
18,5,8,103,134
74,141,140,106,461
121,130,60,75,386
79,146,79,7,311
57,22,47,67,193
116,61,72,47,296
127,124,33,91,375
36,120,123,103,382
14,36,85,71,206
99,129,75,9,312
50,100,62,148,360
48,15,60,106,229
100,76,21,114,311
23,44,53,142,262
123,12,107,2,244
89,56,118,27,290
31,19,85,94,229
110,90,69,72,341
74,71,145,133,423
2,29,107,32,170
68,138,72,75,353
61,56,62,63,242
1,39,102,91,233
27,105,13,121,266
61,46,132,57,296
86,76,68,111,341
121,99,120,140,480
143,90,7,105,345
135,112,10,90,347
71,130,55,142,398
131,20,77,62,290
47,76,52,45,220
35,133,114,74,356
147,50,101,94,392
1,106,95,19,221
21,71,29,109,230
35,65,52,125,277
114,109,9,11,243
27,82,139,80,328
34,21,108,51,214
126,105,111,16,358
27,76,80,120,303
103,4,78,72,257
97,129,113,114,453
134,91,98,40,363
112,119,25,22,278
146,49,132,81,408
20,51,65,44,180
14,75,133,123,345
36,14,50,37,137
95,45,62,98,300
20,4,20,85,129
113,103,18,130,364
92,107,60,29,288
15,72,45,10,142
102,131,1,121,355
26,3,66,29,124
111,102,4,98,315
26,113,20,15,174
147,87,46,80,360
113,55,84,89,341
76,135,7,65,283
106,131,6,89,332
26,74,84,149,333
5,106,136,59,306
93,43,101,32,269
104,143,70,97,414
5,11,82,60,158
96,8,93,133,330
47,125,8,83,263
88,140,68,93,389
78,77,40,33,228
120,62,67,22,271
16,8,23,2,49
86,8,98,50,242
77,115,118,70,380
70,26,14,2,112
33,83,134,28,278
94,110,24,119,347
12,31,107,10,160
1,4,79,66,150
143,59,46,59,307
97,76,142,14,329
45,139,125,70,379
80,137,9,21,247
20,118,71,116,325
138,22,55,38,253
57,1,138,72,268
132,104,131,73,440
150,71,15,89,325
93,92,88,52,325
28,119,76,118,341
63,103,136,69,371
94,65,112,70,341
13,119,38,97,267
97,54,44,118,313
3,95,46,9,153
138,66,68,40,312
65,31,100,129,325
134,55,40,116,345
39,59,126,15,239
4,89,45,29,167
59,127,120,5,311
145,121,95,29,390
46,29,77,84,236
130,6,93,41,270
131,25,98,26,280
135,97,112,53,397
144,135,16,98,393
56,130,102,148,436
88,133,147,70,438
41,56,100,109,306
86,136,91,83,396
24,134,80,4,242
55,3,66,93,217
121,34,118,97,370
13,49,46,36,144
75,20,19,25,139
81,78,2,32,193
8,133,128,2,271
134,79,79,34,326
46,104,150,58,358
25,55,143,132,355
36,110,20,65,231
90,10,132,42,274
96,88,72,106,362
129,49,141,73,392
91,76,18,41,226
59,133,60,116,368
124,1,45,49,219
125,18,144,113,400
65,123,84,2,274
23,15,131,64,233
137,127,110,44,418
125,104,118,38,385
137,44,36,112,329
3,134,25,62,224
18,78,149,12,257
140,137,3,122,402
121,80,10,124,335
4,20,78,81,183
99,126,106,12,343
129,52,90,17,288
96,42,82,124,344
62,135,50,97,344
16,146,125,100,387
137,49,62,129,377
59,30,85,68,242
88,79,138,6,311
146,66,64,67,343
80,65,51,95,291
121,78,94,134,427
45,5,47,64,161
16,64,137,141,358
146,46,94,73,359
20,130,32,141,323
113,54,126,57,350
88,135,53,144,420
131,131,145,108,515
47,6,28,56,137
31,129,61,39,260
77,135,66,37,315
5,48,115,139,307
13,52,6,22,93
115,143,18,70,346
128,124,69,53,374
127,84,112,134,457
72,98,54,102,326
76,124,87,42,329
142,69,69,8,288
18,36,21,120,195
65,48,53,86,252
142,62,6,28,238
77,82,123,53,335
63,29,20,25,137
100,119,127,33,379
25,14,149,147,335
12,90,97,38,237
27,85,121,57,290
111,59,135,16,321
87,106,14,5,212
65,34,44,123,266
120,121,51,62,354
49,21,49,95,214
19,119,28,146,312
65,34,20,128,247
64,64,13,55,196
51,5,6,30,92
101,149,26,125,401
86,71,29,93,279
4,103,130,57,294
125,68,17,43,253
73,128,19,72,292
123,49,87,67,326
10,84,43,41,178
142,41,108,109,400
130,39,121,78,368
88,38,74,59,259
66,147,127,117,457
108,18,27,14,167
84,54,75,55,268
32,73,148,57,310
29,51,123,19,222
33,90,52,45,220
126,98,93,45,362
48,81,102,17,248
39,110,68,129,346
2,99,88,32,221
101,105,49,56,311
62,147,141,99,449
17,63,4,13,97
81,51,123,45,300
57,64,120,29,270
41,15,36,150,242
17,132,36,13,198
44,77,114,3,238
80,55,57,69,261
73,38,85,137,333
91,125,64,64,344
107,116,61,1,285
66,141,55,113,375
109,37,124,98,368
108,4,9,104,225
82,3,147,54,286
143,100,84,59,386
119,8,146,89,362
95,134,126,26,381
81,117,31,84,313
93,98,20,143,354
27,147,62,90,326
131,24,71,119,345
116,101,54,11,282
45,78,64,71,258
27,79,11,3,120
33,55,45,78,211
88,81,136,14,319
63,35,67,43,208
62,133,80,142,417
94,46,106,128,374
14,111,30,57,212
93,28,59,105,285
59,18,85,79,241
113,72,109,70,364
74,145,66,79,364
32,46,105,73,256
6,76,148,100,330
7,143,150,22,322
134,66,62,77,339
7,17,38,107,169
107,45,150,119,421
128,30,74,16,248
112,71,126,144,453
66,103,65,140,374
90,20,41,32,183
76,106,62,95,339
108,80,137,120,445
133,38,37,90,298
102,149,29,68,348
8,116,66,3,193
21,123,61,5,210
129,25,8,128,290
107,149,95,95,446
134,5,62,54,255
6,106,56,125,293
91,111,58,99,359
18,48,76,117,259
72,131,46,55,304
52,103,125,67,347
33,94,57,143,327
20,35,3,143,201
45,62,133,115,355
116,13,98,112,339
143,147,109,37,436
98,108,22,129,357
136,123,73,42,374
22,111,117,46,296
119,128,56,13,316
46,17,42,10,115
71,146,72,147,436
116,135,101,39,391
85,1,36,54,176
49,132,98,88,367
25,86,51,65,227
13,40,119,148,320
87,63,149,120,419
108,6,48,71,233
109,70,85,127,391
94,74,37,110,315
16,93,90,147,346
54,146,49,38,287
40,98,11,25,174
19,16,138,68,241
29,116,134,124,403
39,121,41,7,208
80,18,48,136,282
82,75,36,97,290
138,61,71,123,393
29,26,19,149,223
3,60,81,52,196
34,19,72,117,242
86,35,46,89,256
94,1,55,33,183
83,108,23,137,351
140,148,95,74,457
46,149,143,49,387
92,38,27,120,277
149,1,21,86,257
58,99,38,97,292
35,114,102,109,360
58,112,79,114,363
130,88,99,50,367
142,91,63,81,377
93,143,3,40,279
6,51,32,62,151
34,1,143,44,222
16,71,138,70,295
104,107,35,27,273
44,14,10,96,164
61,109,41,110,321
131,7,63,75,276
87,89,30,125,331
37,24,25,79,165
89,115,104,49,357
79,65,74,97,315
109,27,13,79,228
71,147,39,12,269
137,120,65,129,451
59,121,83,105,368
97,149,5,21,272
58,43,102,85,288
12,85,126,33,256
126,21,56,39,242
1,8,12,107,128
134,123,25,58,340
17,147,149,71,384
7,83,63,23,176
73,57,85,9,224
7,107,77,111,302
135,80,121,6,342
27,108,62,85,282
81,125,35,112,353
38,58,92,32,220
141,97,74,124,436
6,66,132,20,224
46,121,88,25,280
113,106,28,78,325
133,49,132,45,359
12,44,122,130,308
70,28,108,142,348
137,15,67,45,264
146,85,138,33,402
63,132,145,117,457
85,21,94,116,316
2,133,68,71,274
57,50,51,27,185
30,29,66,150,275
54,21,112,76,263
131,146,120,114,511
61,56,21,62,200
83,132,31,67,313
21,43,15,44,123
102,44,102,124,372
139,33,11,134,317
122,49,109,142,422
51,63,41,27,182
105,38,100,39,282
20,42,116,41,219
88,26,23,37,174
8,149,137,97,391
95,120,133,130,478
100,56,81,63,300
15,23,139,118,295
96,62,39,97,294
29,59,104,126,318
115,135,46,59,355
137,112,20,2,271
127,83,105,36,351
76,94,97,104,371
30,126,76,65,297
74,82,136,3,295
26,36,19,56,137
47,76,30,139,292
12,53,103,32,200
50,5,98,87,240
28,13,62,145,248
37,3,56,100,196
8,82,122,77,289
136,62,112,26,336
98,45,136,148,427
48,57,141,119,365
131,146,98,63,438
142,6,129,133,410
44,78,125,91,338
119,83,43,12,257
102,81,94,87,364
50,139,138,52,379
20,114,150,132,416
14,9,36,59,118
72,47,9,149,277
106,113,4,4,227
120,58,22,100,300
127,144,128,61,460
68,41,99,24,232
137,46,42,17,242
140,44,130,138,452
4,147,138,145,434
41,110,37,34,222
16,3,8,59,86
74,17,78,15,184
131,41,127,141,440
34,102,24,38,198
26,62,106,31,225
15,19,37,129,200
28,124,85,105,342
40,101,117,87,345
144,47,26,148,365
87,143,38,19,287
79,136,12,107,334
42,55,68,43,208
110,141,149,70,470
133,133,25,107,398
51,68,131,61,311
62,97,27,118,304
146,140,33,25,344
109,147,100,47,403
132,144,79,47,402
36,29,67,79,211
41,139,102,126,408
150,38,98,74,360
101,42,67,61,271
97,71,119,74,361
62,19,141,106,328
66,10,62,8,146
82,17,27,92,218
68,121,75,135,399
84,86,125,66,361
64,125,146,83,418
4,59,140,38,241
9,33,51,45,138
49,97,114,129,389
23,67,132,62,284
103,35,98,115,351
108,12,103,24,247
38,109,82,148,377
72,26,133,134,365
113,113,52,53,331
50,13,32,116,211
56,92,71,19,238
54,40,32,138,264
146,37,136,141,460
34,90,107,51,282
89,69,124,57,339
30,116,135,86,367
133,50,135,130,448
79,9,80,35,203
87,133,96,89,405
80,11,23,11,125
50,52,133,137,372
74,5,126,83,288
149,134,23,63,369
88,65,7,137,297
58,68,113,58,297
48,72,36,20,176
47,32,149,91,319
7,93,26,83,209
108,47,33,47,235
53,28,58,73,212
63,129,91,142,425
56,125,93,14,288
70,63,74,102,309
107,121,138,3,369
45,123,66,67,301
97,49,15,74,235
146,138,61,104,449
41,40,54,48,183
121,35,42,32,230
105,66,141,85,397
18,38,110,113,279
16,21,5,147,189
31,54,83,17,185
51,42,53,141,287
119,104,52,55,330
54,129,150,96,429
95,26,71,62,254
116,59,49,67,291
60,46,91,138,335
72,22,100,12,206
89,68,136,84,377
2,20,2,132,156
107,27,136,73,343
145,52,15,69,281
27,59,55,80,221
131,139,52,61,383
129,106,18,84,337
144,39,51,50,284
70,76,6,136,288
93,92,61,125,371
45,148,100,80,373
72,46,107,118,343
143,8,39,62,252
95,96,51,53,295
121,62,150,128,461
15,18,101,138,272
3,103,13,102,221
67,54,99,93,313
102,11,93,127,333
43,39,44,112,238
142,17,50,59,268
5,82,64,124,275
27,44,46,8,125
77,10,71,137,295
97,11,92,39,239
4,36,54,78,172
105,22,20,98,245
142,57,122,134,455
17,148,125,45,335
40,124,130,131,425
109,71,57,105,342
102,108,92,76,378
30,114,42,57,243
82,127,105,79,393
35,134,69,102,340
134,41,15,112,302
52,19,97,25,193
24,123,15,59,221
127,123,20,135,405
100,35,139,109,383
116,140,119,16,391
82,93,136,7,318
140,34,81,6,261
101,52,122,85,360
127,120,123,92,462
148,46,79,138,411
41,11,59,8,119
135,16,6,62,219
27,15,105,80,227
7,96,104,121,328
138,17,132,7,294
140,46,32,73,291
23,140,93,83,339
149,28,80,24,281
101,143,94,6,344
105,41,148,145,439
37,41,59,88,225
85,81,128,101,395
20,42,10,20,92
143,87,114,130,474
143,24,124,41,332
26,2,147,69,244
110,71,69,63,313
37,30,58,110,235
49,4,81,57,191
68,5,14,64,151
130,31,19,2,182
36,106,17,132,291
81,40,34,35,190
55,141,45,63,304
138,105,144,85,472
121,148,147,145,561
106,135,88,91,420
62,51,34,48,195
19,27,8,34,88
11,37,87,73,208
124,48,84,110,366
101,79,150,39,369
94,36,49,57,236
143,63,35,95,336
12,129,62,16,219
39,68,6,18,131
78,126,111,59,374
125,136,100,99,460
140,7,51,76,274
129,134,47,136,446
102,71,122,42,337
106,79,82,36,303
78,102,95,43,318
136,34,100,127,397
133,31,147,119,430
36,129,55,63,283
126,104,9,149,388
58,128,7,120,313
67,80,14,36,197
66,112,95,1,274
62,18,86,123,289
134,124,53,15,326
90,98,143,15,346
66,58,50,146,320
95,24,75,8,202
90,22,96,123,331
10,67,13,46,136
56,58,19,59,192
67,116,78,144,405
51,72,53,118,294
7,83,142,84,316
82,84,4,39,209
13,36,44,144,237
8,142,28,91,269
79,25,38,55,197
145,68,98,126,437
46,13,113,16,188
32,90,54,6,182
131,97,53,12,293
2,80,74,10,166
44,128,134,58,364
91,61,88,9,249
129,1,131,111,372
47,94,1,131,273
76,119,107,77,379
10,80,100,29,219
23,10,91,138,262
66,110,138,85,399
125,112,125,96,458
27,50,67,3,147
46,27,15,135,223
71,141,110,94,416
109,17,114,143,383
108,74,87,149,418
106,68,103,147,424
17,147,134,30,328
19,133,84,105,341
70,119,74,51,314
142,144,95,83,464
22,138,104,125,389
55,97,48,32,232
25,147,94,34,300
126,125,120,49,420
40,8,135,72,255
28,149,91,146,414
18,82,144,36,280
40,56,103,11,210
117,92,133,35,377
85,96,55,138,374
78,10,14,74,176
129,73,26,126,354
10,117,37,42,206
59,14,135,113,321
148,93,46,132,419
83,146,52,134,415
33,18,28,96,175
33,21,66,23,143
119,70,35,119,343
73,93,88,112,366
83,93,127,42,345
88,82,72,38,280
29,43,68,133,273
37,109,105,48,299
108,92,47,39,286
68,19,70,135,292
37,27,28,112,204
90,96,37,34,257
79,105,42,25,251
56,88,67,22,233
100,67,100,45,312
38,44,126,4,212
57,145,9,60,271
89,66,101,42,298
56,138,23,91,308
76,83,97,124,380
75,106,114,58,353
108,7,39,48,202
62,139,121,27,349
24,120,84,131,359
72,24,7,116,219
45,136,139,20,340
149,44,146,7,346
9,21,18,134,182
144,113,24,68,349
18,82,84,24,208
149,30,53,46,278
99,54,90,69,312
123,137,56,130,446
11,73,56,37,177
130,56,50,84,320
56,54,126,5,241
145,10,51,12,218
55,80,67,54,256
93,42,6,43,184
7,105,88,110,310
120,74,48,59,301
98,35,126,5,264
1,108,125,82,316
72,142,143,150,507
99,26,37,105,267
93,119,27,56,295
109,98,80,118,405
19,56,62,119,256
92,6,72,46,216
115,70,22,14,221
18,105,119,92,334
100,113,43,23,279
109,40,93,100,342
139,18,150,14,321
25,86,121,62,294
141,133,49,69,392
127,143,150,27,447
103,86,127,117,433
118,146,143,58,465
80,74,84,78,316
72,76,138,142,428
90,93,89,34,306
30,50,136,136,352
90,92,128,22,332
71,76,75,26,248
96,80,4,73,253
92,92,16,59,259
140,72,56,126,394
31,74,107,112,324
39,129,11,100,279
77,69,1,72,219
79,5,35,75,194
32,47,132,18,229
21,6,136,140,303
140,27,81,73,321
45,94,29,103,271
60,49,11,45,165
148,99,45,137,429
49,134,34,31,248
59,7,74,30,170
95,24,15,27,161
110,85,32,116,343
26,124,90,101,341
105,144,148,124,521
127,98,25,12,262
7,102,48,113,270
73,69,123,9,274
75,81,47,1,204
117,14,47,115,293
34,62,53,44,193
35,22,30,107,194
82,148,60,15,305
19,24,148,45,236
29,8,14,134,185
43,88,94,124,349
43,101,126,124,394
31,85,143,114,373
39,63,69,102,273
13,9,31,8,61
51,72,60,111,294
5,81,100,95,281
24,104,84,146,358
91,149,96,18,354
8,57,20,147,232
80,13,26,110,229
6,136,20,46,208
54,72,31,101,258
30,52,92,20,194
84,13,46,110,253
75,26,149,88,338
52,70,50,80,252
93,23,111,108,335
74,109,19,104,306
12,123,49,46,230
135,2,15,50,202
90,18,36,120,264
145,107,20,108,380
42,34,25,79,180
119,16,9,100,244
143,111,88,103,445
132,1,121,126,380
47,56,141,46,290
131,21,13,64,229
108,41,102,144,395
88,100,2,140,330
143,138,147,88,516
92,38,10,132,272
100,7,76,90,273
134,127,116,34,411
39,25,129,70,263
19,110,3,1,133
95,125,119,77,416
135,76,119,7,337
146,107,118,117,488
132,105,56,44,337
39,52,141,109,341
147,92,71,118,428
13,99,35,51,198
90,104,27,86,307
43,101,147,39,330
58,78,133,145,414
14,114,14,77,219
131,59,27,74,291
28,65,133,113,339
94,50,148,14,306
38,95,130,16,279
64,70,136,40,310
75,31,96,15,217
144,17,89,132,382
16,33,70,8,127
34,5,108,61,208
11,136,23,131,301
109,20,87,75,291
8,122,124,27,281
142,138,137,10,427
63,89,70,56,278
10,103,147,21,281
51,146,81,81,359
135,82,61,144,422
28,6,124,34,192
111,84,120,30,345
92,7,144,69,312
25,71,75,150,321
137,71,125,128,461
95,61,130,23,309
111,124,106,141,482
53,55,40,15,163
122,124,148,11,405
118,49,147,123,437
86,35,25,84,230
111,4,95,116,326
57,107,17,96,277
41,72,28,37,178
113,141,143,59,456
148,88,18,109,363
97,61,21,23,202
111,87,76,121,395
21,61,119,85,286
127,97,95,111,430
76,119,60,112,367
124,39,105,29,297
101,15,132,141,389
43,140,81,69,333
82,105,138,93,418
107,35,1,26,169
27,11,139,50,227
118,66,128,74,386
43,62,125,17,247
46,93,20,53,212
31,50,100,76,257
148,8,123,87,366
148,32,90,33,303
125,100,94,11,330
57,63,89,2,211
135,46,12,27,220
51,123,107,40,321
70,141,94,126,431
67,105,9,5,186
89,86,129,142,446
89,145,8,69,311
98,15,19,49,181
77,17,30,52,176
56,109,137,123,425
67,69,32,68,236
113,43,4,133,293
107,44,129,114,394
101,83,19,137,340
150,135,40,66,391
147,56,71,53,327
115,16,81,121,333
21,65,116,122,324
112,62,43,96,313
51,129,50,112,342
60,71,74,68,273
83,63,1,129,276
120,31,125,61,337
79,115,122,31,347
93,125,64,77,359
91,23,96,54,264
18,63,64,98,243
3,76,102,47,228
46,113,109,44,312
103,107,100,106,416
118,105,42,111,376
92,49,59,42,242
8,138,88,46,280
94,46,47,87,274
68,57,145,147,417
71,99,35,34,239
97,51,114,48,310
9,82,123,124,338
93,84,22,43,242
144,130,135,55,464
76,145,115,122,458
97,88,48,94,327
86,4,113,4,207
141,56,66,10,273
52,26,100,118,296
134,129,94,13,370
14,13,93,93,213
93,146,29,42,310
123,125,27,147,422
55,20,54,110,239
75,33,117,29,254
75,73,8,122,278
105,30,96,21,252
37,122,135,115,409
130,60,23,54,267
134,96,143,75,448
142,19,149,120,430
53,119,78,93,343
23,70,51,70,214
130,112,135,48,425
34,49,4,140,227
117,119,150,55,441
12,101,45,56,214
2,38,71,61,172
99,29,43,52,223
30,140,105,76,351
133,29,17,80,259
23,47,24,81,175
36,84,84,31,235
79,131,144,104,458
99,50,121,101,371
76,106,32,106,320
102,103,121,145,471
79,84,13,71,247
101,16,24,18,159
96,118,120,125,459
35,92,102,4,233
117,102,50,38,307
148,47,139,142,476
130,24,24,128,306
63,36,57,107,263
34,72,12,145,263
109,25,3,145,282
90,118,85,81,374
111,24,16,1,152
139,55,80,94,368
27,51,79,134,291
107,143,86,111,447
108,129,41,16,294
141,14,50,90,295
149,39,66,40,294
59,32,87,100,278
74,47,78,22,221
27,121,87,11,246
40,17,74,9,140
82,34,95,76,287
3,7,66,69,145
35,106,107,68,316
82,73,25,90,270
134,21,122,89,366
125,107,44,36,312
14,76,116,104,310
113,43,111,21,288
120,97,9,44,270
123,14,127,28,292
138,13,99,20,270
22,110,60,64,256
94,47,47,146,334
78,121,147,42,388
80,66,65,133,344
36,98,108,84,326
76,1,38,9,124
143,142,64,125,474
46,36,95,49,226
114,137,41,21,313
98,84,33,128,343
52,99,118,11,280
66,108,71,60,305
13,124,127,129,393
27,113,15,14,169
112,43,90,117,362
148,147,27,59,381
77,64,127,24,292
76,8,147,23,254
74,87,86,110,357
145,139,50,135,469
150,111,71,47,379
80,102,144,27,353
83,9,125,98,315
63,16,95,57,231
114,26,8,45,193
49,118,76,87,330
1,89,58,30,178
19,9,124,69,221
133,133,10,60,336
81,89,114,139,423
87,12,21,100,220
105,120,92,103,420
86,59,90,52,287
106,69,149,90,414
37,15,22,70,144
48,25,66,136,275
150,42,120,45,357
144,53,136,127,460
24,66,147,111,348
111,115,68,47,341
72,19,91,130,312
131,111,27,36,305
130,18,39,62,249
124,63,68,16,271
61,42,69,6,178
132,92,116,49,389
26,52,89,102,269
85,65,145,65,360
103,3,5,60,171
61,46,88,26,221
90,75,8,149,322
35,138,55,9,237
77,73,91,137,378
77,45,40,67,229
31,61,37,126,255
62,30,2,129,223
100,15,111,119,345
73,13,47,113,246
61,79,64,49,253
56,120,119,111,406
59,82,92,79,312
126,123,84,146,479
106,141,93,91,431
24,80,6,47,157
113,137,104,81,435
64,16,110,104,294
18,73,64,124,279
93,32,63,28,216
129,21,148,12,310
82,123,3,128,336
75,147,85,32,339
80,62,80,26,248
32,64,19,103,218
11,96,34,88,229
91,60,75,30,256
17,112,121,43,293
62,64,8,38,172
72,117,103,124,416
2,106,21,21,150
63,2,93,42,200
130,115,147,150,542
30,110,48,1,189
114,140,7,1,262
100,132,8,67,307
74,31,78,115,298
143,120,70,68,401
39,79,14,33,165
77,72,85,149,383
139,89,84,108,420
42,33,112,93,280
14,93,109,58,274
134,124,73,135,466
135,111,26,139,411
122,68,88,78,356
31,1,83,23,138
122,6,36,12,176
22,93,60,21,196
42,16,5,74,137
98,41,108,68,315
145,48,116,82,391
33,116,29,57,235
35,128,72,145,380
66,8,7,134,215
9,52,149,34,244
24,137,21,137,319
87,132,65,120,404
125,15,32,31,203
113,53,63,127,356
115,150,14,65,344
12,144,16,113,285
11,133,95,65,304
41,93,9,95,238
77,100,35,149,361
54,133,73,146,406
80,45,131,132,388
60,15,93,63,231
13,53,25,16,107
68,60,73,119,320
35,46,97,62,240
135,104,148,138,525
80,135,54,33,302
73,121,80,136,410
81,82,84,99,346
109,43,23,147,322
60,79,17,149,305
28,92,133,20,273
11,124,56,105,296
3,148,86,149,386
50,142,29,21,242
37,68,88,68,261
58,38,69,29,194
130,100,83,100,413
43,21,9,13,86
119,22,4,80,225
14,60,76,144,294
51,92,7,144,294
98,79,15,146,338
150,37,120,146,453
77,75,101,7,260
150,122,146,87,505
38,117,64,150,369
25,73,84,69,251
133,67,130,126,456
63,96,134,44,337
17,102,150,134,403
99,108,127,20,354
80,127,87,115,409
76,137,23,104,340
88,35,144,88,355
58,32,74,86,250
16,50,18,87,171
89,148,29,49,315
64,80,72,116,332
32,33,50,72,187
135,47,144,107,433
137,49,67,83,336
2,86,68,137,293
52,78,14,82,226
80,70,29,67,246
61,34,14,134,243
49,27,53,68,197
137,100,76,50,363
139,58,70,78,345
100,69,82,117,368
26,47,22,85,180
74,131,83,72,360
14,10,110,71,205
137,116,122,60,435
40,64,127,123,354
91,129,98,129,447
72,36,51,113,272
9,3,63,89,164
67,16,76,11,170
53,20,140,50,263
65,111,88,73,337
40,127,146,114,427
34,60,107,111,312
90,43,44,97,274
9,68,83,98,258
73,121,133,72,399
42,68,86,49,245
58,102,144,5,309
70,50,127,68,315
20,144,35,129,328
130,72,18,58,278
87,43,137,138,405
7,42,134,35,218
38,73,34,55,200
31,120,147,132,430
24,115,90,140,369
63,70,87,112,332
37,107,11,21,176
56,58,52,67,233
6,83,83,84,256
108,105,87,66,366
77,93,45,43,258
49,94,32,138,313
83,25,133,147,388
123,13,1,64,201
117,94,7,107,325
129,9,115,147,400
120,120,65,113,418
109,87,29,26,251
9,77,81,56,223
18,93,79,44,234
113,106,71,118,408
129,5,104,12,250
127,22,82,37,268
128,33,121,98,380
47,85,9,73,214
110,112,126,71,419
63,40,41,9,153
26,130,91,86,333
128,110,59,16,313
66,86,51,121,324
132,130,14,90,366
41,11,147,141,340
122,3,150,10,285
149,126,134,41,450
103,97,16,147,363
125,86,63,34,308
89,34,64,77,264
99,94,130,81,404
134,75,77,59,345
75,150,78,75,378
73,133,47,89,342
142,15,18,133,308
107,150,98,103,458
22,34,120,35,211
16,27,17,1,61
85,114,21,38,258
40,24,47,18,129
108,8,65,96,277
52,37,94,145,328
2,17,26,21,66
147,34,136,79,396
109,88,131,49,377
140,96,89,1,326
44,68,65,105,282
142,49,39,146,376
108,69,139,15,331
36,3,61,132,232
141,108,89,135,473
91,47,143,50,331
85,40,121,4,250
102,95,146,30,373
83,19,123,99,324
92,140,89,121,442
40,27,40,88,195
29,110,116,5,260
33,120,127,59,339
57,71,64,113,305
22,75,136,131,364
72,73,26,65,236
58,6,132,139,335
134,29,12,123,298
107,54,53,94,308
12,38,40,3,93
86,71,77,129,363
138,21,136,50,345
115,24,148,17,304
56,150,42,30,278
11,51,111,22,195
82,37,56,126,301
29,5,32,97,163
17,121,26,108,272
83,127,136,64,410
53,99,58,8,218
8,13,13,133,167
105,142,12,48,307
105,116,104,93,418
129,95,39,98,361
37,22,114,39,212
138,103,44,138,423
41,81,115,144,381
108,137,93,74,412
99,5,22,19,145
98,90,72,146,406
100,134,140,95,469
64,128,80,14,286
65,101,133,149,448
113,91,133,135,472
13,91,104,134,342
65,9,117,111,302
7,61,128,93,289
4,128,97,120,349
21,34,150,70,275
39,86,65,46,236
58,118,82,2,260
149,67,120,128,464
146,72,30,35,283
61,20,126,24,231
129,119,108,107,463
78,118,148,138,482
7,32,147,114,300
69,117,58,5,249
13,44,61,66,184
62,123,136,67,388
48,36,9,57,150
77,149,27,88,341
108,5,103,130,346
20,59,55,39,173
96,30,4,78,208
145,39,150,79,413
85,138,114,37,374
2,32,7,82,123
43,57,82,18,200
13,93,81,42,229
14,127,16,76,233
26,23,56,144,249
60,113,92,10,275
105,2,101,134,342
46,127,111,111,395
83,12,97,86,278
85,48,23,69,225
75,139,29,104,347
33,83,38,43,197
110,111,130,18,369
62,138,21,150,371
126,103,107,105,441
124,43,79,98,344
12,103,37,91,243
130,102,49,18,299
138,9,105,149,401
25,98,94,131,348
129,131,145,37,442
148,68,117,3,336
35,102,132,38,307
37,30,43,52,162
105,80,100,61,346
25,149,110,18,302
82,103,55,122,362
127,8,31,93,259
126,80,74,33,313
94,110,118,47,369
39,8,140,90,277
117,46,12,75,250
70,91,88,140,389
150,67,25,25,267
113,107,104,61,385
14,76,105,121,316
76,109,81,112,378
85,111,96,88,380
101,121,90,109,421
43,34,16,24,117
28,35,26,21,110
69,27,87,132,315
122,37,143,1,303
26,12,120,25,183
11,39,68,106,224
98,83,27,125,333
37,28,118,132,315
85,66,136,19,306
59,4,66,63,192
120,60,132,33,345
72,138,107,126,443
18,35,24,78,155
37,30,125,142,334
47,18,60,82,207
61,73,54,19,207
49,139,51,91,330
87,124,126,27,364
133,64,27,113,337
121,79,23,58,281
136,28,71,112,347
50,118,140,6,314
31,86,119,46,282
131,56,119,82,388
147,150,102,85,484
105,115,144,111,475
57,91,24,132,304
140,138,130,147,555
70,19,30,149,268
86,66,36,1,189
55,58,85,81,279
15,37,146,21,219
127,94,126,77,424
12,87,66,69,234
9,68,75,48,200
30,54,84,58,226
2,15,25,87,129
20,138,132,90,380
120,52,27,58,257
4,80,37,113,234
8,45,130,36,219
140,74,74,103,391
129,150,56,18,353
28,90,150,16,284
17,132,56,42,247
129,126,81,103,439
23,67,132,11,233
24,74,12,78,188
13,96,33,30,172
93,100,53,93,339
88,133,89,91,401
14,20,124,89,247
114,100,4,36,254
126,14,30,24,194
79,32,140,27,278
54,98,33,66,251
148,16,124,71,359
9,44,145,31,229
9,133,10,148,300
71,29,3,50,153
11,79,99,76,265
60,109,140,88,397
141,148,131,51,471
106,69,31,127,333
144,108,26,16,294
112,51,34,98,295
89,109,136,67,401
54,123,42,71,290
68,40,150,41,299
116,93,86,32,327
120,143,126,111,500
145,36,148,83,412
75,67,84,49,275
28,47,35,85,195
81,110,82,4,277
80,92,105,96,373
34,96,57,109,296
3,22,6,136,167
128,15,75,69,287
8,43,133,94,278
143,1,147,89,380
116,97,119,77,409
85,67,11,29,192
129,18,57,86,290
58,2,130,50,240
120,70,150,125,465
63,1,4,91,159
18,13,105,60,196
52,21,36,73,182
139,13,33,90,275
147,112,17,102,378
43,135,28,18,224
137,122,3,80,342
53,78,79,126,336
135,108,4,19,266
124,140,70,143,477
116,61,134,5,316
37,35,145,69,286
102,78,88,19,287
142,99,3,73,317
80,61,87,49,277
8,75,52,64,199
138,67,87,84,376
60,121,6,121,308
22,69,41,28,160
31,52,90,26,199
13,108,21,27,169
140,48,91,46,325
6,28,144,105,283
86,25,149,42,302
75,40,59,12,186
101,113,33,63,310
34,143,11,11,199
58,118,126,41,343
127,75,9,75,286
20,67,2,98,187
1,136,30,114,281
63,149,83,65,360
15,83,28,47,173
29,63,83,62,237
79,108,98,74,359
24,82,104,83,293
54,16,86,45,201
16,76,130,130,352
2,100,137,61,300
84,130,5,141,360
28,92,99,124,343
138,56,54,83,331
113,149,112,15,389
28,64,116,133,341
70,42,52,72,236
69,103,39,69,280
144,17,41,8,210
38,92,8,131,269
138,81,111,16,346
138,85,56,120,399
142,56,16,23,237
112,45,51,110,318
136,75,13,10,234
128,23,83,23,257
18,67,24,96,205
129,135,119,89,472
118,26,115,39,298
37,87,123,58,305
58,95,145,58,356
25,27,98,93,243
39,114,4,58,215
94,79,62,119,354
25,3,1,17,46
146,99,13,14,272
27,118,137,98,380
43,131,139,21,334
99,150,108,90,447
147,53,22,81,303
124,88,126,97,435
120,146,143,118,527
83,9,37,130,259
91,99,55,100,345
85,76,51,57,269
123,110,29,109,371
135,71,56,2,264
101,5,79,74,259
101,39,62,7,209
126,122,64,29,341
40,12,111,46,209
19,74,27,65,185
138,14,56,26,234
39,137,69,148,393
76,76,17,33,202
120,134,58,3,315
8,125,142,107,382
72,135,130,93,430
139,88,13,18,258
127,118,58,143,446
26,113,29,68,236
124,142,99,100,465
147,13,106,50,316
83,147,131,35,396
97,99,85,142,423
127,39,38,136,340
47,21,25,83,176
85,49,10,110,254
14,65,99,57,235
69,132,91,93,385
13,117,102,83,315
46,98,59,46,249
97,37,83,127,344
24,14,80,122,240
150,78,64,32,324
124,18,105,133,380
72,4,46,99,221
78,121,85,41,325
143,88,110,59,400
10,38,54,67,169
6,77,9,97,189
110,35,20,107,272
145,34,83,17,279
35,102,116,10,263
36,128,3,70,237
25,81,36,86,228
102,14,85,129,330
94,5,52,92,243
20,136,23,55,234
40,98,116,118,372
97,122,81,127,427
78,24,141,128,371
23,66,148,68,305
47,140,29,109,325
131,6,60,70,267
17,146,22,102,287
74,80,12,139,305
130,67,83,61,341
126,15,47,143,331
101,47,53,47,248
147,9,72,147,375
35,26,26,63,150
102,116,9,11,238
130,119,101,58,408
11,16,93,139,259
33,111,60,105,309
28,139,98,143,408
90,42,85,61,278
25,90,119,99,333
50,129,59,147,385
1,97,120,58,276
23,140,34,111,308
64,127,143,42,376
29,103,137,45,314
139,122,84,2,347
2,66,133,1,202
65,75,58,34,232
23,99,150,80,352
43,96,10,134,283
48,150,138,5,341
53,10,136,8,207
40,136,62,19,257
52,5,123,85,265
90,13,32,136,271
140,83,103,138,464
131,26,18,22,197
117,122,31,106,376
70,139,88,3,300
108,122,42,148,420
34,37,130,13,214
107,104,112,105,428
116,147,66,4,333
45,51,88,63,247
59,145,44,113,361
16,96,124,58,294
101,75,99,87,362
15,11,7,68,101
147,93,62,64,366
13,83,138,58,292
35,115,149,116,415
21,121,47,31,220
47,55,70,55,227
32,66,33,11,142
34,41,10,130,215
138,84,22,35,279
141,128,2,30,301
14,31,22,64,131
69,63,137,54,323
102,29,82,26,239
67,81,44,131,323
8,92,32,107,239
148,109,21,64,342
63,72,33,55,223
35,106,45,101,287
88,97,115,4,304
76,7,14,114,211
70,28,139,32,269
12,82,81,139,314
56,3,125,20,204
56,57,38,60,211
27,20,120,59,226
18,1,71,89,179
109,126,29,13,277
116,26,42,65,249
112,52,8,147,319
99,38,24,36,197
7,14,3,6,30
149,89,98,32,368
33,136,47,118,334
110,53,149,60,372
90,7,71,20,188
109,25,41,86,261
102,136,35,49,322
66,134,66,122,388
120,45,103,47,315
139,102,143,61,445
1,54,131,88,274
130,142,84,138,494
24,129,54,108,315
43,75,31,102,251
134,150,128,58,470
103,131,19,128,381
36,58,92,66,252
15,73,90,5,183
108,3,96,103,310
111,125,141,82,459
146,88,146,18,398
118,81,14,108,321
81,8,127,122,338
55,3,17,2,77
101,80,146,69,396
99,61,38,143,341
6,82,4,131,223
127,3,143,138,411
118,142,105,136,501
113,21,68,143,345
113,16,19,50,198
7,89,88,95,279
28,117,125,94,364
47,60,2,124,233
118,106,37,112,373
99,15,115,94,323
96,8,31,40,175
133,27,60,77,297
49,129,2,115,295
121,114,30,143,408
128,63,24,14,229
72,48,8,13,141
104,147,1,108,360
59,92,57,64,272
111,90,144,44,389
2,17,42,13,74
101,127,20,72,320
140,11,108,25,284
47,20,81,148,296
46,146,114,91,397
63,92,3,144,302
86,23,137,19,265
128,86,99,129,442
102,119,3,128,352
9,2,131,34,176
18,37,129,107,291
111,20,89,3,223
97,108,91,49,345
88,71,8,53,220
45,122,94,41,302
98,100,1,60,259
136,38,119,37,330
12,30,145,114,301
23,27,141,70,261
149,45,128,94,416
74,75,69,146,364
53,91,124,132,400
42,3,139,111,295
83,20,121,64,288
46,24,144,147,361
90,132,30,134,386
132,64,107,5,308
42,9,75,1,127
81,63,85,150,379
11,52,129,146,338
141,37,53,31,262
135,150,54,21,360
120,102,65,92,379
118,61,44,126,349
82,129,131,133,475
10,38,60,46,154
19,140,113,110,382
118,27,77,62,284
75,120,65,99,359
9,31,60,2,102
1,133,136,66,336
34,2,17,41,94
85,32,109,92,318
5,147,126,144,422
40,44,87,55,226
129,50,108,59,346
119,78,30,45,272
117,113,132,2,364
94,43,33,135,305
109,23,100,55,287
63,73,147,98,381
140,75,17,121,353
6,58,52,55,171
87,57,26,32,202
114,69,114,130,427
82,125,9,22,238
71,111,123,36,341
97,73,146,90,406
72,34,72,40,218
56,46,17,35,154
95,40,107,90,332
78,120,65,79,342
31,68,150,101,350
8,139,3,102,252
28,21,125,142,316
27,43,131,100,301
147,57,147,135,486
121,145,24,50,340
67,10,147,4,228
6,72,18,26,122
87,90,144,60,381
61,83,41,119,304
108,116,122,114,460
13,61,3,33,110
117,111,76,64,368
10,150,51,17,228
59,147,23,68,297
2,94,91,126,313
1,127,103,86,317
116,19,140,139,414
115,84,2,110,311
45,118,59,138,360
49,94,99,30,272
67,59,14,30,170
44,121,92,108,365
96,8,100,79,283
5,63,98,46,212
134,123,9,111,377
27,130,109,52,318
74,115,9,59,257
30,124,119,18,291
1,64,69,108,242
37,150,71,10,268
76,110,9,66,261
52,88,64,130,334
77,83,130,91,381
77,13,73,30,193
102,67,41,29,239
84,42,3,125,254
109,130,12,26,277
138,68,116,141,463
102,16,42,94,254
61,111,91,65,328
73,141,64,94,372
54,56,145,9,264
38,16,92,31,177
76,25,25,104,230
91,2,17,87,197
60,44,134,122,360
49,6,57,82,194
123,127,82,73,405
58,138,97,28,321
4,43,42,32,121
110,115,55,28,308
148,13,127,91,379
130,15,24,138,307
126,110,106,99,441
30,119,101,121,371
143,85,58,60,346
121,48,131,76,376
149,141,143,13,446
48,43,61,116,268
119,69,66,65,319
88,101,90,4,283
83,4,19,3,109
81,19,111,78,289
13,110,10,120,253
92,121,108,57,378
149,134,147,23,453
139,42,9,129,319
84,41,55,5,185
50,119,60,87,316
22,40,148,55,265
5,5,50,5,65
128,40,127,78,373
59,60,84,101,304
27,109,137,89,362
147,78,60,109,394
85,6,110,149,350
21,149,32,72,274
50,18,149,29,246
134,143,144,38,459
97,114,59,62,332
60,9,127,95,291
68,111,94,134,407
29,59,130,46,264
21,144,100,53,318
35,92,12,40,179
91,43,112,124,370
80,13,112,24,229
120,140,28,81,369
95,124,81,77,377
75,122,32,114,343
13,83,24,14,134
4,128,71,17,220
36,56,33,92,217
140,25,42,40,247
58,4,149,21,232
74,107,146,14,341
38,92,4,145,279
29,38,12,63,142
89,35,42,67,233
104,54,71,119,348
96,127,3,120,346
124,28,125,49,326
27,150,14,120,311
99,79,111,130,419
63,40,123,86,312
125,64,32,83,304
48,47,142,140,377
109,33,37,65,244
57,91,51,106,305
55,84,12,80,231
127,117,64,147,455
127,42,98,77,344
12,64,41,44,161
46,58,147,115,366
74,16,59,72,221
45,73,63,40,221
118,4,65,30,217
125,117,102,127,471
117,51,138,120,426
97,121,147,99,464
84,126,137,139,486
137,17,43,111,308
109,47,51,81,288
95,13,54,44,206
79,29,137,64,309
60,25,11,96,192
75,60,124,104,363
58,31,84,117,290
48,134,16,97,295
33,76,112,77,298
131,12,137,40,320
52,106,100,66,324
127,131,56,113,427
107,112,66,96,381
101,34,84,92,311
103,40,8,138,289
148,54,121,147,470
30,132,55,10,227
131,60,95,32,318
146,139,27,79,391
124,118,118,143,503
100,144,42,110,396
137,79,91,80,387
128,59,120,134,441
35,67,50,71,223
44,47,73,1,165
38,123,19,144,324
129,135,87,17,368
5,65,50,19,139
83,142,147,41,413
10,38,48,94,190
37,76,35,48,196
1,28,23,12,64
31,115,101,43,290
86,80,118,53,337
38,123,13,13,187
40,27,69,32,168
113,129,107,113,462
20,112,61,143,336
11,30,9,43,93
90,71,116,145,422
71,143,84,137,435
17,36,133,113,299
79,81,116,53,329
98,56,107,2,263
20,126,62,6,214
124,19,59,117,319
102,145,142,38,427
103,140,79,85,407
19,131,26,126,302
142,28,114,30,314
34,16,77,40,167
79,28,94,102,303
115,82,132,16,345
91,78,93,52,314
150,117,53,29,349
50,97,71,109,327
56,29,63,11,159
37,112,52,30,231
57,139,56,5,257
81,50,85,111,327
149,70,110,37,366
71,29,86,3,189
136,20,117,21,294
80,7,94,137,318
16,1,8,1,26
106,80,16,45,247
53,6,57,54,170
16,147,31,100,294
65,72,30,59,226
114,121,38,116,389
141,75,18,25,259
90,139,96,15,340
90,7,114,37,248
64,142,72,32,310
47,67,64,120,298
75,123,68,90,356
146,52,95,14,307
1,117,139,118,375
126,74,68,2,270
106,125,17,20,268
112,114,111,32,369
57,92,135,51,335
64,113,62,98,337
70,54,3,92,219
90,77,96,67,330
140,77,128,7,352
67,122,110,32,331
77,69,7,95,248
103,114,94,36,347
129,41,4,92,266
67,45,26,131,269
84,129,81,71,365
102,70,150,67,389
19,132,86,54,291
101,51,92,139,383
79,45,39,91,254
142,46,11,5,204
16,9,15,33,73
2,54,130,115,301
146,100,20,81,347
141,71,4,141,357
143,126,75,139,483
112,25,137,150,424
53,131,76,126,386
23,62,47,145,277
124,117,91,88,420
103,113,132,93,441
134,39,98,36,307
138,134,123,10,405
136,63,96,48,343
103,141,42,93,379
104,51,4,70,229
97,52,18,150,317
118,3,75,26,222
37,55,64,53,209
83,111,138,118,450
116,77,25,62,280
98,20,121,22,261
47,105,145,139,436
9,96,11,94,210
116,125,147,57,445
91,71,125,13,300
90,107,26,45,268
24,18,94,145,281
53,140,4,126,323
53,6,88,102,249
40,109,68,41,258
71,17,107,60,255
78,66,77,94,315
10,42,81,125,258
64,10,44,84,202
115,145,81,28,369
42,64,3,133,242
83,7,132,144,366
26,72,81,93,272
54,132,132,98,416
109,150,118,7,384
106,85,108,75,374
104,64,93,5,266
48,77,113,111,349
67,52,132,10,261
63,140,48,36,287
112,91,127,12,342
44,29,93,73,239
119,14,46,41,220
52,18,41,49,160
94,28,147,55,324
16,26,90,30,162
146,90,53,135,424
37,143,56,145,381
115,100,45,118,378
79,103,85,61,328
33,11,24,5,73
122,34,74,51,281
91,125,107,116,439
44,6,148,122,320
89,19,107,64,279
123,135,109,17,384
47,23,68,86,224
74,6,67,117,264
8,1,66,50,125
149,18,82,98,347
52,87,140,47,326
83,121,55,101,360
41,56,117,149,363
55,139,128,4,326
23,59,93,43,218
32,23,98,62,215
141,42,10,32,225
87,49,31,110,277
2,90,66,18,176
79,146,51,62,338
111,57,139,50,357
88,115,145,3,351
150,93,146,126,515
75,150,26,124,375
30,63,119,34,246
133,67,71,22,293
68,128,53,76,325
115,25,65,7,212
67,140,131,68,406
83,118,52,35,288
8,146,62,12,228
44,143,27,95,309
87,107,108,35,337
103,148,139,120,510
27,99,48,11,185
24,19,69,120,232
143,46,83,135,407
131,80,135,5,351
132,105,121,54,412
21,100,16,8,145
6,112,150,56,324
146,49,16,28,239
50,14,108,88,260
74,120,137,150,481
147,33,28,65,273
78,86,15,135,314
8,57,21,26,112
23,60,146,109,338
84,139,46,126,395
87,15,129,84,315
83,4,76,108,271
104,90,62,68,324
39,138,6,113,296
42,147,84,64,337
66,101,84,85,336
7,10,145,81,243
55,35,90,69,249
3,98,26,121,248
49,100,139,148,436
112,31,38,148,329
100,106,147,98,451
13,39,137,94,283
6,104,82,28,220
14,122,135,99,370
107,112,23,20,262
115,58,131,96,400
77,3,77,128,285
39,107,1,123,270
71,35,129,44,279
121,111,74,119,425
148,59,3,42,252
116,34,94,129,373
3,100,34,124,261
71,86,94,51,302
67,134,64,44,309
14,144,126,131,415
88,30,24,58,200
55,3,61,11,130
39,14,80,8,141
81,88,15,36,220
57,15,95,104,271
66,46,85,56,253
124,33,74,53,284
13,85,76,81,255
116,122,76,70,384
102,2,68,39,211
147,1,114,88,350
15,135,111,106,367
112,125,134,140,511
31,137,48,31,247
28,59,72,146,305
85,95,100,114,394
125,55,103,94,377
49,68,98,75,290
60,8,43,144,255
87,39,7,140,273
48,139,144,8,339
77,57,124,66,324
87,88,123,54,352
41,32,64,30,167
126,63,96,92,377
50,25,56,75,206
50,122,60,85,317
101,19,12,83,215
61,126,45,38,270
43,2,36,48,129
147,63,138,25,373
105,76,57,48,286
107,20,146,73,346
122,133,106,32,393
114,90,79,84,367
142,63,73,40,318
92,98,140,98,428
146,127,143,69,485
43,26,128,121,318
58,145,13,136,352
129,122,11,53,315
57,57,9,120,243
33,18,57,20,128
14,12,72,3,101
98,102,87,150,437
62,62,106,94,324
149,39,33,33,254
67,138,66,65,336
81,80,56,46,263
2,46,128,88,264
8,87,17,135,247
22,127,128,127,404
3,66,124,118,311
24,124,103,24,275
24,100,74,143,341
81,103,106,92,382
57,64,130,21,272
84,46,145,29,304
132,100,120,97,449
51,22,147,146,366
64,97,37,40,238
8,109,101,108,326
51,39,72,137,299
25,130,81,113,349
106,113,19,139,377
82,1,117,134,334
33,93,56,93,275
61,6,93,59,219
43,113,114,89,359
68,59,134,118,379
23,40,7,25,95
21,11,53,45,130
97,62,76,97,332
7,8,41,38,94
35,126,141,102,404
148,140,68,20,376
23,102,139,71,335
99,54,95,17,265
22,40,20,39,121
70,146,26,123,365
31,46,93,148,318
81,3,63,18,165
147,134,127,89,497
13,77,100,59,249
7,122,104,83,316
22,75,127,86,310
25,40,9,52,126
106,119,136,3,364
121,53,123,141,438
43,129,23,83,278
56,76,128,78,338
104,2,118,120,344
121,24,131,81,357
8,142,36,73,259
141,103,37,70,351
126,104,98,35,363
5,58,18,122,203
114,128,29,2,273
50,127,30,15,222
87,3,147,83,320
118,94,35,58,305
78,123,111,54,366
31,105,10,55,201
107,50,112,112,381
18,92,135,27,272
120,19,123,64,326
29,7,119,120,275
20,48,31,60,159
125,32,86,132,375
32,27,28,129,216
87,93,131,106,417
16,39,94,30,179
53,141,129,118,441
66,57,38,61,222
59,10,43,51,163
121,121,16,63,321
139,70,41,91,341
33,9,52,75,169
30,52,86,64,232
19,21,121,94,255
131,99,70,14,314
41,108,29,18,196
110,115,134,52,411
134,121,109,64,428
49,41,141,51,282
83,75,25,106,289
121,45,1,24,191
48,90,136,73,347
37,121,7,147,312
23,85,66,138,312
70,117,29,111,327
123,122,49,127,421
114,99,145,132,490
122,95,149,11,377
21,125,18,2,166
95,112,118,94,419
129,102,143,44,418
40,59,58,93,250
134,100,28,131,393
19,21,13,109,162
130,45,142,33,350
31,10,77,47,165
65,51,85,9,210
42,5,107,36,190
5,44,73,90,212
21,116,19,28,184
70,85,104,33,292
10,8,110,31,159
86,82,38,69,275
11,61,147,63,282
98,99,41,149,387
96,29,113,108,346
28,130,18,55,231
32,117,17,6,172
51,36,50,123,260
124,75,77,26,302
87,14,18,43,162
90,83,118,7,298
34,15,69,29,147
33,104,125,126,388
149,75,69,72,365
32,131,92,59,314
139,12,106,45,302
59,33,67,99,258
74,61,62,133,330
120,58,89,57,324
32,59,30,64,185
43,9,81,21,154
56,49,53,62,220
68,109,95,116,388
109,73,150,140,472
39,55,3,57,154
95,61,39,7,202
127,138,43,108,416
16,27,34,127,204
82,48,34,145,309
42,19,124,124,309
79,32,12,106,229
42,71,4,24,141
80,86,40,45,251
28,123,15,84,250
26,111,114,93,344
50,134,79,100,363
3,83,124,20,230
125,137,22,73,357
96,104,42,112,354
118,145,49,58,370
115,51,18,2,186
87,149,109,96,441
65,6,98,38,207
17,129,18,115,279
60,128,132,111,431
77,20,146,106,349
12,4,75,66,157
75,54,107,1,237
123,145,5,91,364
107,110,11,118,346
33,118,21,79,251
6,30,62,21,119
61,111,63,45,280
23,70,89,32,214
84,3,46,89,222
101,88,6,33,228
81,128,39,145,393
51,1,18,135,205
46,90,89,88,313
97,47,33,125,302
132,133,92,61,418
68,34,129,63,294
5,72,10,85,172
35,8,128,149,320
68,44,27,60,199
136,70,70,54,330
3,9,60,96,168
102,119,86,66,373
18,54,63,38,173
70,106,131,148,455
142,47,26,26,241
143,114,113,128,498
81,97,127,13,318
34,32,99,118,283
100,98,102,2,302
57,134,5,108,304
138,87,11,20,256
22,30,136,116,304
73,103,46,104,326
63,77,49,59,248
83,114,60,45,302
35,59,42,57,193
3,94,119,32,248
102,6,125,54,287
104,115,97,10,326
145,103,146,128,522
135,67,22,49,273
122,139,124,147,532
109,131,17,5,262
34,83,139,39,295
122,71,39,59,291
78,16,129,52,275
35,60,2,125,222
100,140,4,9,253
134,92,3,147,376
102,36,69,121,328
33,150,87,4,274
5,39,133,111,288
81,9,138,18,246
90,65,34,103,292
93,19,37,50,199
61,128,135,14,338
54,41,78,86,259
128,33,39,134,334
2,135,108,69,314
19,24,88,133,264
50,40,33,56,179
123,13,124,96,356
19,6,74,18,117
93,81,68,40,282
84,62,4,20,170
109,149,134,139,531
135,2,61,74,272
133,61,80,146,420
48,59,41,147,295
105,25,132,42,304
28,88,111,52,279
87,44,1,86,218
94,75,65,121,355
7,98,110,144,359
97,76,58,138,369
79,124,28,19,250
108,113,105,133,459
145,93,38,140,416
19,109,130,32,290
27,40,29,52,148
34,122,143,87,386
74,8,104,143,329
31,134,77,56,298
97,115,96,22,330
82,20,130,36,268
106,134,24,126,390
50,80,79,5,214
125,33,95,140,393
148,85,100,61,394
142,97,150,1,390
120,125,115,34,394
130,120,130,142,522
3,52,22,64,141
99,31,6,63,199
71,144,120,77,412
41,45,91,55,232
53,146,108,77,384
34,29,73,41,177
16,136,111,40,303
26,112,85,71,294
102,109,29,63,303
43,33,61,91,228
13,127,5,102,247
15,13,72,140,240
109,131,113,76,429
40,52,126,8,226
26,8,68,31,133
63,55,31,94,243
78,47,67,21,213
105,149,64,92,410
90,114,28,116,348
29,31,109,52,221
100,118,22,42,282
48,48,148,72,316
14,25,28,59,126
108,124,19,31,282
22,22,61,148,253
84,70,12,84,250
93,82,123,106,404
7,24,83,62,176
108,43,145,112,408
40,113,133,5,291
87,52,121,106,366
11,102,98,101,312
125,25,118,126,394
34,75,19,21,149
7,54,111,136,308
15,15,13,129,172
150,133,118,123,524
150,25,9,48,232
101,88,99,101,389
135,76,139,94,444
77,17,116,128,338
80,107,75,66,328
32,121,32,104,289
5,102,97,1,205
140,149,35,142,466
26,124,60,26,236
121,26,91,61,299
91,84,75,54,304
7,147,78,141,373
90,93,95,100,378
71,8,129,96,304
51,48,35,64,198
116,139,145,13,413
20,53,4,41,118
73,4,66,38,181
78,5,96,40,219
1,104,94,70,269
144,59,78,24,305
37,37,27,38,139
116,77,20,137,350
68,57,68,138,331
83,77,74,80,314
76,104,142,30,352
93,76,127,81,377
95,95,127,73,390
92,17,46,50,205
24,146,97,102,369
39,114,32,42,227
78,61,106,149,394
36,88,93,11,228
147,126,21,132,426
59,113,110,34,316
107,2,17,55,181
71,95,96,61,323
80,87,23,122,312
54,109,111,58,332
138,3,90,110,341
108,62,116,146,432
91,30,109,108,338
1,4,26,58,89
10,115,61,99,285
132,150,48,134,464
14,33,19,82,148
134,72,87,130,423
32,75,67,150,324
80,64,59,150,353
87,98,43,132,360
64,100,143,86,393
85,130,119,132,466
35,62,67,42,206
128,89,88,35,340
28,105,144,118,395
68,61,20,35,184
65,52,30,129,276
44,88,100,10,242
145,101,14,90,350
122,61,74,129,386
120,143,81,101,445
43,115,113,134,405
73,108,54,107,342
86,142,32,120,380
116,6,68,43,233
105,83,61,91,340
137,64,148,47,396
53,48,37,83,221
67,26,12,133,238
107,41,114,54,316
62,63,61,131,317
138,95,102,71,406
24,138,3,133,298
96,109,121,147,473
118,85,9,118,330
150,94,148,46,438
2,35,82,144,263
51,41,17,105,214
135,73,144,41,393
59,88,65,4,216
106,101,132,117,456
31,51,93,40,215
141,104,87,109,441
130,148,140,136,554
31,2,113,70,216
26,72,80,68,246
96,10,131,86,323
142,58,19,14,233
59,141,37,13,250
66,81,117,67,331
29,119,97,115,360
91,107,142,18,358
147,37,127,41,352
112,112,32,94,350
23,95,133,93,344
105,17,125,142,389
85,111,119,41,356
52,121,96,117,386
23,140,110,99,372
150,6,46,106,308
51,80,122,123,376
63,149,117,78,407
91,136,5,60,292
7,39,48,112,206
19,140,72,65,296
60,62,122,84,328
119,111,93,4,327
93,86,21,109,309
105,110,14,132,361
99,8,76,43,226
34,99,94,77,304
132,9,92,65,298
80,117,51,25,273
140,115,133,53,441
73,3,88,68,232
89,63,52,68,272
24,20,147,21,212
32,118,144,114,408
112,32,12,118,274
63,22,144,84,313
69,142,108,116,435
94,103,74,84,355
105,144,16,5,270
137,64,44,114,359
30,15,36,85,166
72,123,148,76,419
19,139,129,36,323
34,52,101,137,324
130,63,56,68,317
49,145,72,89,355
1,20,65,132,218
134,39,1,59,233
131,117,125,49,422
95,3,58,95,251
122,123,19,112,376
78,63,84,39,264
103,44,112,100,359
113,115,102,31,361
129,76,139,112,456
57,133,81,141,412
32,50,142,27,251
97,72,131,27,327
83,59,30,65,237
93,98,60,148,399
41,43,102,41,227
83,124,135,141,483
40,131,99,81,351
149,33,90,51,323
70,133,94,62,359
108,142,38,25,313
143,20,55,77,295
110,120,96,83,409
34,116,91,25,266
95,63,35,86,279
132,101,64,18,315
149,117,112,67,445
47,147,115,15,324
13,141,49,73,276
40,123,91,85,339
119,150,110,12,391
13,3,78,141,235
37,63,106,59,265
119,120,57,51,347
127,37,59,57,280
67,7,48,63,185
100,117,141,67,425
11,16,143,90,260
12,40,118,52,222
126,8,33,83,250
117,121,92,68,398
114,7,88,41,250
1,12,97,142,252
85,24,82,121,312
5,136,44,64,249
83,129,141,129,482
65,6,12,41,124
45,15,95,7,162
111,42,124,42,319
14,25,75,114,228
126,146,18,123,413
105,37,8,56,206
14,144,24,61,243
25,132,150,141,448
19,85,79,143,326
90,2,107,123,322
25,119,128,130,402
114,94,6,89,303
48,29,44,1,122
6,46,44,30,126
21,115,79,28,243
24,131,30,8,193
127,131,76,142,476
115,68,76,126,385
4,17,8,131,160
64,50,127,85,326
51,89,138,40,318
65,36,118,2,221
114,130,148,53,445
21,121,136,17,295
114,75,104,150,443
98,140,14,20,272
42,128,7,15,192
112,147,45,75,379
101,114,88,55,358
18,74,121,71,284
130,36,96,141,403
51,108,4,3,166
118,96,70,75,359
123,94,6,118,341
130,13,26,8,177
126,21,91,149,387
137,96,129,36,398
72,1,146,1,220
61,122,41,24,248
79,101,10,149,339
30,25,24,85,164
2,75,117,138,332
144,1,89,8,242
145,84,9,49,287
52,5,95,65,217
12,15,36,8,71
129,11,64,38,242
44,73,128,61,306
128,144,113,65,450
46,58,133,104,341
120,134,50,139,443
20,93,127,40,280
88,31,68,70,257
93,84,88,103,368
145,123,18,78,364
38,131,14,63,246
135,4,31,105,275
145,140,45,45,375
61,119,27,44,251
112,7,23,118,260
3,28,5,131,167
70,75,119,108,372
6,125,53,83,267
2,52,84,14,152
20,75,53,88,236
62,39,78,132,311
59,87,95,72,313
80,77,126,102,385
112,11,16,25,164
67,145,113,22,347
41,148,103,42,334
21,14,58,113,206
27,120,70,7,224
44,23,102,72,241
16,30,62,83,191
111,34,98,141,384
60,5,147,110,322
62,63,72,48,245
112,23,66,75,276
119,89,17,64,289
82,94,9,20,205
80,64,130,119,393
28,124,74,41,267
7,15,132,44,198
145,74,148,143,510
121,66,18,66,271
107,3,57,110,277
123,56,122,129,430
23,84,52,25,184
69,145,112,26,352
91,62,49,129,331
141,11,125,38,315
141,92,133,12,378
43,105,25,11,184
37,148,127,78,390
48,118,114,89,369
14,61,69,110,254
6,22,34,79,141
138,108,147,107,500
92,47,33,40,212
117,51,53,46,267
130,97,85,83,395
150,145,125,7,427
3,37,37,59,136
75,122,137,150,484
123,64,105,58,350
126,66,84,39,315
24,119,89,130,362
24,63,44,3,134
149,129,138,66,482
89,53,109,49,300
12,53,112,142,319
132,136,47,112,427
6,89,19,48,162
59,59,106,61,285
148,116,30,23,317
68,87,17,4,176
59,127,21,25,232
65,46,56,131,298
28,128,6,110,272
15,14,76,59,164
143,132,58,111,444
73,3,146,129,351
8,3,12,18,41
120,104,142,127,493
69,89,25,132,315
71,79,122,62,334
28,104,136,44,312
40,57,94,108,299
101,109,113,20,343
44,117,87,31,279
114,95,139,139,487
104,37,116,114,371
10,16,58,63,147
91,54,112,14,271
29,115,78,106,328
138,66,140,147,491
145,130,97,126,498
82,18,120,35,255
141,85,102,21,349
12,65,11,14,102
28,20,47,118,213
26,35,130,111,302
113,139,7,139,398
80,111,104,57,352
58,127,137,36,358
136,68,24,17,245
100,67,66,48,281
146,60,149,101,456
125,81,40,93,339
74,131,84,47,336
128,116,134,23,401
143,59,2,147,351
59,147,63,12,281
26,124,86,137,373
70,92,136,25,323
116,67,70,129,382
47,119,26,2,194
33,43,101,114,291
28,36,73,116,253
117,120,66,44,347
41,13,128,116,298
135,76,43,145,399
93,85,68,80,326
64,90,113,139,406
84,125,51,132,392
28,144,83,30,285
146,2,17,91,256
75,27,71,144,317
115,21,57,142,335
44,37,124,18,223
3,82,99,148,332
42,43,13,58,156
30,132,131,68,361
8,51,38,76,173
118,96,21,86,321
12,44,80,120,256
21,63,103,47,234
23,2,28,148,201
96,89,130,121,436
74,17,94,120,305
67,48,131,112,358
97,64,62,85,308
123,101,50,103,377
75,49,15,25,164
133,26,8,9,176
24,24,45,113,206
4,150,123,85,362
73,124,94,82,373
144,37,40,79,300
56,52,139,78,325
77,86,67,113,343
86,78,136,45,345
108,145,98,77,428
13,31,26,82,152
118,117,106,3,344
70,129,76,30,305
48,99,135,119,401
27,140,92,106,365
33,46,103,121,303
22,42,86,124,274
6,107,114,120,347
92,9,132,5,238
55,8,55,100,218
125,86,103,83,397
109,26,48,101,284
138,26,7,34,205
31,131,81,22,265
99,39,5,95,238
120,134,125,10,389
80,3,13,35,131
79,143,72,140,434
32,74,33,40,179
138,78,100,109,425
2,118,21,83,224
128,115,146,108,497
107,12,95,40,254
43,105,141,70,359
23,21,54,57,155
107,86,85,24,302
65,120,129,89,403
3,56,149,150,358
63,139,87,113,402
111,107,64,17,299
141,143,112,135,531
124,141,82,4,351
92,74,122,1,289
50,76,78,113,317
67,104,106,138,415
139,143,127,146,555
116,25,24,137,302
101,44,146,80,371
131,63,2,54,250
111,112,71,5,299
5,72,105,17,199
110,14,12,99,235
148,50,111,138,447
114,132,112,5,363
105,16,113,135,369
56,17,91,105,269
46,79,95,76,296
101,55,47,83,286
79,14,115,107,315
71,89,92,112,364
122,8,34,143,307
80,3,25,98,206
131,96,20,3,250
48,79,135,2,264
103,4,7,86,200
139,96,107,5,347
99,136,87,85,407
13,54,130,144,341
121,14,96,139,370
47,105,122,109,383
94,107,44,68,313
127,100,81,107,415
83,115,139,51,388
9,68,150,56,283
98,74,21,7,200
18,117,16,34,185
10,127,143,10,290
17,120,120,13,270
69,116,65,114,364
103,123,86,68,380
114,118,9,127,368
125,149,35,14,323
127,81,1,146,355
73,41,79,89,282
13,19,45,74,151
4,40,110,118,272
90,1,40,3,134
23,147,7,115,292
140,148,92,123,503
107,61,78,27,273
27,92,133,136,388
125,90,149,138,502
55,44,114,23,236
68,36,116,98,318
65,4,70,137,276
49,52,43,128,272
130,66,32,11,239
19,137,114,83,353
119,62,90,62,333
115,128,59,128,430
81,120,13,64,278
46,79,130,29,284
92,22,19,125,258
113,115,11,129,368
126,148,25,27,326
10,143,71,20,244
68,139,139,100,446
85,3,101,101,290
4,53,108,82,247
29,43,97,53,222
12,33,58,59,162
84,112,18,69,283
22,8,103,83,216
134,63,100,93,390
129,61,133,43,366
141,42,132,80,395
71,24,4,100,199
43,70,116,72,301
3,78,59,125,265
32,43,37,8,120
48,103,30,129,310
6,76,17,33,132
29,31,141,32,233
115,99,44,72,330
62,116,38,48,264
127,129,60,99,415
117,76,40,121,354
70,20,76,146,312
122,1,72,29,224
53,78,138,128,397
92,32,132,24,280
38,69,39,78,224
148,126,28,3,305
122,76,81,13,292
76,51,15,63,205
70,54,105,60,289
21,95,7,109,232
45,146,57,55,303
32,137,115,24,308
115,73,106,30,324
29,21,135,75,260
73,133,96,125,427
69,107,58,113,347
24,107,76,62,269
80,150,4,24,258
64,121,124,85,394
80,137,138,87,442
137,127,134,50,448
18,149,63,117,347
126,122,14,37,299
13,136,131,131,411
6,109,83,137,335
124,33,130,142,429
139,59,89,3,290
11,74,149,45,279
6,95,127,6,234
122,19,65,106,312
71,139,131,33,374
31,18,38,65,152
96,30,132,91,349
6,83,18,116,223
94,16,42,118,270
104,124,68,96,392
63,58,31,107,259
40,6,38,59,143
25,121,83,114,343
42,34,47,46,169
126,69,114,54,363
17,47,138,84,286
64,104,89,81,338
35,118,17,145,315
99,119,115,105,438
47,32,79,67,225
25,12,14,84,135
16,57,87,23,183
60,69,142,103,374
101,5,3,24,133
104,148,36,119,407
42,93,87,97,319
71,46,71,92,280
128,66,2,97,293
29,45,24,134,232
2,55,137,150,344
67,95,99,68,329
74,99,55,22,250
37,134,107,62,340
45,142,83,132,402
20,123,6,133,282
132,36,119,121,408
133,144,23,123,423
1,139,30,118,288
80,130,87,64,361
67,142,118,91,418
112,140,125,101,478
88,51,21,18,178
33,17,30,128,208
12,52,143,64,271
104,81,81,14,280
20,97,18,20,155
85,143,5,19,252
141,14,55,128,338
26,6,58,89,179
42,75,100,136,353
75,125,31,136,367
104,21,48,34,207
1,75,25,52,153
29,108,50,129,316
150,25,38,117,330
74,136,90,63,363
38,78,17,129,262
23,17,55,47,142
104,131,44,126,405
8,33,80,27,148
82,5,61,114,262
10,21,32,31,94
73,89,1,108,271
69,65,66,30,230
115,44,36,133,328
112,15,11,131,269
51,86,55,24,216
55,141,75,87,358
58,24,24,150,256
12,124,75,60,271
111,116,85,94,406
1,66,93,90,250
2,146,128,136,412
132,148,10,135,425
137,38,45,139,359
76,120,115,28,339
28,15,107,145,295
83,64,34,142,323
77,146,130,57,410
36,19,95,142,292
114,144,12,9,279
113,79,117,10,319
14,22,72,85,193
76,125,79,142,422
121,121,113,43,398
12,64,42,51,169
86,121,34,16,257
7,65,132,90,294
10,116,31,71,228
37,93,74,105,309
42,30,62,136,270
109,116,129,131,485
114,80,80,94,368
148,99,20,63,330
147,103,105,132,487
18,44,31,133,226
9,78,84,60,231
54,80,148,142,424
40,68,28,9,145
38,82,69,122,311
87,118,8,83,296
92,50,121,56,319
82,106,130,86,404
132,34,38,94,298
92,23,63,112,290
134,114,22,111,381
132,136,150,37,455
29,79,30,58,196
103,96,43,100,342
45,123,63,137,368
113,62,3,113,291
36,145,71,44,296
68,8,125,116,317
148,112,99,128,487
65,132,46,39,282
23,68,11,143,245
59,82,124,11,276
35,122,25,60,242
86,8,135,66,295
24,47,18,135,224
8,3,16,128,155
76,114,55,75,320
39,84,128,88,339
94,84,133,116,427
85,72,38,12,207
43,114,84,76,317
125,23,123,110,381
136,90,4,61,291
145,11,139,2,297
40,19,88,69,216
113,114,85,33,345
89,96,4,104,293
141,37,37,70,285
39,67,60,147,313
2,63,83,117,265
38,123,45,126,332
30,93,132,41,296
50,104,130,123,407
12,1,64,127,204
111,27,24,84,246
134,140,92,110,476
149,102,76,100,427
127,8,101,121,357
15,149,48,145,357
66,150,134,44,394
107,62,103,69,341
26,89,77,67,259
14,19,53,69,155
68,125,51,74,318
127,110,124,5,366
1,13,23,82,119
19,34,82,86,221
5,71,87,119,282
52,22,3,148,225
144,83,5,120,352
37,14,104,76,231
26,104,65,137,332
2,30,42,39,113
49,125,71,13,258
111,122,6,5,244
91,94,38,104,327
23,88,84,4,199
25,11,21,40,97
20,47,150,38,255
139,138,77,15,369
43,126,146,59,374
147,6,36,126,315
30,148,38,109,325
55,145,31,41,272
48,1,56,25,130
22,144,4,102,272
122,134,12,136,404
32,105,30,128,295
25,18,116,98,257
20,106,29,120,275
129,94,96,118,437
104,112,36,43,295
104,65,86,29,284
67,98,66,108,339
28,129,120,88,365
116,97,42,115,370
22,120,39,106,287
59,71,4,5,139
11,38,132,142,323
39,28,77,10,154
30,33,31,93,187
100,133,45,140,418
24,99,144,63,330
57,141,38,12,248
134,105,66,135,440
61,82,60,52,255
104,19,55,117,295
46,87,83,72,288
43,55,128,37,263
127,96,81,2,306
45,110,63,36,254
89,130,123,91,433
89,116,18,66,289
146,1,129,128,404
105,145,85,1,336
15,120,57,66,258
26,94,45,42,207
88,44,49,89,270
126,109,109,42,386
147,126,77,149,499
97,132,76,116,421
76,134,58,43,311
139,4,33,7,183
121,56,140,135,452
69,11,87,11,178
89,35,68,76,268
32,16,58,132,238
108,54,16,121,299
98,130,54,89,371
20,42,115,56,233
42,58,1,2,103
86,128,59,75,348
107,112,20,5,244
114,84,48,28,274
70,12,84,33,199
6,74,83,76,239
149,5,84,137,375
91,26,69,75,261
6,136,88,11,241
55,50,30,149,284
115,31,105,28,279
5,82,81,24,192
149,127,68,139,483
107,68,134,130,439
105,131,34,17,287
104,46,98,5,253
13,50,100,84,247
32,130,72,26,260
128,71,13,124,336
21,7,92,59,179
8,150,99,125,382
12,14,141,3,170
79,83,147,14,323
68,8,116,71,263
81,109,54,23,267
98,12,49,29,188
145,57,9,113,324
52,114,47,16,229
46,119,70,141,376
132,98,24,140,394
55,29,21,78,183
62,108,1,132,303
83,122,138,30,373
120,63,50,13,246
92,70,88,57,307
35,140,42,44,261
148,40,47,44,279
42,22,28,121,213
118,76,25,27,246
87,53,107,140,387
1,137,107,142,387
8,38,112,47,205
40,26,122,72,260
67,128,81,101,377
13,4,113,120,250
125,121,51,105,402
84,128,58,146,416
93,81,4,69,247
51,102,149,141,443
55,37,104,36,232
67,77,72,103,319
89,30,73,33,225
32,61,96,104,293
107,98,65,27,297
16,15,40,31,102
6,50,108,85,249
74,130,104,75,383
58,38,23,143,262
112,49,13,108,282
79,25,83,90,277
32,27,50,35,144
32,130,56,13,231
73,142,79,79,373
109,128,83,69,389
4,99,4,138,245
140,58,49,52,299
146,19,8,82,255
70,26,118,33,247
107,15,86,3,211
84,88,123,69,364
28,98,95,102,323
8,16,104,44,172
40,72,51,113,276
64,109,138,107,418
82,14,49,141,286
17,89,92,34,232
48,22,100,104,274
46,3,12,14,75
6,30,110,38,184
123,85,100,61,369
9,124,2,62,197
11,112,92,100,315
71,26,91,124,312
35,120,62,89,306
108,54,98,28,288
29,43,108,139,319
11,42,139,119,311
82,36,35,118,271
36,31,134,139,340
96,60,78,48,282
140,25,21,110,296
38,136,105,80,359
16,45,99,126,286
79,45,20,54,198
3,47,12,142,204
140,65,44,3,252
34,13,16,63,126
40,150,150,124,464
136,147,140,111,534
32,27,121,143,323
142,59,20,137,358
39,71,137,23,270
3,47,87,147,284
67,25,58,150,300
109,43,112,128,392
105,137,66,15,323
119,88,98,64,369
71,149,50,145,415
113,69,55,120,357
142,138,24,39,343
44,122,48,136,350
139,56,102,141,438
3,13,60,139,215
26,11,138,119,294
28,65,120,127,340
60,74,108,5,247
29,24,69,138,260
77,86,2,61,226
94,62,52,21,229
99,116,115,91,421
38,47,55,12,152
43,48,115,96,302
49,46,60,1,156
44,87,85,68,284
96,109,44,140,389
23,52,77,6,158
140,77,63,18,298
50,136,121,26,333
110,73,89,118,390
138,85,53,13,289
139,144,69,33,385
56,45,92,17,210
116,97,55,15,283
25,40,114,32,211
10,86,24,80,200
72,82,89,8,251
92,58,147,17,314
26,140,69,128,363
54,83,27,54,218
119,129,119,101,468
83,11,148,10,252
94,109,118,36,357
112,103,110,92,417
14,117,115,107,353
77,77,97,86,337
51,17,30,119,217
134,111,137,52,434
145,141,58,100,444
49,104,119,122,394
54,135,120,115,424
148,79,97,93,417
15,130,22,105,272
40,38,130,128,336
91,95,120,27,333
72,88,86,145,391
107,30,64,88,289
60,115,107,83,365
51,9,144,78,282
128,113,54,118,413
78,116,60,130,384
77,19,121,107,324
102,113,95,23,333
69,9,53,131,262
44,91,8,39,182
133,148,94,43,418
44,47,47,89,227
42,22,75,70,209
117,128,49,20,314
126,135,115,119,495
67,111,65,96,339
12,47,77,16,152
59,21,72,73,225
98,86,127,33,344
32,18,44,118,212
130,66,144,106,446
83,137,104,72,396
64,118,146,85,413
35,103,102,12,252
136,115,143,69,463
75,117,62,58,312
51,84,35,89,259
27,46,36,33,142
60,147,108,9,324
103,92,29,73,297
137,86,44,74,341
135,16,133,18,302
19,96,95,126,336
124,105,33,121,383
110,106,130,115,461
144,130,50,89,413
88,145,86,98,417
30,59,43,3,135
78,96,72,34,280
114,144,42,146,446
3,16,45,89,153
43,113,21,92,269
7,137,26,83,253
7,150,42,4,203
143,143,60,134,480
14,45,42,41,142
71,59,10,92,232
85,118,66,100,369
115,132,120,58,425
75,72,26,118,291
64,27,30,131,252
93,61,140,61,355
77,128,117,54,376
31,96,32,36,195
81,5,28,103,217
3,142,36,93,274
40,141,130,63,374
31,47,92,130,300
136,77,7,145,365
113,76,109,13,311
114,106,22,4,246
39,57,103,110,309
6,141,80,59,286
114,106,139,124,483
71,102,15,65,253
93,109,74,136,412
66,41,37,40,184
39,3,12,96,150
27,79,33,2,141
15,41,57,102,215
88,50,104,127,369
97,2,96,126,321
95,31,55,96,277
86,5,81,101,273
147,25,143,106,421
119,125,145,54,443
141,76,101,53,371
117,26,138,10,291
138,101,77,80,396
43,126,93,88,350
89,34,116,33,272
49,6,138,14,207
66,33,45,29,173
31,64,133,29,257
56,45,138,65,304
30,96,39,79,244
54,146,63,49,312
7,52,116,90,265
150,10,59,1,220
150,134,124,9,417
12,103,101,150,366
65,47,7,50,169
17,46,124,114,301
132,127,50,134,443
4,86,135,118,343
91,51,128,53,323
10,135,43,37,225
14,15,24,95,148
143,7,91,136,377
50,108,69,113,340
30,83,72,52,237
150,141,54,137,482
131,80,133,70,414
97,80,1,28,206
59,40,148,116,363
120,26,38,127,311
70,107,16,8,201
115,114,1,3,233
51,16,23,112,202
43,29,97,75,244
126,78,30,117,351
1,87,19,112,219
9,50,119,23,201
121,100,81,31,333
38,86,89,1,214
74,34,95,62,265
123,60,141,107,431
135,146,135,123,539
55,91,104,85,335
17,128,106,6,257
42,70,147,54,313
93,37,88,41,259
133,52,115,21,321
5,42,140,83,270
139,3,150,5,297
43,132,64,106,345
86,8,100,37,231
13,99,94,107,313
23,37,83,122,265
145,15,108,145,413
45,21,87,60,213
145,93,107,55,400
86,117,119,72,394
119,117,69,130,435
49,36,128,71,284
24,131,57,103,315
24,114,8,95,241
52,20,141,40,253
121,122,28,48,319
126,64,2,1,193
147,100,70,131,448
55,69,14,116,254
56,43,54,95,248
80,117,85,30,312
132,22,113,112,379
92,94,51,112,349
74,114,85,27,300
21,26,123,47,217
91,54,120,96,361
37,84,103,16,240
124,137,128,98,487
127,18,92,42,279
28,118,100,30,276
96,55,65,1,217
97,135,119,66,417
147,38,135,122,442
38,27,58,19,142
51,9,69,7,136
131,78,141,86,436
127,49,54,93,323
104,99,75,74,352
60,53,88,31,232
45,108,80,57,290
111,144,102,22,379
6,41,98,68,213
90,1,6,26,123
118,74,86,22,300
123,121,3,128,375
114,38,37,143,332
67,94,125,103,389
77,67,98,149,391
50,126,141,9,326
106,28,21,12,167
87,143,65,120,415
84,60,81,34,259
45,116,101,105,367
146,94,102,24,366
114,106,110,88,418
76,86,120,99,381
12,150,20,149,331
133,38,29,95,295
127,139,14,150,430
66,128,114,61,369
128,33,61,60,282
6,11,138,123,278
58,24,10,111,203
7,150,129,109,395
124,49,53,14,240
46,32,18,133,229
52,103,44,146,345
16,119,58,90,283
73,5,123,89,290
13,46,100,96,255
99,106,38,118,361
66,26,34,58,184
104,59,38,103,304
148,96,33,49,326
35,53,122,6,216
131,105,50,129,415
16,132,130,1,279
111,132,51,120,414
118,136,9,37,300
73,83,72,100,328
143,139,125,19,426
47,72,35,56,210
10,147,42,136,335
61,38,81,103,283
51,74,12,107,244
133,19,145,91,388
16,100,67,8,191
127,58,56,33,274
138,147,73,26,384
58,12,2,32,104
83,75,74,23,255
37,116,142,137,432
58,1,33,123,215
56,120,23,108,307
22,98,19,14,153
6,141,107,141,395
148,81,96,105,430
76,18,124,129,347
91,31,34,91,247
128,105,11,61,305
119,106,110,2,337
131,139,133,138,541
112,88,63,127,390
96,60,31,37,224
111,118,105,34,368
20,64,114,56,254
140,138,31,114,423
75,98,88,33,294
106,51,33,121,311
92,33,6,130,261
98,108,128,29,363
109,104,27,84,324
38,69,31,14,152
111,65,77,72,325
31,48,44,147,270
126,47,8,54,235
68,84,25,47,224
68,10,115,71,264
6,102,13,108,229
68,107,64,5,244
72,9,11,34,126
16,81,27,53,177
31,116,50,146,343
114,95,3,80,292
125,38,36,33,232
30,89,11,25,155
17,149,1,47,214
16,102,53,8,179
80,31,66,73,250
138,60,8,37,243
34,147,25,143,349
10,118,36,122,286
139,112,8,131,390
36,40,86,100,262
144,60,28,127,359
61,115,138,2,316
67,6,106,52,231
9,15,84,56,164
95,145,18,123,381
125,121,84,43,373
20,100,17,140,277
84,33,34,17,168
77,31,86,9,203
99,75,81,38,293
87,122,59,143,411
139,88,91,71,389
69,98,114,62,343
73,77,102,133,385
23,51,40,135,249
24,147,1,15,187
80,42,49,82,253
119,60,51,57,287
97,108,40,95,340
128,105,113,132,478
67,142,147,88,444
89,49,97,112,347
61,109,133,9,312
95,15,111,43,264
11,129,132,120,392
141,9,38,91,279
41,54,20,90,205
135,11,58,13,217
98,29,1,17,145
19,43,10,110,182
103,96,11,57,267
124,69,138,128,459
114,83,92,101,390
116,70,14,69,269
92,71,146,86,395
7,146,34,94,281
136,122,57,105,420
17,144,118,88,367
111,145,52,65,373
57,76,127,52,312
62,1,123,32,218
60,13,132,74,279
149,66,112,49,376
2,122,149,15,288
86,7,29,122,244
143,40,71,120,374
129,140,45,104,418
96,81,93,101,371
2,133,69,123,327
24,13,111,105,253
31,68,40,64,203
62,11,20,81,174
25,75,34,72,206
107,127,77,41,352
78,134,15,91,318
116,107,47,18,288
85,148,120,125,478
13,113,107,40,273
50,75,78,27,230
90,105,35,149,379
57,83,105,34,279
27,14,147,145,333
30,27,118,28,203
143,22,84,99,348
71,106,112,30,319
65,65,42,30,202
128,99,134,69,430
53,144,39,147,383
74,68,114,129,385
6,15,107,29,157
132,126,68,77,403
33,120,78,76,307
86,32,110,73,301
45,79,18,82,224
22,48,127,106,303
50,58,108,78,294
22,141,79,30,272
70,105,8,41,224
60,21,38,133,252
93,122,81,99,395
13,33,141,88,275
1,24,53,65,143
106,137,139,80,462
134,54,3,146,337
141,39,2,98,280
28,114,7,129,278
118,30,30,149,327
65,3,139,64,271
148,116,131,91,486
75,104,10,59,248
48,44,53,69,214
87,17,84,10,198
46,131,104,121,402
94,129,131,92,446
65,39,118,56,278
83,103,8,104,298
6,88,64,86,244
100,6,125,1,232
37,25,48,117,227
103,30,134,76,343
27,145,124,119,415
64,72,79,13,228
45,59,51,5,160
72,43,139,105,359
146,113,123,15,397
104,18,122,110,354
12,60,4,42,118
52,80,89,97,318
99,59,75,129,362
29,91,50,50,220
58,24,133,93,308
48,132,122,83,385
81,147,11,34,273
34,50,62,52,198
59,7,82,6,154
138,61,128,52,379
141,52,95,121,409
89,99,61,15,264
33,31,52,45,161
81,53,126,136,396
35,43,108,93,279
123,53,62,145,383
30,22,58,6,116
116,108,137,52,413
133,113,100,23,369
6,39,124,117,286
107,86,81,75,349
41,146,104,116,407
96,16,87,111,310
91,111,100,32,334
42,19,4,128,193
61,4,63,30,158
5,49,132,117,303
61,140,109,139,449
132,5,108,83,328
87,87,31,65,270
21,14,137,4,176
57,131,48,115,351
79,48,117,117,361
67,61,82,28,238
85,126,2,119,332
121,97,137,60,415
105,100,146,3,354
130,100,120,150,500
40,114,136,32,322
132,92,44,89,357
34,93,129,17,273
31,100,21,150,302
32,25,32,36,125
48,1,147,12,208
83,98,126,114,421
124,9,61,121,315
90,86,80,40,296
37,132,7,63,239
76,79,109,52,316
101,87,3,69,260
90,32,61,86,269
59,125,97,18,299
10,4,74,83,171
52,91,140,10,293
14,106,132,5,257
147,124,75,97,443
43,125,82,102,352
139,22,77,18,256
93,117,4,137,351
10,75,53,19,157
43,141,125,81,390
100,3,103,19,225
101,107,136,7,351
104,42,117,129,392
120,110,132,98,460
9,128,111,49,297
8,134,142,111,395
108,97,143,104,452
45,44,101,81,271
50,19,3,30,102
87,109,87,95,378
136,136,62,75,409
7,133,13,77,230
30,63,28,14,135
55,12,43,14,124
30,28,52,60,170
95,66,108,58,327
120,88,106,24,338
107,90,127,116,440
135,63,53,83,334
35,13,101,45,194
104,21,25,56,206
39,44,113,121,317
137,68,56,43,304
45,75,15,26,161
93,146,40,33,312
82,24,81,68,255
25,76,114,109,324
69,78,24,36,207
108,57,73,87,325
29,88,147,90,354
98,90,110,142,440
121,74,39,144,378
125,62,34,139,360
13,37,50,86,186
57,107,81,34,279
52,91,130,113,386
63,126,147,20,356
144,95,35,148,422
100,4,15,78,197
52,76,10,89,227
98,54,143,115,410
101,128,93,129,451
76,118,51,147,392
86,28,24,118,256
34,10,144,107,295
69,69,119,62,319
136,118,3,81,338
46,91,92,100,329
131,105,40,4,280
44,37,27,25,133
51,18,124,104,297
16,53,44,133,246
43,77,7,15,142
87,21,10,137,255
122,82,59,84,347
68,74,85,76,303
58,51,141,26,276
114,114,94,149,471
32,3,7,97,139
4,127,63,93,287
109,63,85,47,304
107,115,67,40,329
21,145,80,113,359
92,104,39,75,310
108,85,39,104,336
114,100,139,60,413
55,103,71,56,285
121,69,120,8,318
68,138,114,94,414
90,126,76,12,304
147,24,136,146,453
134,57,61,86,338
79,137,3,134,353
93,45,91,34,263
118,60,76,25,279
2,6,35,63,106
148,102,23,7,280
115,143,11,111,380
57,46,79,109,291
25,19,95,28,167
79,15,32,30,156
52,70,27,65,214
98,113,34,32,277
106,79,9,12,206
74,60,89,48,271
95,95,87,139,416
77,73,11,61,222
75,89,55,53,272
38,139,111,17,305
58,106,14,95,273
102,147,112,44,405
108,61,130,140,439
69,13,62,81,225
16,12,81,10,119
116,90,120,115,441
61,109,105,132,407
55,145,73,6,279
135,40,62,91,328
81,116,104,46,347
16,122,125,112,375
89,102,95,46,332
109,120,41,83,353
43,76,122,73,314
62,41,47,142,292
9,110,6,86,211
39,25,119,10,193
137,88,132,27,384
21,125,8,98,252
61,118,18,105,302
64,17,41,22,144
101,39,138,85,363
2,44,90,78,214
123,31,122,128,404
18,25,12,105,160
51,112,57,44,264
122,89,42,8,261
131,8,148,96,383
31,90,16,69,206
39,7,72,39,157
146,101,115,9,371
67,117,39,20,243
119,67,116,123,425
129,136,36,71,372
82,105,60,36,283
55,57,30,127,269
113,117,65,43,338
29,121,88,28,266
17,47,71,23,158
71,29,79,23,202
118,41,141,102,402
6,6,125,44,181
78,91,123,25,317
146,76,28,88,338
51,30,122,89,292
99,47,38,41,225
75,96,80,114,365
44,22,87,16,169
32,134,92,125,383
143,147,53,51,394
149,17,142,43,351
56,59,26,131,272
3,5,126,11,145
84,78,77,99,338
19,63,134,21,237
44,143,32,72,291
114,13,35,83,245
33,114,53,132,332
72,81,113,71,337
108,50,15,111,284
98,92,2,1,193
80,95,128,145,448
53,121,136,145,455
32,36,46,33,147
21,28,42,68,159
15,124,55,127,321
20,100,80,111,311
106,16,5,33,160
47,102,113,18,280
130,126,117,102,475
23,49,35,65,172
100,26,12,12,150
110,77,23,138,348
50,149,25,30,254
110,10,133,31,284
123,109,6,75,313
115,115,116,43,389
48,68,108,120,344
25,57,144,65,291
15,5,58,130,208
68,83,14,58,223
30,54,18,130,232
42,45,117,11,215
92,37,46,140,315
150,27,137,33,347
11,24,93,4,132
4,147,55,70,276
14,87,148,26,275
78,59,30,26,193
37,95,76,35,243
109,94,14,105,322
42,86,119,127,374
109,33,44,144,330
15,28,18,134,195
110,33,128,95,366
107,44,109,31,291
112,61,8,98,279
11,130,77,63,281
4,113,100,80,297
65,137,107,68,377
3,105,145,143,396
128,64,63,34,289
135,9,71,107,322
100,66,119,28,313
112,136,83,148,479
14,139,112,2,267
145,72,129,9,355
11,62,133,63,269
107,106,127,58,398
24,101,117,64,306
51,88,57,49,245
112,37,95,26,270
112,20,17,27,176
119,73,17,46,255
107,80,115,113,415
124,5,67,80,276
36,18,7,8,69
36,149,90,115,390
11,49,54,93,207
11,84,138,75,308
17,17,43,4,81
123,150,54,82,409
7,53,31,95,186
129,39,94,143,405
73,58,131,144,406
43,94,15,104,256
77,116,50,64,307
33,8,94,34,169
128,4,63,85,280
55,20,42,36,153
93,25,25,111,254
66,17,147,89,319
55,119,73,109,356
145,75,12,133,365
75,119,131,119,444
28,96,112,29,265
83,116,70,142,411
15,50,24,14,103
62,138,9,132,341
47,112,77,120,356
144,122,18,93,377
129,62,4,28,223
122,6,71,60,259
85,87,12,12,196
124,119,88,120,451
76,121,94,90,381
123,55,130,98,406
14,128,84,60,286
67,119,102,74,362
83,75,23,117,298
144,49,129,22,344
59,143,4,123,329
45,71,68,54,238
71,66,6,5,148
51,114,51,99,315
69,139,48,19,275
135,120,27,68,350
79,101,46,30,256
29,28,75,59,191
124,93,35,67,319
116,102,125,52,395
107,91,128,108,434
92,108,122,37,359
121,98,78,132,429
50,27,139,53,269
33,8,82,27,150
144,4,120,52,320
62,82,33,132,309
32,1,118,133,284
17,81,55,71,224
8,139,43,10,200
136,87,49,94,366
83,115,36,73,307
25,46,13,40,124
22,34,13,17,86
33,115,101,138,387
129,49,129,112,419
33,85,36,20,174
29,130,56,36,251
24,146,135,132,437
19,2,2,15,38
109,147,19,14,289
50,51,141,120,362
21,129,129,146,425
100,144,115,28,387
90,120,139,62,411
76,102,134,41,353
119,55,112,105,391
80,93,43,138,354
106,145,38,51,340
107,107,49,47,310
135,144,88,23,390
45,112,122,79,358
90,141,141,100,472
79,81,105,77,342
144,102,125,146,517
51,45,107,12,215
63,95,117,136,411
22,61,142,2,227
15,147,109,113,384
20,73,25,108,226
110,134,5,8,257
55,60,144,25,284
15,93,29,69,206
149,63,116,139,467
71,103,70,122,366
114,111,20,137,382
145,87,79,83,394
70,107,77,79,333
101,50,143,149,443
30,127,114,66,337
28,134,38,141,341
17,114,76,24,231
73,31,98,47,249
133,98,114,90,435
110,65,93,134,402
132,105,5,135,377
114,130,58,71,373
130,61,131,79,401
61,2,79,96,238
139,27,138,14,318
136,28,65,137,366
39,56,22,117,234
7,143,115,132,397
53,47,139,85,324
104,33,147,36,320
74,105,68,87,334
147,96,82,30,355
44,71,58,56,229
39,83,95,63,280
44,113,80,86,323
63,91,75,53,282
21,6,8,28,63
54,90,73,31,248
68,128,40,80,316
22,24,149,96,291
84,129,122,27,362
88,115,23,110,336
28,42,92,28,190
29,15,79,60,183
75,81,60,113,329
1,69,78,97,245
133,17,9,101,260
108,150,114,10,382
141,21,98,135,395
46,105,13,34,198
109,61,110,6,286
69,17,150,12,248
146,98,90,76,410
144,27,7,89,267
31,147,44,105,327
143,114,54,136,447
125,112,90,101,428
139,150,112,4,405
51,105,103,106,365
30,118,87,87,322
147,91,102,66,406
99,98,27,126,350
53,27,73,44,197
23,63,84,17,187
51,56,88,19,214
49,62,40,118,269
132,31,60,18,241
36,119,34,78,267
27,62,51,135,275
145,81,97,150,473
37,10,5,48,100
10,18,113,126,267
99,140,98,12,349
73,101,94,53,321
49,10,34,124,217
110,20,128,138,396
92,2,32,133,259
49,91,75,44,259
43,18,41,3,105
8,87,99,84,278
45,140,106,51,342
96,145,87,10,338
122,80,140,21,363
147,17,89,70,323
52,88,137,4,281
63,35,29,10,137
113,89,115,39,356
30,29,42,124,225
49,38,79,6,172
75,134,27,102,338
78,91,51,107,327
37,42,83,101,263
131,101,141,21,394
123,138,39,74,374
143,51,117,64,375
108,143,110,107,468
41,97,138,45,321
150,106,82,75,413
39,113,83,132,367
105,1,46,86,238
42,128,12,44,226
16,144,105,36,301
118,60,99,2,279
85,117,132,39,373
129,12,88,78,307
115,27,72,36,250
51,36,148,78,313
87,109,115,111,422
2,5,112,75,194
150,149,46,115,460
18,101,16,105,240
105,78,103,126,412
126,110,144,50,430
112,56,9,19,196
140,103,83,137,463
17,22,21,107,167
138,97,26,120,381
66,118,2,122,308
137,109,19,40,305
91,103,109,17,320
37,76,99,47,259
38,14,8,17,77
118,98,113,48,377
128,144,36,60,368
92,103,142,17,354
21,87,72,39,219
48,77,74,18,217
38,96,122,97,353
28,68,108,116,320
97,29,123,110,359
41,62,44,29,176
139,28,49,27,243
2,145,135,2,284
13,58,140,67,278
143,65,117,119,444
18,24,98,41,181
72,63,112,74,321
74,98,37,109,318
3,115,63,92,273
133,83,35,48,299
82,49,21,3,155
147,32,30,39,248
13,27,25,126,191
119,120,126,55,420
43,132,107,62,344
61,44,62,97,264
125,39,113,109,386
110,63,9,16,198
62,70,101,98,331
11,84,8,28,131
14,53,21,5,93
89,17,98,62,266
78,5,120,115,318
89,25,83,98,295
46,47,52,65,210
42,8,149,73,272
103,134,55,15,307
71,28,31,35,165
147,75,118,24,364
48,116,53,49,266
110,86,138,145,479
63,149,15,131,358
49,6,72,79,206
1,117,84,17,219
133,11,134,75,353
135,92,62,131,420
74,29,67,69,239
60,70,35,76,241
7,141,91,10,249
18,78,14,38,148
95,122,103,95,415
12,131,149,68,360
85,85,111,95,376
119,64,5,29,217
41,106,81,42,270
101,5,15,63,184
33,79,107,69,288
131,141,127,61,460
34,107,8,145,294
62,112,125,133,432
82,33,67,116,298
73,50,1,111,235
131,134,146,20,431
12,55,23,89,179
71,59,146,93,369
123,77,31,7,238
115,24,1,64,204
99,145,108,101,453
18,15,117,148,298
17,104,98,16,235
121,83,59,10,273
54,18,107,70,249
43,134,102,146,425
63,149,31,75,318
103,54,124,87,368
59,76,83,56,274
46,58,56,124,284
114,19,57,12,202
60,56,88,111,315
145,143,123,100,511
52,54,119,124,349
33,92,1,79,205
15,9,25,7,56
124,142,147,142,555
58,1,129,87,275
24,125,46,56,251
88,74,62,58,282
15,2,51,144,212
132,134,44,16,326
66,56,109,19,250
55,55,31,56,197
57,25,112,19,213
100,79,70,53,302
23,7,97,38,165
74,37,33,91,235
108,56,135,67,366
19,9,137,49,214
66,127,50,119,362
101,46,103,89,339
17,90,119,138,364
134,125,36,128,423
65,6,73,101,245
31,80,124,56,291
19,36,14,127,196
11,23,2,119,155
114,56,12,39,221
58,150,59,3,270
28,22,90,74,214
119,107,140,150,516
71,75,114,79,339
58,91,101,38,288
71,141,74,60,346
89,13,46,150,298
26,32,99,79,236
22,47,117,24,210
49,80,128,35,292
21,63,34,48,166
43,126,63,70,302
116,74,2,25,217
93,8,43,136,280
79,69,76,80,304
125,145,73,109,452
113,93,40,133,379
101,49,65,136,351
149,91,82,12,334
29,29,110,71,239
86,125,122,28,361
95,35,100,50,280
119,105,19,138,381
29,28,55,117,229
147,55,51,71,324
56,90,73,88,307
132,35,33,79,279
134,110,124,70,438
90,42,32,86,250
39,60,148,101,348
5,32,125,88,250
27,69,137,54,287
122,15,79,134,350
44,125,100,150,419
138,62,118,108,426
100,88,90,21,299
120,137,26,46,329
94,120,44,35,293
36,56,91,94,277
101,3,31,147,282
76,42,85,113,316
104,8,55,134,301
32,116,115,150,413
148,19,40,20,227
107,58,79,40,284
79,42,88,16,225
83,32,91,126,332
134,48,150,144,476
23,99,62,98,282
12,1,42,106,161
114,48,141,85,388
99,125,2,67,293
107,97,141,136,481
108,87,24,82,301
125,80,101,94,400
110,145,124,100,479
46,75,124,93,338
58,125,15,77,275
76,122,82,118,398
96,124,17,96,333
34,27,106,73,240
48,30,96,130,304
117,147,52,108,424
97,1,59,147,304
60,62,49,87,258
76,49,104,56,285
9,59,91,7,166
50,30,106,80,266
94,65,34,130,323
51,58,133,50,292
150,38,62,70,320
54,93,51,83,281
126,87,133,137,483
76,142,94,71,383
8,111,90,99,308
93,47,54,65,259
4,53,76,138,271
21,138,66,93,318
48,110,109,75,342
40,94,82,42,258
135,134,88,35,392
103,74,119,129,425
18,28,26,139,211
98,131,129,37,395
126,84,98,68,376
46,10,62,110,228
54,3,20,112,189
50,71,85,25,231
122,34,140,78,374
84,99,123,4,310
9,139,36,30,214
55,129,11,61,256
119,35,61,56,271
32,17,78,41,168
58,24,119,94,295
41,147,5,70,263
116,34,66,125,341
75,94,17,92,278
113,116,47,97,373
148,42,30,109,329
133,136,128,29,426
119,37,48,41,245
109,47,129,83,368
88,113,115,9,325
12,150,127,13,302
39,146,129,115,429
65,150,105,93,413
42,105,21,98,266
25,38,94,61,218
97,47,69,55,268
109,70,110,31,320
14,95,148,15,272
17,56,114,76,263
34,16,8,72,130
95,98,141,100,434
98,82,20,123,323
102,98,112,89,401
143,123,150,146,562
123,31,143,40,337
140,42,150,100,432
41,98,66,132,337
54,103,120,68,345
36,47,88,48,219
42,97,150,90,379
106,38,7,112,263
105,93,57,92,347
112,27,67,107,313
147,116,134,98,495
99,7,59,67,232
36,82,19,6,143
39,57,15,87,198
4,30,75,33,142
14,41,56,127,238
101,44,84,34,263
29,115,97,113,354
106,49,136,84,375
77,73,17,30,197
132,93,147,40,412
91,60,149,75,375
17,136,7,22,182
126,65,101,97,389
2,123,49,78,252
24,112,74,82,292
100,27,137,31,295
58,64,104,145,371
47,70,144,78,339
62,30,104,135,331
102,80,60,23,265
49,95,69,49,262
69,145,117,98,429
44,123,66,147,380
85,147,24,90,346
148,69,142,63,422
109,59,107,91,366
88,32,40,87,247
101,42,30,2,175
50,4,80,136,270
108,50,35,103,296
100,142,50,10,302
72,122,17,103,314
77,52,134,111,374
23,71,40,52,186
136,40,34,121,331
1,124,135,20,280
78,137,64,107,386
115,64,149,66,394
17,115,57,142,331
77,113,17,17,224
38,70,13,87,208
106,66,50,111,333
30,97,85,40,252
29,30,28,123,210
41,12,115,35,203
9,101,12,38,160
21,107,59,39,226
76,78,39,61,254
148,75,50,25,298
146,126,121,43,436
134,7,61,8,210
122,133,6,28,289
1,119,49,56,225
124,141,33,140,438
9,136,114,138,397
79,131,117,48,375
89,83,79,83,334
129,10,47,34,220
102,19,95,54,270
72,147,75,135,429
86,9,133,120,348
1,47,83,49,180
103,79,82,53,317
12,117,14,58,201
9,99,45,74,227
85,83,136,45,349
88,23,60,4,175
99,29,5,24,157
71,92,36,66,265
46,36,126,78,286
105,132,104,34,375
42,27,2,130,201
19,66,109,38,232
83,4,59,67,213
60,83,99,73,315
140,102,70,116,428
59,74,123,38,294
81,53,1,82,217
47,49,148,41,285
50,119,143,61,373
65,5,9,133,212
35,4,117,13,169
50,111,107,50,318
1,129,69,79,278
31,87,111,62,291
146,141,138,129,554
101,135,29,52,317
9,88,76,91,264
121,67,44,46,278
140,48,150,8,346
36,137,143,105,421
81,148,94,31,354
131,133,89,46,399
136,38,115,68,357
126,123,125,7,381
76,77,137,65,355
102,25,143,99,369
89,117,93,34,333
4,88,36,37,165
79,5,127,76,287
44,116,27,3,190
120,33,34,44,231
90,133,64,89,376
55,29,35,137,256
141,29,108,61,339
45,96,19,80,240
70,76,45,47,238
97,84,79,96,356
38,149,80,111,378
19,34,119,39,211
26,7,78,27,138
93,98,135,34,360
124,37,134,37,332
1,147,25,88,261
89,78,96,119,382
13,60,150,95,318
20,6,42,103,171
75,96,66,25,262
150,125,101,27,403
109,48,140,145,442
28,149,79,35,291
19,64,119,21,223
80,104,21,117,322
67,46,87,10,210
4,25,124,19,172
128,47,111,21,307
43,88,20,63,214
82,80,147,56,365
64,23,43,117,247
33,24,39,2,98
121,51,85,97,354
44,62,110,150,366
95,117,23,17,252
110,84,123,145,462
11,49,15,36,111
61,102,101,110,374
6,60,74,43,183
131,3,46,146,326
90,52,147,8,297
94,16,130,21,261
117,106,41,74,338
109,66,45,138,358
58,55,102,38,253
119,8,55,23,205
7,16,96,125,244
130,106,6,2,244
146,138,82,114,480
54,15,98,19,186
131,146,7,86,370
135,7,65,149,356
127,121,72,17,337
85,1,27,105,218
87,101,112,123,423
50,82,20,88,240
116,19,64,18,217
149,15,10,98,272
48,72,101,56,277
97,84,17,25,223
144,127,74,88,433
57,16,141,10,224
104,31,119,9,263
54,61,118,77,310
81,25,96,21,223
138,19,89,51,297
103,112,8,123,346
120,84,64,56,324
147,103,30,122,402
82,83,53,1,219
29,45,32,88,194
76,5,36,38,155
81,79,132,71,363
83,107,64,20,274
100,78,145,59,382
119,30,96,30,275
36,111,27,5,179
13,95,51,54,213
123,71,114,96,404
71,85,137,37,330
119,131,47,7,304
132,56,93,144,425
112,98,43,9,262
59,41,86,149,335
62,118,60,133,373
137,13,104,38,292
140,23,55,27,245
88,130,132,7,357
44,131,108,147,430
64,135,8,52,259
113,108,139,33,393
107,75,118,81,381
24,86,58,90,258
111,97,32,79,319
41,17,95,94,247
28,47,106,55,236
12,37,64,64,177
102,74,69,144,389
43,18,85,104,250
57,11,89,28,185
54,119,55,30,258
66,121,66,94,347
11,32,10,34,87
120,95,113,65,393
146,1,100,101,348
36,46,61,118,261
47,73,121,135,376
150,147,114,27,438
132,20,4,130,286
49,144,111,4,308
89,80,69,104,342
148,79,111,75,413
132,86,130,16,364
54,54,80,100,288
60,116,4,14,194
115,82,38,50,285
8,114,143,134,399
59,59,146,44,308
48,5,23,99,175
121,44,140,10,315
39,47,75,115,276
121,56,25,28,230
4,96,9,138,247
60,88,24,138,310
36,82,85,56,259
69,109,69,131,378
112,122,35,106,375
140,91,92,122,445
135,49,45,1,230
104,25,140,21,290
95,108,47,66,316
28,138,97,27,290
145,90,150,14,399
118,19,89,132,358
122,27,48,63,260
131,107,140,128,506
13,80,24,58,175
54,110,68,51,283
146,56,114,103,419
150,56,83,111,400
100,50,78,91,319
24,16,60,106,206
54,81,140,45,320
35,60,73,89,257
56,48,10,59,173
31,118,67,79,295
36,120,23,68,247
128,23,29,88,268
96,131,1,18,246
105,132,8,20,265
114,43,49,84,290
121,46,144,107,418
97,134,140,134,505
48,88,131,2,269
4,114,114,102,334
138,140,110,148,536
112,24,114,113,363
35,15,96,60,206
138,100,69,82,389
84,70,143,135,432
36,79,67,79,261
57,41,121,3,222
71,84,67,128,350
18,145,77,56,296
104,12,4,75,195
93,106,51,21,271
95,106,9,52,262
12,112,130,27,281
70,141,4,148,363
135,137,51,65,388
22,27,9,14,72
45,139,147,104,435
84,10,123,63,280
83,43,84,7,217
146,102,5,33,286
96,104,131,109,440
30,37,32,39,138
55,86,121,49,311
128,47,105,128,408
43,21,23,3,90
137,42,67,66,312
3,89,46,71,209
13,17,104,49,183
123,126,120,136,505
28,26,53,13,120
125,5,42,92,264
9,131,29,5,174
127,11,16,60,214
150,49,146,142,487
64,38,57,47,206
12,100,30,77,219
94,138,128,128,488
34,150,59,108,351
73,36,76,135,320
54,64,110,126,354
69,116,106,56,347
77,99,113,91,380
67,59,2,18,146
102,19,95,16,232
21,92,78,13,204
115,24,29,120,288
105,64,104,40,313
72,25,125,80,302
107,58,77,80,322
88,67,66,6,227
31,74,5,23,133
96,50,124,41,311
55,98,33,88,274
56,8,41,98,203
120,112,110,141,483
73,146,43,133,395
67,120,125,105,417
115,8,140,56,319
9,129,2,15,155
77,99,63,46,285
13,98,38,39,188
37,125,62,90,314
102,101,46,75,324
133,55,2,69,259
72,11,6,51,140
46,48,19,118,231
10,113,108,85,316
76,95,72,93,336
17,3,147,101,268
117,115,114,63,409
12,59,11,134,216
136,60,68,79,343
90,143,89,147,469
50,31,46,18,145
59,142,80,19,300
14,57,10,76,157
109,7,45,3,164
105,9,125,32,271
90,131,136,28,385
138,78,141,39,396
145,150,78,8,381
150,15,122,110,397
17,14,96,119,246
1,23,8,20,52
141,67,41,146,395
145,65,102,56,368
115,1,149,60,325
27,95,52,13,187
30,138,54,41,263
1,34,125,120,280
70,98,35,110,313
87,41,105,70,303
47,150,17,150,364
12,60,24,113,209
31,53,84,9,177
10,107,130,38,285
52,46,105,102,305
47,141,70,13,271
49,150,86,127,412
143,53,137,80,413
19,107,38,130,294
103,39,77,117,336
93,137,5,14,249
128,91,135,30,384
84,20,116,41,261
39,29,8,43,119
33,101,59,47,240
26,117,87,80,310
112,113,53,68,346
16,138,88,106,348
87,150,9,44,290
1,22,140,51,214
3,97,32,43,175
118,129,59,107,413
31,128,101,58,318
77,135,69,121,402
52,124,11,6,193
8,6,21,135,170
25,90,45,2,162
38,9,41,42,130
130,15,148,120,413
75,83,146,35,339
111,140,22,122,395
118,86,60,104,368
48,36,33,125,242
93,55,93,146,387
134,137,141,82,494
144,17,31,5,197
79,74,102,77,332
79,106,82,147,414
128,24,47,26,225
109,64,77,63,313
95,64,84,99,342
87,90,11,46,234
103,36,53,94,286
25,144,70,31,270
76,95,101,93,365
107,72,122,77,378
78,58,121,72,329
26,75,15,26,142
135,30,36,146,347
103,117,125,1,346
149,48,109,48,354
127,125,89,137,478
41,99,118,97,355
36,103,144,24,307
102,103,59,1,265
41,11,6,12,70
74,61,25,15,175
106,73,16,103,298
34,117,5,3,159
12,38,82,98,230
93,26,111,27,257
51,136,20,139,346
47,39,117,68,271
68,32,93,78,271
106,56,141,128,431
60,56,96,59,271
8,34,115,111,268
127,135,33,51,346
63,2,67,60,192
104,18,10,14,146
89,72,19,34,214
127,53,140,126,446
118,28,56,25,227
40,101,135,22,298
63,108,142,90,403
136,77,20,77,310
148,61,95,37,341
130,105,82,112,429
109,121,5,145,380
84,77,96,54,311
10,58,35,84,187
70,76,22,114,282
50,61,74,76,261
138,78,147,12,375
126,123,28,104,381
16,112,100,140,368
13,74,33,16,136
83,134,8,60,285
34,19,109,59,221
150,143,32,64,389
88,55,132,111,386
77,142,75,58,352
142,65,3,27,237
37,53,140,57,287
3,57,63,101,224
84,38,18,16,156
55,62,5,140,262
56,60,11,79,206
3,41,21,14,79
12,65,31,99,207
116,29,89,42,276
20,134,88,61,303
102,117,148,26,393
21,63,12,18,114
99,139,73,111,422
6,12,141,22,181
149,100,114,122,485
110,102,66,80,358
144,51,89,49,333
29,23,38,34,124
45,144,55,44,288
117,35,114,38,304
42,125,87,120,374
135,7,54,38,234
66,76,84,108,334
140,58,84,84,366
131,133,148,18,430
3,1,5,59,68
126,139,67,90,422
46,72,47,128,293
111,100,84,32,327
84,119,11,29,243
57,106,61,92,316
75,112,122,7,316
94,15,36,126,271
31,79,62,92,264
120,8,134,46,308
28,90,143,85,346
18,146,149,52,365
139,118,20,61,338
1,2,40,65,108
22,114,12,14,162
109,148,49,55,361
91,121,126,44,382
53,60,122,41,276
147,114,150,106,517
116,145,86,91,438
1,136,55,112,304
103,92,109,64,368
149,37,57,72,315
81,43,145,42,311
121,82,8,100,311
12,87,41,12,152
67,79,121,135,402
116,43,67,63,289
148,41,149,128,466
38,138,104,131,411
100,43,63,86,292
149,78,126,114,467
1,82,64,26,173
35,5,38,19,97
1,13,89,34,137
125,57,28,107,317
132,150,71,150,503
149,139,85,129,502
48,130,2,14,194
22,135,53,11,221
71,33,40,29,173
87,8,11,94,200
9,8,143,32,192
86,113,125,90,414
16,74,60,68,218
80,19,115,46,260
79,49,133,71,332
33,81,57,5,176
19,54,8,97,178
75,150,5,95,325
15,53,131,43,242
22,43,55,26,146
109,81,87,139,416
2,28,26,54,110
43,118,93,13,267
133,27,87,125,372
121,104,85,146,456
122,24,17,6,169
135,2,124,137,398
129,11,84,61,285
134,117,88,72,411
107,110,17,22,256
95,41,20,42,198
21,39,58,77,195
105,23,73,115,316
37,59,113,112,321
113,51,94,5,263
122,103,77,43,345
30,77,28,108,243
38,21,69,42,170
125,112,149,57,443
118,18,66,55,257
69,13,94,91,267
150,114,130,25,419
88,119,111,125,443
21,58,33,119,231
23,115,44,21,203
128,137,7,78,350
74,117,80,37,308
101,128,108,115,452
4,17,50,135,206
143,100,89,63,395
102,57,118,36,313
41,22,91,20,174
9,87,81,6,183
90,110,22,14,236
86,78,93,79,336
13,102,53,38,206
30,136,140,135,441
38,58,141,68,305
39,8,97,53,197
7,139,51,75,272
143,106,70,44,363
80,90,71,125,366
88,100,18,64,270
132,106,148,3,389
92,139,40,18,289
57,89,21,89,256
69,41,131,117,358
129,126,41,43,339
3,137,52,30,222
133,103,55,43,334
146,61,40,6,253
50,99,22,10,181
113,73,6,56,248
90,123,4,45,262
146,110,54,92,402
37,42,58,108,245
91,58,142,85,376
60,73,80,140,353
129,1,63,136,329
32,44,88,96,260
137,149,38,23,347
84,150,28,126,388
121,137,149,147,554
18,108,79,126,331
116,49,34,68,267
11,10,22,69,112
78,106,13,47,244
35,32,110,63,240
98,101,45,7,251
119,84,110,146,459
97,84,12,28,221
47,114,92,87,340
149,6,105,106,366
145,116,140,45,446
103,6,142,70,321
53,41,125,53,272
37,129,123,57,346
59,68,101,105,333
27,27,115,102,271
42,47,40,47,176
129,27,20,141,317
84,69,60,59,272
119,17,45,64,245
120,40,115,33,308
132,28,104,104,368
136,28,142,142,448
51,36,19,103,209
48,22,142,101,313
145,35,4,57,241
87,72,81,101,341
25,123,97,70,315
113,21,135,91,360
21,63,63,61,208
144,118,55,39,356
69,102,47,43,261
20,23,45,107,195
83,75,22,131,311
88,49,42,143,322
117,52,121,7,297
29,14,76,12,131
61,65,25,55,206
57,29,82,97,265
133,67,29,16,245
41,21,86,114,262
14,61,59,64,198
80,76,63,121,340
101,117,89,53,360
79,49,8,119,255
85,10,134,72,301
8,146,99,99,352
2,94,74,49,219
9,26,38,95,168
10,114,61,58,243
74,25,75,7,181
28,21,31,43,123
35,70,144,17,266
49,99,121,131,400
31,147,136,132,446
47,133,27,73,280
58,36,83,3,180
18,65,11,100,194
7,15,137,92,251
14,53,47,141,255
48,125,94,78,345
53,101,6,115,275
123,75,100,57,355
104,143,10,33,290
145,92,11,54,302
130,147,142,108,527
29,36,54,114,233
6,148,63,140,357
32,140,9,27,208
120,30,72,14,236
45,10,92,17,164
86,144,7,75,312
140,1,121,80,342
69,130,127,62,388
44,22,54,54,174
122,44,85,91,342
115,5,23,94,237
30,87,88,137,342
126,28,86,145,385
75,102,86,68,331
133,34,21,85,273
59,82,146,91,378
121,19,74,133,347
9,148,127,143,427
128,129,128,76,461
83,53,37,77,250
16,52,8,15,91
138,30,125,18,311
44,141,48,106,339
69,64,141,52,326
100,142,88,90,420
46,60,26,42,174
3,122,148,98,371
112,71,146,6,335
92,3,89,120,304
5,4,55,126,190
117,62,30,21,230
8,28,61,148,245
44,3,108,75,230
37,21,16,89,163
117,148,66,127,458
63,85,52,146,346
53,72,105,90,320
38,78,118,42,276
58,116,6,150,330
101,103,118,71,393
67,94,36,26,223
81,100,33,13,227
42,100,143,10,295
104,19,105,125,353
84,70,32,104,290
19,129,116,67,331
101,116,67,81,365
143,97,30,82,352
129,109,18,64,320
61,91,109,10,271
70,122,86,119,397
92,36,142,133,403
50,105,131,70,356
46,23,42,42,153
72,37,91,140,340
35,136,31,22,224
46,48,149,23,266
145,143,49,30,367
104,115,106,43,368
52,59,118,150,379
21,16,115,16,168
116,55,45,132,348
28,11,119,74,232
27,131,78,34,270
68,64,5,52,189
114,90,110,122,436
85,70,13,45,213
82,142,30,22,276
125,118,5,42,290
86,91,72,45,294
6,99,137,2,244
83,139,84,103,409
50,102,26,77,255
16,81,57,54,208
63,51,18,16,148
36,104,66,29,235
123,48,7,150,328
98,48,129,52,327
116,48,77,87,328
103,62,42,3,210
126,132,148,2,408
51,149,90,114,404
101,2,65,24,192
137,29,6,65,237
39,1,18,32,90
2,7,147,5,161
73,110,61,75,319
83,58,107,89,337
29,47,25,74,175
49,93,100,35,277
128,57,109,31,325
111,109,20,94,334
53,25,27,123,228
55,79,65,83,282
49,144,63,7,263
95,48,58,144,345
85,144,127,111,467
132,108,111,74,425
93,1,72,103,269
71,148,16,19,254
2,29,54,123,208
27,32,127,74,260
18,57,1,74,150
65,85,148,27,325
104,8,81,27,220
68,106,122,7,303
55,142,42,21,260
108,92,48,59,307
93,69,45,12,219
34,34,42,38,148
65,67,43,40,215
96,124,23,40,283
59,98,83,46,286
123,127,137,142,529
132,75,23,122,352
1,130,17,31,179
29,83,45,18,175
105,12,5,136,258
33,36,98,138,305
97,35,36,22,190
47,32,126,86,291
15,121,100,100,336
144,40,70,98,352
128,128,67,127,450
88,95,37,60,280
146,28,147,90,411
107,62,5,82,256
104,96,125,26,351
109,5,81,86,281
72,87,38,65,262
20,49,64,107,240
101,5,68,91,265
3,93,123,80,299
45,115,65,98,323
81,20,23,106,230
71,71,67,8,217
107,111,55,140,413
124,28,42,20,214
128,42,119,125,414
90,103,7,69,269
50,118,98,125,391
11,60,94,69,234
100,26,77,63,266
130,108,72,30,340
30,76,139,43,288
98,116,52,67,333
104,71,79,48,302
128,136,69,59,392
87,3,124,136,350
49,62,63,131,305
113,139,19,58,329
76,80,121,24,301
48,145,105,23,321
34,27,15,54,130
46,150,48,112,356
143,45,124,31,343
77,106,100,17,300
142,41,57,64,304
8,93,144,117,362
105,25,12,125,267
89,103,59,56,307
92,55,55,77,279
96,51,22,31,200
145,135,111,118,509
123,42,114,57,336
26,54,140,56,276
24,83,20,4,131
45,75,121,139,380
14,14,122,58,208
31,65,54,40,190
107,94,59,93,353
108,16,105,12,241
56,109,18,134,317
116,63,44,10,233
45,21,4,92,162
147,87,45,137,416
125,143,122,57,447
78,61,12,16,167
110,96,83,91,380
98,127,114,96,435
124,123,126,30,403
18,120,124,117,379
59,44,85,118,306
140,90,76,15,321
116,124,91,6,337
144,41,17,127,329
25,134,141,124,424
4,146,112,112,374
75,92,78,107,352
107,7,54,9,177
133,49,133,94,409
145,95,141,134,515
33,113,45,15,206
113,64,18,101,296
112,122,144,10,388
141,85,141,150,517
96,98,116,150,460
49,46,28,25,148
76,84,99,117,376
81,121,53,140,395
94,103,139,44,380
52,32,95,19,198
15,84,87,27,213
31,11,111,28,181
19,144,79,59,301
105,41,122,11,279
30,25,47,143,245
134,50,32,142,358
5,40,149,43,237
50,65,91,95,301
119,118,143,109,489
128,52,43,74,297
91,141,137,98,467
72,143,63,136,414
42,37,49,32,160
70,79,79,110,338
33,100,14,150,297
33,69,14,10,126
106,3,105,22,236
71,121,23,5,220
43,46,3,121,213
109,148,68,38,363
36,137,70,127,370
32,47,119,26,224
131,7,126,127,391
72,27,69,67,235
78,42,141,131,392
36,54,133,66,289
146,13,91,149,399
136,43,148,88,415
84,8,45,83,220
101,130,21,22,274
2,110,4,28,144
114,33,139,28,314
81,48,52,79,260
29,68,49,20,166
67,139,33,104,343
136,16,65,14,231
65,149,6,34,254
55,75,97,126,353
122,58,61,36,277
31,134,124,75,364
131,68,136,26,361
43,104,50,37,234
60,38,143,87,328
106,64,117,37,324
70,60,59,146,335
17,115,78,72,282
30,16,94,106,246
148,45,105,130,428
130,14,14,9,167
126,13,22,52,213
68,3,138,35,244
1,24,62,4,91
124,84,119,114,441
98,118,115,124,455
133,87,11,26,257
34,132,89,102,357
130,94,114,99,437
137,131,47,82,397
118,76,139,22,355
121,24,75,31,251
123,47,6,148,324
14,27,132,34,207
78,66,87,67,298
17,122,51,82,272
22,20,83,36,161
61,96,70,73,300
122,1,126,84,333
83,1,64,18,166
111,57,33,85,286
12,37,24,6,79
67,79,117,67,330
141,126,89,140,496
129,69,19,56,273
144,118,123,57,442
83,112,66,126,387
126,37,65,5,233
119,34,133,146,432
124,31,72,141,368
95,128,91,50,364
42,76,31,69,218
86,87,63,9,245
62,109,80,74,325
128,103,95,121,447
129,121,72,99,421
135,11,98,67,311
69,140,147,29,385
146,30,86,90,352
80,134,54,141,409
115,69,19,67,270
38,116,91,70,315
100,87,53,29,269
109,137,54,144,444
110,124,89,63,386
21,89,11,101,222
13,63,122,133,331
11,90,65,41,207
120,100,139,115,474
25,72,34,98,229
68,63,4,108,243
71,10,63,110,254
9,96,27,96,228
88,131,147,73,439
123,120,59,130,432
12,42,82,112,248
5,5,9,71,90
38,33,110,13,194
127,73,76,150,426
28,7,86,23,144
110,88,148,130,476
143,134,42,70,389
141,112,60,102,415
50,50,19,124,243
97,54,17,52,220
33,43,122,136,334
102,41,20,147,310
47,52,54,109,262
49,80,20,5,154
122,99,92,89,402
144,75,73,85,377
107,140,4,2,253
67,93,58,27,245
17,88,3,127,235
30,34,4,109,177
3,46,31,64,144
1,111,20,128,260
90,17,25,33,165
8,33,111,76,228
121,39,52,33,245
56,142,116,8,322
73,68,3,68,212
57,78,137,90,362
86,52,111,101,350
3,15,34,32,84
115,123,125,144,507
62,61,26,83,232
36,93,79,69,277
63,33,79,14,189
51,106,124,91,372
126,52,2,111,291
8,55,88,139,290
110,62,138,12,322
79,101,54,69,303
91,71,39,108,309
16,132,84,144,376
6,125,138,120,389
148,61,103,2,314
82,84,88,24,278
62,35,62,125,284
102,95,34,63,294
31,84,23,24,162
3,98,88,81,270
97,28,127,14,266
41,138,13,34,226
64,144,44,113,365
88,38,33,68,227
47,33,54,17,151
86,147,119,29,381
32,96,6,7,141
88,118,87,26,319
99,93,40,29,261
65,47,65,109,286
57,114,27,64,262
23,81,57,81,242
83,118,99,129,429
103,20,100,109,332
22,19,94,49,184
94,71,91,87,343
39,58,36,20,153
83,94,35,45,257
48,16,47,128,239
57,122,136,57,372
40,10,6,33,89
17,37,69,112,235
41,116,119,67,343
17,142,109,90,358
10,34,27,18,89
133,100,147,147,527
82,125,149,93,449
66,73,68,101,308
109,82,129,95,415
59,87,149,126,421
99,114,85,97,395
73,34,141,142,390
88,83,134,19,324
12,85,94,144,335
125,68,138,80,411
77,82,137,84,380
75,52,116,16,259
105,32,6,30,173
49,128,105,55,337
79,13,18,79,189
84,44,97,1,226
126,118,94,74,412
91,111,28,95,325
34,56,18,133,241
26,60,44,49,179
23,13,84,122,242
105,16,38,44,203
47,50,100,100,297
99,23,99,24,245
141,120,139,43,443
133,47,73,137,390
76,123,36,11,246
80,62,34,57,233
146,15,88,87,336
144,37,37,60,278
1,29,43,65,138
42,48,131,20,241
22,48,37,3,110
29,44,16,29,118
107,108,49,26,290
142,87,96,65,390
76,64,119,15,274
64,54,95,83,296
130,150,10,30,320
25,29,97,63,214
138,99,132,83,452
24,85,8,79,196
62,150,41,25,278
99,19,125,92,335
133,99,111,133,476
76,146,3,56,281
145,21,69,137,372
121,98,15,86,320
2,99,41,25,167
112,144,94,75,425
139,44,100,76,359
32,134,36,62,264
89,10,113,61,273
136,14,124,11,285
30,89,30,29,178
86,64,29,40,219
130,138,105,109,482
13,95,82,117,307
89,105,45,95,334
88,112,103,117,420
11,75,20,73,179
13,117,80,99,309
54,131,134,42,361
59,32,74,17,182
1,131,131,131,394
59,29,89,146,323
64,144,124,39,371
3,113,12,117,245
106,36,12,131,285
104,41,82,59,286
11,94,37,24,166
63,102,25,3,193
127,120,84,53,384
29,35,100,95,259
143,77,86,94,400
96,14,142,32,284
8,148,40,41,237
10,33,150,80,273
9,108,38,141,296
121,66,50,86,323
109,62,14,81,266
16,42,19,150,227
124,26,77,73,300
87,62,17,130,296
57,92,101,148,398
75,99,7,42,223
34,135,104,3,276
74,63,41,126,304
95,17,68,42,222
110,66,104,103,383
94,5,91,92,282
135,100,138,52,425
75,106,70,31,282
128,92,94,47,361
28,38,72,119,257
129,42,150,6,327
9,122,69,9,209
47,47,129,60,283
1,142,59,28,230
129,51,106,55,341
54,147,45,47,293
103,140,110,140,493
73,108,98,26,305
68,69,76,128,341
67,96,60,53,276
143,108,95,28,374
17,110,9,70,206
133,30,62,56,281
121,88,100,70,379
47,105,130,61,343
142,41,96,78,357
10,40,148,27,225
124,49,30,34,237
149,112,128,8,397
30,71,57,48,206
134,99,136,31,400
59,43,44,129,275
31,68,89,116,304
45,76,43,26,190
59,41,138,140,378
149,71,136,64,420
81,61,139,88,369
78,2,130,16,226
94,141,93,61,389
26,61,113,135,335
112,62,32,60,266
54,101,91,56,302
63,101,42,26,232
28,73,116,75,292
20,149,109,35,313
84,106,81,32,303
44,70,105,2,221
24,71,18,140,253
13,48,147,52,260
96,51,3,38,188
105,82,131,113,431
134,116,119,109,478
101,118,131,33,383
56,137,28,81,302
114,58,135,39,346
102,39,90,33,264
22,132,115,83,352
106,100,148,83,437
139,103,18,2,262
100,56,90,13,259
57,135,1,64,257
124,39,134,113,410
127,115,68,89,399
124,112,34,122,392
94,12,137,141,384
76,14,146,22,258
73,78,144,136,431
86,97,33,59,275
52,96,73,12,233
76,89,106,108,379
143,19,113,104,379
69,10,83,122,284
22,16,98,89,225
46,54,73,124,297
20,37,74,49,180
68,113,12,8,201
106,11,116,20,253
8,147,113,21,289
120,57,78,128,383
90,127,114,50,381
120,4,120,112,356
84,94,58,132,368
124,141,125,1,391
128,66,27,20,241
11,148,122,66,347
72,89,136,130,427
46,88,12,66,212
68,115,106,25,314
106,115,42,48,311
75,58,32,104,269
122,150,90,137,499
15,142,54,91,302
57,73,52,4,186
49,22,44,88,203
54,119,150,71,394
68,71,40,103,282
53,150,35,138,376
70,10,124,59,263
99,48,141,137,425
147,53,8,84,292
7,13,148,115,283
41,73,32,81,227
143,112,82,106,443
101,86,99,65,351
96,139,82,126,443
101,9,106,123,339
81,143,103,139,466
113,105,56,107,381
14,37,33,89,173
6,66,2,60,134
16,60,82,69,227
120,98,141,135,494
55,144,150,127,476
38,124,98,71,331
76,41,146,75,338
6,50,82,103,241
73,116,110,113,412
132,47,6,137,322
135,95,123,23,376
93,127,115,105,440
144,129,131,61,465
102,58,23,16,199
140,63,45,101,349
38,135,2,129,304
38,65,119,37,259
33,79,95,93,300
113,63,9,42,227
48,8,129,57,242
60,95,27,84,266
92,114,18,114,338
56,1,61,17,135
146,93,90,143,472
104,33,68,78,283
75,148,116,46,385
4,80,117,3,204
113,66,4,129,312
107,116,136,97,456
97,118,4,138,357
144,74,68,21,307
39,3,72,53,167
120,31,64,125,340
149,110,108,57,424
94,72,74,69,309
39,30,125,101,295
57,24,148,97,326
97,49,119,100,365
18,81,2,41,142
12,38,105,122,277
1,68,20,137,226
11,51,67,128,257
94,110,31,96,331
135,87,94,105,421
115,34,22,135,306
44,103,4,102,253
123,33,64,116,336
24,19,32,8,83
134,9,17,97,257
48,50,28,66,192
8,149,45,71,273
101,125,50,48,324
130,42,149,99,420
115,84,69,132,400
128,129,112,100,469
14,119,89,92,314
138,19,76,126,359
17,118,128,138,401
65,125,101,25,316
58,76,8,19,161
68,81,147,1,297
119,121,77,150,467
118,41,102,67,328
124,59,125,38,346
65,122,80,112,379
82,16,115,46,259
42,123,50,137,352
123,69,86,2,280
5,75,55,45,180
94,130,73,24,321
123,26,104,49,302
13,6,7,137,163
115,96,133,32,376
105,12,74,116,307
110,115,73,54,352
28,58,81,10,177
114,84,75,135,408
65,149,38,142,394
23,70,38,54,185
49,81,72,107,309
63,75,75,147,360
13,22,25,41,101
134,12,11,27,184
92,133,74,38,337
15,26,91,81,213
85,84,92,56,317
1,33,87,99,220
105,41,53,7,206
107,4,46,55,212
146,43,130,92,411
31,138,16,76,261
7,109,73,50,239
119,136,21,36,312
85,53,113,116,367
90,20,47,123,280
87,127,2,133,349
67,137,21,128,353
22,116,23,84,245
40,144,95,4,283
85,8,86,60,239
115,4,47,142,308
45,109,93,12,259
10,52,135,137,334
33,56,34,73,196
148,5,82,53,288
51,24,141,26,242
110,127,32,53,322
102,114,66,71,353
5,55,116,102,278
54,32,106,47,239
141,89,43,137,410
150,129,138,59,476
65,76,148,144,433
70,32,65,115,282
14,127,18,12,171
16,70,113,50,249
93,17,103,143,356
147,142,99,111,499
8,78,137,71,294
84,9,128,49,270
69,83,114,123,389
38,37,67,84,226
138,36,118,96,388
43,26,35,81,185
74,127,119,97,417
67,11,50,53,181
104,64,3,105,276
104,142,22,77,345
34,90,86,1,211
46,1,99,46,192
30,69,78,41,218
31,103,148,49,331
38,86,62,28,214
118,149,80,53,400
142,89,100,137,468
130,106,83,10,329
93,50,109,140,392
122,47,7,86,262
119,39,149,59,366
47,67,134,87,335
111,83,58,24,276
136,12,37,107,292
111,83,9,111,314
87,62,150,81,380
29,115,109,20,273
103,20,145,103,371
10,82,136,81,309
132,89,48,68,337
133,134,88,26,381
89,138,96,9,332
102,35,138,38,313
102,145,148,72,467
70,30,117,60,277
121,29,140,91,381
121,37,71,139,368
57,50,124,16,247
121,84,69,132,406
102,96,140,111,449
13,50,150,70,283
53,116,51,38,258
146,10,99,70,325
73,32,50,101,256
149,108,55,16,328
143,8,123,110,384
22,22,52,11,107
72,105,127,72,376
104,55,3,101,263
121,89,20,20,250
60,100,18,129,307
60,148,92,65,365
52,69,40,24,185
106,88,99,88,381
69,51,111,24,255
69,129,148,127,473
58,84,48,12,202
7,12,52,131,202
6,60,47,148,261
95,59,149,107,410
117,141,130,124,512
97,139,98,82,416
28,49,92,46,215
92,18,108,22,240
17,58,142,76,293
40,25,75,32,172
91,86,70,109,356
1,22,130,95,248
6,34,68,55,163
1,149,29,56,235
17,24,135,53,229
92,27,97,74,290
120,138,2,52,312
57,78,142,99,376
3,123,67,12,205
125,48,145,67,385
65,51,26,132,274
123,52,106,10,291
52,94,123,92,361
113,65,102,3,283
2,120,119,113,354
118,7,75,131,331
117,13,50,22,202
78,14,29,144,265
41,51,18,60,170
107,71,55,84,317
7,110,79,144,340
51,126,17,64,258
113,81,110,134,438
8,54,1,16,79
29,117,90,112,348
55,95,80,25,255
77,83,66,143,369
35,82,49,135,301
103,79,32,132,346
103,10,115,101,329
81,140,64,118,403
107,24,32,132,295
43,123,125,94,385
51,124,123,33,331
56,103,49,139,347
32,54,88,104,278
97,93,55,107,352
95,123,30,14,262
110,106,142,121,479
142,80,48,21,291
143,80,117,98,438
46,120,137,57,360
22,127,75,28,252
22,100,13,150,285
63,30,95,89,277
103,3,51,22,179
89,9,90,15,203
94,15,123,99,331
81,90,6,58,235
17,71,118,23,229
38,141,97,45,321
131,38,54,49,272
128,119,29,75,351
58,32,112,94,296
91,89,36,73,289
95,132,13,75,315
126,36,83,118,363
120,16,93,46,275
6,8,74,24,112
49,142,110,52,353
77,1,101,43,222
59,148,30,24,261
133,53,122,84,392
123,136,114,25,398
10,118,63,87,278
144,115,42,4,305
125,56,46,28,255
17,44,120,34,215
10,26,68,47,151
50,94,79,69,292
38,129,92,104,363
134,69,59,133,395
148,61,106,60,375
92,123,29,148,392
140,150,116,144,550
5,46,124,62,237
97,81,75,64,317
42,82,127,36,287
72,58,32,33,195
65,11,104,130,310
76,117,138,47,378
25,138,61,100,324
34,83,33,5,155
144,11,132,122,409
129,131,14,19,293
128,118,90,4,340
16,129,147,126,418
86,94,37,30,247
92,108,115,88,403
117,95,29,50,291
150,144,135,52,481
146,47,34,76,303
131,128,93,44,396
143,52,95,150,440
86,146,100,3,335
73,62,111,46,292
50,86,1,54,191
108,75,119,97,399
75,59,59,146,339
44,24,124,7,199
73,137,142,90,442
128,79,114,60,381
53,97,67,37,254
68,90,13,10,181
29,105,54,61,249
121,142,106,58,427
56,148,38,62,304
55,115,21,33,224
42,96,24,85,247
71,149,142,108,470
115,41,136,14,306
56,67,20,96,239
98,47,38,128,311
37,28,70,30,165
64,131,109,21,325
38,54,150,21,263
99,28,2,42,171
82,50,74,9,215
112,137,29,146,424
55,86,48,88,277
61,54,102,115,332
86,144,74,97,401
127,68,105,52,352
92,98,57,80,327
73,58,140,147,418
68,56,43,68,235
59,32,60,39,190
2,94,55,25,176
117,39,101,81,338
118,84,90,106,398
16,102,100,71,289
22,81,27,127,257
146,61,106,110,423
91,2,17,107,217
149,3,104,65,321
66,49,57,122,294
7,58,53,64,182
79,98,147,40,364
109,24,15,34,182
42,32,150,134,358
7,53,42,55,157
125,47,113,124,409
143,26,27,67,263
64,42,40,30,176
26,20,64,100,210
130,41,88,126,385
77,131,36,139,383
143,77,18,18,256
3,15,88,40,146
89,97,148,7,341
131,38,89,78,336
150,96,112,77,435
80,99,102,95,376
94,81,99,27,301
5,51,39,74,169
82,74,55,63,274
94,15,108,47,264
92,50,114,52,308
81,4,80,142,307
120,57,75,144,396
143,146,97,100,486
83,119,50,87,339
114,18,121,118,371
66,78,135,146,425
75,102,45,41,263
36,150,25,76,287
1,86,118,47,252
40,120,63,78,301
1,13,131,70,215
92,46,73,145,356
67,112,114,29,322
135,63,124,39,361
99,50,98,38,285
83,41,113,148,385
49,63,121,122,355
79,109,10,1,199
12,22,147,15,196
78,66,61,82,287
101,143,29,80,353
9,116,20,113,258
143,138,144,41,466
79,47,26,32,184
140,135,1,114,390
48,15,143,10,216
29,55,80,1,165
38,95,20,66,219
108,24,141,35,308
120,98,83,53,354
119,126,39,132,416
104,10,80,8,202
56,28,7,140,231
81,6,71,116,274
89,16,148,109,362
137,143,28,7,315
98,31,92,125,346
139,47,36,41,263
34,124,136,86,380
91,20,55,86,252
133,114,69,106,422
147,112,50,12,321
25,86,6,18,135
82,96,148,30,356
102,137,120,105,464
132,125,96,12,365
113,15,77,144,349
71,89,134,100,394
143,41,76,76,336
53,111,59,101,324
50,116,101,122,389
53,109,146,149,457
50,36,45,20,151
15,114,62,54,245
23,27,119,120,289
79,133,76,139,427
102,143,146,36,427
106,6,55,127,294
99,109,114,109,431
3,77,135,108,323
26,118,52,147,343
75,125,79,61,340
99,18,101,70,288
93,135,87,96,411
63,131,125,26,345
108,4,146,132,390
133,81,143,17,374
92,76,73,44,285
134,112,99,91,436
135,112,9,115,371
42,31,32,79,184
74,80,83,50,287
54,100,35,111,300
29,149,150,65,393
89,30,106,87,312
126,61,115,25,327
95,74,137,126,432
90,2,79,8,179
57,58,54,26,195
148,102,28,22,300
18,141,113,95,367
148,11,139,69,367
77,104,95,59,335
80,54,112,140,386
38,129,136,39,342
72,38,150,126,386
90,147,116,145,498
81,134,28,43,286
34,67,136,143,380
65,62,22,53,202
60,56,141,65,322
33,126,75,2,236
122,89,143,2,356
87,111,56,56,310
141,51,118,12,322
22,18,53,23,116
13,109,23,78,223
77,50,47,146,320
47,54,112,134,347
144,59,147,11,361
64,145,3,21,233
76,24,118,32,250
60,51,91,53,255
107,48,90,107,352
79,11,11,96,197
79,84,4,32,199
6,55,101,45,207
1,71,52,75,199
35,55,127,40,257
81,111,139,1,332
106,89,139,112,446
24,28,25,52,129
139,108,27,148,422
57,142,106,96,401
110,138,132,47,427
8,130,44,65,247
114,100,31,14,259
102,3,54,114,273
20,92,130,149,391
66,148,133,1,348
106,1,119,85,311
10,62,29,149,250
80,133,25,141,379
91,139,21,26,277
55,50,65,135,305
135,80,4,52,271
5,33,25,150,213
86,136,69,4,295
97,9,129,93,328
115,7,122,44,288
103,32,137,115,387
140,24,150,79,393
124,127,98,139,488
63,6,70,14,153
22,34,88,1,145
128,108,75,106,417
114,21,3,38,176
81,107,71,138,397
3,30,56,25,114
56,81,150,91,378
45,89,98,103,335
150,24,99,90,363
101,10,48,96,255
93,146,59,19,317
115,130,131,93,469
113,6,25,70,214
83,64,124,137,408
74,19,108,146,347
66,108,8,63,245
71,22,69,43,205
12,148,103,78,341
85,42,40,20,187
71,16,122,124,333
150,70,16,149,385
29,81,106,98,314
58,47,141,105,351
50,139,95,24,308
127,46,28,41,242
149,17,57,137,360
120,27,142,113,402
71,33,133,42,279
14,47,6,145,212
57,59,2,83,201
54,36,12,1,103
116,126,125,128,495
147,3,3,105,258
10,133,14,111,268
61,70,137,142,410
39,6,17,18,80
11,135,136,98,380
84,72,49,134,339
80,41,7,54,182
69,93,17,137,316
49,84,114,118,365
28,132,63,81,304
147,117,114,46,424
12,9,33,70,124
130,14,73,103,320
66,5,65,105,241
63,40,16,91,210
58,19,83,40,200
102,25,113,2,242
88,35,117,140,380
85,46,117,62,310
139,52,34,19,244
131,142,143,117,533
2,77,52,41,172
96,75,148,111,430
31,119,29,45,224
24,13,109,40,186
121,56,51,140,368
67,81,114,20,282
9,20,65,147,241
84,28,120,4,236
68,90,59,12,229
150,93,72,69,384
8,3,79,16,106
90,10,46,85,231
109,44,45,124,322
103,26,37,134,300
60,95,61,98,314
93,79,22,14,208
33,22,42,7,104
11,54,43,135,243
21,75,50,145,291
4,131,75,26,236
26,136,121,44,327
99,136,108,9,352
96,120,139,16,371
123,148,107,76,454
103,90,2,4,199
37,77,147,119,380
49,46,41,114,250
38,86,118,138,380
110,15,124,56,305
144,9,46,58,257
52,130,135,36,353
133,80,85,27,325
71,122,150,96,439
123,20,23,97,263
33,92,93,134,352
117,25,26,150,318
62,43,75,82,262
79,72,112,88,351
75,56,24,27,182
106,21,80,19,226
64,119,13,40,236
136,21,136,30,323
133,142,11,130,416
41,107,119,77,344
137,143,19,22,321
103,13,116,11,243
25,137,132,99,393
113,63,4,48,228
81,147,10,96,334
8,113,130,102,353
133,56,19,19,227
101,92,94,147,434
117,13,4,22,156
142,50,14,85,291
93,67,69,65,294
8,5,53,76,142
149,25,143,21,338
74,92,86,123,375
78,24,125,24,251
85,125,143,70,423
148,138,14,96,396
10,117,137,26,290
87,67,24,80,258
132,76,10,85,303
112,24,12,73,221
110,138,37,16,301
45,4,52,110,211
30,99,146,149,424
123,40,77,43,283
22,15,92,32,161
3,117,149,47,316
24,55,63,10,152
84,28,136,64,312
1,59,70,15,145
53,30,84,78,245
137,37,62,49,285
85,22,32,4,143
116,135,90,64,405
58,77,39,53,227
147,110,12,126,395
147,33,45,9,234
97,19,124,81,321
101,24,15,20,160
7,56,135,138,336
88,68,17,60,233
11,31,61,107,210
34,126,20,47,227
27,149,44,125,345
101,128,147,131,507
10,145,116,78,349
104,103,88,62,357
80,25,130,1,236
26,50,96,87,259
51,30,36,16,133
98,101,22,104,325
22,14,119,89,244
89,14,56,13,172
10,83,61,111,265
60,29,93,91,273
80,21,133,13,247
89,121,57,150,417
3,70,49,29,151
81,84,87,114,366
114,45,75,16,250
8,97,104,10,219
29,82,42,26,179
49,4,121,31,205
132,32,125,52,341
120,123,65,73,381
105,120,133,149,507
19,83,15,94,211
62,121,84,98,365
39,143,142,9,333
129,110,107,149,495
119,14,53,150,336
32,93,68,22,215
87,15,54,66,222
36,102,135,36,309
119,62,52,95,328
146,147,6,89,388
118,17,69,28,232
49,47,105,137,338
102,92,122,23,339
57,116,148,119,440
132,17,75,118,342
19,114,64,82,279
139,135,43,104,421
42,144,115,150,451
52,94,49,133,328
45,29,67,128,269
60,111,18,112,301
32,144,134,50,360
88,86,139,86,399
102,72,146,52,372
57,108,46,100,311
38,111,115,31,295
90,25,110,4,229
137,82,103,110,432
43,4,70,67,184
88,7,92,93,280
66,84,127,130,407
26,117,13,4,160
17,93,126,19,255
116,72,145,147,480
3,141,119,75,338
17,88,26,96,227
96,51,39,19,205
148,71,126,147,492
67,58,35,94,254
21,30,106,22,179
96,11,54,90,251
75,114,104,46,339
26,36,70,17,149
123,59,131,76,389
58,55,26,104,243
60,99,9,38,206
87,125,24,117,353
94,18,46,54,212
105,3,100,17,225
59,104,100,22,285
19,13,144,149,325
115,18,120,143,396
63,41,56,71,231
83,77,32,12,204
39,54,57,141,291
122,1,35,85,243
102,95,52,44,293
19,127,107,78,331
93,112,45,56,306
20,43,21,129,213
82,138,86,14,320
58,124,35,126,343
54,7,145,35,241
52,127,63,18,260
69,111,150,87,417
1,21,46,7,75
92,66,64,9,231
16,31,88,24,159
100,6,35,59,200
138,133,55,141,467
106,29,84,36,255
149,44,125,116,434
142,31,64,39,276
92,47,69,14,222
73,128,58,108,367
125,21,50,66,262
146,135,63,116,460
35,147,1,111,294
47,23,67,94,231
117,11,50,54,232
28,1,77,101,207
117,137,53,115,422
44,16,92,94,246
14,126,90,23,253
113,53,142,137,445
2,76,15,77,170
46,111,8,33,198
61,64,60,138,323
119,17,41,87,264
79,145,121,72,417
133,21,97,119,370
33,47,93,59,232
76,111,17,16,220
36,116,139,26,317
40,44,145,53,282
113,125,23,125,386
58,20,65,89,232
3,92,38,53,186
46,109,138,113,406
144,3,134,63,344
80,143,3,83,309
25,102,106,102,335
96,121,39,47,303
107,93,87,113,400
75,9,34,97,215
133,38,58,46,275
102,48,126,72,348
9,111,132,132,384
18,51,138,136,343
60,79,149,107,395
36,99,47,1,183
52,21,120,23,216
49,147,3,6,205
56,49,29,136,270
65,79,130,9,283
145,115,37,123,420
45,24,8,70,147
37,12,55,121,225
10,17,89,110,226
15,82,114,90,301
89,125,117,113,444
101,46,129,14,290
106,97,64,27,294
113,30,108,75,326
80,64,65,110,319
95,37,133,3,268
87,87,4,140,318
127,117,129,102,475
1,60,127,69,257
142,111,12,5,270
95,47,139,101,382
71,69,13,18,171
21,44,134,76,275
4,132,24,70,230
37,115,106,118,376
141,107,79,56,383
43,16,124,96,279
14,41,124,114,293
75,76,127,87,365
110,57,127,4,298
7,74,24,123,228
133,16,24,74,247
80,53,146,128,407
36,11,27,84,158
131,136,10,120,397
124,66,135,121,446
113,126,9,136,384
53,25,45,109,232
99,62,63,50,274
77,97,46,119,339
45,67,112,76,300
43,102,130,104,379
145,57,72,97,371
128,119,102,6,355
96,31,57,88,272
26,3,117,129,275
8,102,95,110,315
106,12,8,49,175
122,47,139,149,457
67,86,97,39,289
59,22,80,125,286
45,29,1,138,213
33,55,66,2,156
136,52,103,106,397
122,86,35,3,246
124,86,51,91,352
44,53,49,135,281
23,118,107,4,252
117,83,149,89,438
134,94,80,69,377
26,19,107,60,212
86,103,65,10,264
145,57,4,77,283
134,135,59,90,418
1,138,105,138,382
61,87,68,108,324
79,107,96,8,290
55,134,36,53,278
143,107,43,35,328
8,7,147,37,199
85,147,26,124,382
104,57,140,49,350
110,128,132,112,482
78,110,58,108,354
149,28,38,85,300
70,47,75,99,291
96,81,48,59,284
15,102,55,69,241
91,67,87,136,381
107,2,22,102,233
19,114,10,72,215
37,92,82,56,267
58,73,45,61,237
48,81,93,102,324
111,10,13,26,160
140,149,42,121,452
17,93,104,79,293
42,43,13,14,112
42,6,103,39,190
126,3,115,106,350
137,13,97,5,252
11,94,63,96,264
10,111,35,120,276
103,31,117,37,288
121,132,100,141,494
7,17,59,127,210
52,39,81,18,190
141,129,81,144,495
1,90,80,43,214
18,38,1,137,194
141,14,51,41,247
140,42,50,58,290
129,60,121,39,349
129,118,4,58,309
44,125,112,87,368
134,94,127,21,376
28,129,90,15,262
25,59,91,42,217
106,8,27,91,232
116,124,107,88,435
108,32,104,96,340
71,106,52,42,271
126,9,21,66,222
9,105,3,77,194
24,100,64,54,242
118,119,7,61,305
15,81,22,85,203
60,113,37,53,263
141,78,57,122,398
145,136,23,104,408
91,5,38,11,145
11,134,38,132,315
48,143,114,115,420
14,26,143,12,195
139,19,38,138,334
55,62,113,115,345
53,99,2,17,171
123,38,61,67,289
109,80,117,114,420
119,94,28,11,252
112,150,14,99,375
7,111,74,33,225
25,98,15,38,176
21,101,12,107,241
124,83,88,128,423
147,83,65,139,434
145,20,109,66,340
28,88,105,23,244
145,42,49,39,275
5,69,72,24,170
55,27,19,120,221
107,55,88,136,386
44,127,115,13,299
139,15,51,4,209
24,130,77,37,268
62,125,33,120,340
76,39,105,50,270
105,125,32,39,301
59,140,53,38,290
39,91,54,115,299
10,54,133,111,308
134,46,85,24,289
42,76,135,74,327
36,131,76,28,271
60,101,97,5,263
76,38,62,56,232
62,64,68,138,332
94,131,26,25,276
17,118,40,76,251
85,117,30,42,274
120,16,80,57,273
33,35,2,15,85
3,28,126,44,201
52,37,108,69,266
80,47,55,135,317
42,22,63,137,264
126,102,35,23,286
28,100,97,119,344
30,118,17,32,197
121,1,42,104,268
95,67,57,79,298
38,27,103,97,265
99,115,33,113,360
112,106,66,126,410
146,44,89,32,311
5,99,1,131,236
12,106,133,145,396
137,80,32,117,366
121,80,72,30,303
19,18,2,133,172
145,79,14,123,361
76,49,137,20,282
88,92,59,86,325
112,111,90,33,346
46,65,88,74,273
25,107,138,49,319
67,54,64,41,226
103,76,52,90,321
96,112,130,19,357
62,57,123,131,373
41,106,13,139,299
7,62,84,130,283
34,35,100,31,200
146,84,9,89,328
83,3,117,15,218
100,129,1,113,343
50,52,68,134,304
11,120,27,128,286
88,23,24,57,192
16,31,66,132,245
122,75,124,12,333
41,85,132,4,262
48,86,22,95,251
52,60,140,1,253
16,23,126,83,248
56,135,22,115,328
6,141,80,127,354
106,7,24,111,248
48,87,104,66,305
86,75,132,58,351
2,12,21,55,90
125,67,121,72,385
103,102,131,77,413
25,120,99,29,273
113,35,118,141,407
76,13,3,21,113
92,7,10,102,211
79,32,81,99,291
67,43,84,104,298
93,47,84,8,232
37,29,129,46,241
11,49,3,51,114
23,11,57,90,181
92,6,80,37,215
21,141,145,75,382
104,97,147,60,408
71,8,107,105,291
148,96,119,96,459
141,47,54,96,338
73,74,49,74,270
2,27,86,133,248
69,124,74,101,368
29,7,144,36,216
150,32,109,47,338
59,116,61,61,297
136,147,105,55,443
145,22,72,96,335
74,131,122,50,377
102,117,53,117,389
120,133,59,76,388
42,4,76,119,241
81,97,78,53,309
103,48,128,50,329
8,96,8,125,237
41,74,76,106,297
69,16,14,74,173
144,95,31,69,339
102,54,138,138,432
45,82,19,114,260
35,49,72,122,278
35,94,101,40,270
110,60,130,114,414
100,139,11,81,331
121,115,132,75,443
12,49,120,42,223
137,14,18,35,204
85,35,92,90,302
110,22,121,78,331
62,98,143,83,386
144,105,51,86,386
24,130,147,101,402
44,76,125,77,322
138,108,104,94,444
32,120,134,44,330
73,78,129,86,366
83,32,63,106,284
127,1,66,150,344
44,20,41,143,248
130,67,65,62,324
102,124,99,93,418
23,58,26,147,254
128,41,32,52,253
116,127,133,15,391
56,60,131,126,373
40,52,115,46,253
11,13,78,138,240
150,142,87,1,380
75,88,132,147,442
60,82,64,11,217
98,101,127,72,398
97,71,44,138,350
103,97,77,39,316
37,72,53,122,284
86,84,120,69,359
71,76,125,81,353
31,71,4,35,141
5,118,92,128,343
17,10,74,75,176
143,69,148,85,445
10,129,102,49,290
56,48,86,7,197
114,31,89,20,254
126,97,14,28,265
124,25,34,81,264
6,116,110,51,283
114,149,24,149,436
71,144,100,84,399
113,138,128,144,523
90,22,21,103,236
98,69,56,128,351
54,86,27,51,218
3,82,132,50,267
52,85,115,149,401
76,59,113,38,286
47,51,74,150,322
101,7,43,132,283
12,48,121,90,271
50,139,86,13,288
91,29,60,85,265
44,49,49,98,240
30,120,110,94,354
99,22,150,147,418
124,142,125,113,504
19,78,1,37,135
4,51,35,90,180
115,150,87,132,484
58,85,71,11,225
82,23,78,54,237
76,80,12,65,233
71,15,145,124,355
149,18,45,31,243
119,126,95,112,452
20,24,21,84,149
54,113,136,98,401
115,53,53,83,304
102,17,136,148,403
65,96,32,34,227
108,125,106,149,488
38,51,105,63,257
22,44,13,47,126
83,19,49,37,188
38,15,88,117,258
126,44,74,111,355
136,93,62,39,330
71,114,79,60,324
111,130,52,7,300
65,74,112,140,391
127,109,137,105,478
71,89,43,139,342
148,71,9,67,295
12,10,98,139,259
48,149,91,78,366
140,57,16,9,222
79,24,126,118,347
135,150,14,89,388
36,91,53,120,300
107,48,95,60,310
45,65,17,1,128
62,11,55,5,133
139,8,23,17,187
111,95,92,47,345
87,29,113,15,244
108,69,90,69,336
38,22,96,120,276
118,59,56,82,315
56,101,19,15,191
49,115,98,27,289
98,62,46,72,278
36,82,146,66,330
24,69,135,71,299
53,83,86,32,254
30,146,78,60,314
133,37,50,6,226
102,124,104,91,421
21,137,143,41,342
21,9,140,86,256
31,36,146,84,297
13,116,8,42,179
99,56,132,100,387
2,125,9,55,191
80,77,77,95,329
137,67,32,72,308
132,40,40,143,355
63,22,53,5,143
38,104,68,49,259
9,24,107,93,233
4,21,137,72,234
140,15,138,8,301
98,112,97,23,330
107,76,88,64,335
103,53,148,20,324
141,85,36,77,339
49,1,113,39,202
138,4,1,140,283
69,45,116,10,240
82,38,18,21,159
105,66,107,145,423
49,22,143,29,243
79,38,21,76,214
83,30,47,1,161
85,136,135,108,464
99,67,84,37,287
54,144,8,97,303
65,19,132,90,306
126,117,1,1,245
70,80,112,14,276
141,96,109,141,487
26,77,100,121,324
20,78,35,66,199
140,141,99,87,467
68,141,94,106,409
34,40,47,50,171
47,3,32,102,184
86,93,68,83,330
50,131,122,12,315
93,96,105,95,389
40,17,37,89,183
150,97,63,122,432
78,119,113,13,323
125,14,114,110,363
70,51,137,71,329
93,82,96,41,312
146,145,26,20,337
15,89,76,116,296
97,87,73,121,378
66,137,120,69,392
136,108,94,44,382
90,97,43,21,251
26,74,85,97,282
117,14,22,87,240
105,6,69,77,257
15,112,31,126,284
68,98,47,63,276
100,78,57,38,273
146,99,68,33,346
107,80,71,14,272
134,82,43,93,352
1,102,39,19,161
28,124,80,27,259
136,115,67,7,325
136,85,132,61,414
130,3,80,149,362
9,9,3,82,103
40,5,63,76,184
42,31,9,2,84
101,114,92,121,428
60,99,25,150,334
73,11,6,124,214
126,16,53,19,214
40,51,2,93,186
117,32,27,12,188
86,32,29,77,224
149,31,5,90,275
42,90,27,67,226
128,20,5,117,270
132,132,71,37,372
73,124,27,25,249
18,20,62,43,143
137,111,43,6,297
64,146,57,149,416
42,111,147,74,374
77,65,3,106,251
108,37,138,102,385
147,11,71,25,254
98,112,122,140,472
129,120,31,106,386
136,105,123,95,459
121,65,56,45,287
57,78,60,67,262
125,79,147,74,425
74,8,54,115,251
94,102,17,120,333
17,77,119,56,269
64,40,108,10,222
143,68,61,46,318
112,141,113,1,367
109,110,35,147,401
67,17,105,143,332
143,117,62,26,348
47,42,24,100,213
126,4,81,115,326
138,120,139,119,516
114,17,102,46,279
130,99,26,3,258
39,24,92,94,249
78,68,37,10,193
51,8,121,8,188
26,142,145,56,369
24,40,53,96,213
90,13,100,52,255
25,4,78,139,246
112,94,42,52,300
150,68,92,30,340
88,64,97,129,378
71,68,115,61,315
126,122,25,48,321
135,60,77,141,413
138,59,150,37,384
39,142,124,48,353
90,52,33,81,256
49,89,84,92,314
47,54,113,74,288
107,62,79,86,334
10,68,100,81,259
7,110,78,100,295
141,27,68,55,291
25,61,22,136,244
114,84,108,66,372
71,80,132,134,417
35,141,12,7,195
35,126,76,122,359
33,100,5,20,158
134,40,30,41,245
137,144,64,11,356
72,47,144,55,318
142,22,133,100,397
142,149,62,35,388
42,67,25,13,147
147,60,21,112,340
20,28,55,79,182
115,22,39,132,308
5,54,24,147,230
71,88,116,121,396
29,11,128,95,263
73,124,114,14,325
41,103,32,91,267
131,126,20,145,422
114,81,34,131,360
32,48,124,79,283
126,20,141,91,378
67,113,49,138,367
56,19,1,103,179
33,64,122,117,336
106,103,43,75,327
53,142,12,94,301
50,98,112,5,265
51,83,2,55,191
115,114,95,90,414
121,139,87,42,389
54,67,107,123,351
12,25,146,86,269
52,58,22,144,276
65,82,14,74,235
74,25,112,77,288
109,138,78,32,357
116,104,6,53,279
20,142,136,27,325
14,44,148,120,326
20,37,143,112,312
23,95,12,10,140
79,4,22,111,216
9,22,45,88,164
117,24,18,134,293
17,75,136,79,307
142,27,58,55,282
9,92,60,65,226
26,35,59,121,241
138,145,75,114,472
12,34,51,9,106
35,112,43,46,236
105,93,135,131,464
114,89,138,116,457
127,124,52,2,305
134,107,12,109,362
21,78,19,94,212
148,28,115,33,324
31,1,126,127,285
41,30,17,3,91
44,69,139,16,268
98,13,4,29,144
73,19,150,95,337
147,61,20,117,345
143,86,15,84,328
134,103,123,100,460
127,144,12,123,406
149,19,128,53,349
81,110,103,12,306
67,91,5,92,255
33,118,143,95,389
104,114,30,8,256
16,28,59,143,246
37,84,66,23,210
73,2,121,102,298
64,35,37,90,226
37,91,88,94,310
106,54,65,84,309
118,110,20,71,319
35,91,8,81,215
13,10,84,78,185
60,139,95,104,398
41,89,60,126,316
79,140,136,21,376
139,16,115,130,400
50,108,24,91,273
38,108,54,27,227
112,122,111,72,417
106,12,68,95,281
23,18,145,67,253
144,103,69,146,462
121,137,12,87,357
36,29,28,44,137
72,50,6,24,152
126,52,90,48,316
31,75,118,12,236
71,65,30,81,247
99,99,68,20,286
70,6,108,128,312
82,119,90,45,336
7,134,40,54,235
95,31,138,17,281
91,59,38,84,272
60,59,93,126,338
102,139,132,26,399
32,39,49,92,212
114,33,25,84,256
4,124,20,116,264
83,66,85,30,264
1,36,131,46,214
93,119,38,60,310
2,74,78,133,287
133,80,59,1,273
73,66,1,71,211
87,26,50,145,308
118,127,47,74,366
82,7,114,138,341
47,126,113,123,409
119,92,72,69,352
87,23,56,89,255
26,104,72,7,209
101,32,119,40,292
83,4,51,71,209
77,134,80,132,423
149,48,135,2,334
69,146,116,37,368
14,41,48,26,129
108,42,45,79,274
8,51,115,92,266
130,30,11,29,200
33,118,2,102,255
47,110,50,141,348
121,24,127,54,326
102,121,55,96,374
41,105,115,37,298
57,78,84,27,246
56,87,44,123,310
12,76,71,74,233
64,75,8,13,160
144,92,68,34,338
130,134,89,147,500
65,58,22,84,229
58,130,103,117,408
107,135,10,3,255
135,76,80,30,321
18,95,144,134,391
20,6,107,98,231
93,56,109,113,371
7,34,38,100,179
40,36,125,66,267
139,82,51,8,280
129,114,7,116,366
88,121,121,8,338
67,88,116,99,370
19,15,49,27,110
126,117,48,117,408
130,68,43,59,300
37,120,9,55,221
2,60,1,87,150
122,138,55,126,441
108,99,141,86,434
111,88,8,142,349
23,148,5,46,222
88,113,34,61,296
147,75,85,63,370
41,122,13,31,207
103,84,57,60,304
33,51,128,138,350
61,40,25,136,262
18,110,129,36,293
138,44,119,110,411
61,131,99,124,415
56,140,101,48,345
102,109,138,107,456
137,101,63,61,362
21,107,13,38,179
128,46,56,96,326
20,40,29,22,111
102,51,91,84,328
69,141,16,112,338
91,39,100,64,294
108,29,146,50,333
127,40,129,55,351
122,140,67,92,421
104,17,86,72,279
63,101,29,8,201
14,71,104,20,209
90,122,50,3,265
32,18,140,28,218
72,22,138,17,249
86,118,50,104,358
140,142,85,53,420
56,125,27,46,254
36,130,149,11,326
57,34,80,55,226
131,23,133,116,403
132,101,79,105,417
15,5,60,149,229
27,59,109,19,214
133,72,134,33,372
4,142,2,124,272
35,81,43,143,302
82,145,1,84,312
10,66,142,116,334
25,132,10,88,255
142,40,52,107,341
41,124,36,68,269
88,129,129,98,444
44,88,121,107,360
64,114,115,28,321
145,9,36,61,251
28,98,135,76,337
98,141,100,112,451
105,110,74,28,317
11,77,108,131,327
16,58,121,100,295
86,66,118,13,283
141,150,76,39,406
123,102,130,26,381
93,25,133,73,324
134,100,125,39,398
109,87,47,39,282
75,31,112,138,356
55,34,87,24,200
68,11,53,21,153
68,148,48,30,294
52,26,43,58,179
42,124,112,61,339
54,89,136,22,301
29,64,116,128,337
136,44,113,41,334
44,145,20,45,254
16,145,84,74,319
62,122,5,107,296
73,55,92,20,240
16,138,134,93,381
122,66,90,95,373
74,98,78,60,310
48,56,111,1,216
112,148,70,34,364
88,149,66,95,398
114,87,84,60,345
32,146,130,114,422
7,84,51,93,235
149,31,141,25,346
35,127,75,49,286
82,109,19,96,306
89,123,90,38,340
25,134,44,138,341
108,79,58,144,389
77,69,40,81,267
121,84,134,1,340
75,23,48,42,188
142,35,86,82,345
143,65,123,59,390
126,11,115,58,310
51,25,146,34,256
118,143,52,105,418
105,69,122,150,446
105,96,3,142,346
79,145,124,38,386
19,41,20,119,199
6,78,95,106,285
110,15,15,131,271
77,15,74,41,207
108,94,6,33,241
68,36,40,17,161
135,127,51,42,355
73,86,125,80,364
136,114,44,119,413
143,108,126,88,465
65,38,21,138,262
12,22,93,52,179
52,45,37,125,259
106,50,40,104,300
30,117,109,27,283
90,50,22,58,220
56,72,50,23,201
87,26,58,149,320
78,48,126,117,369
82,134,109,96,421
14,80,28,48,170
17,46,77,124,264
30,96,70,123,319
73,88,27,73,261
112,22,52,52,238
112,87,85,20,304
78,133,127,89,427
81,78,80,61,300
50,143,29,49,271
95,39,33,5,172
33,129,129,20,311
64,31,100,149,344
10,126,38,53,227
109,47,147,59,362
142,132,7,58,339
21,75,108,66,270
119,109,146,17,391
86,146,27,37,296
131,116,93,86,426
20,49,52,103,224
21,68,28,6,123
147,70,48,148,413
71,95,40,106,312
136,130,118,84,468
109,33,107,57,306
114,124,119,91,448
72,60,125,118,375
109,70,19,67,265
139,41,50,55,285
149,64,22,114,349
75,70,101,32,278
48,57,78,81,264
46,149,21,128,344
62,7,131,30,230
48,42,72,107,269
48,150,39,34,271
148,38,97,80,363
129,90,55,64,338
13,104,123,67,307
57,54,69,9,189
107,30,40,141,318
50,68,127,138,383
89,51,96,112,348
57,129,73,101,360
117,16,72,18,223
149,73,31,37,290
48,126,21,38,233
11,24,60,79,174
79,39,61,122,301
97,110,17,70,294
118,9,87,72,286
92,57,42,61,252
78,30,30,141,279
34,64,43,133,274
107,126,149,136,518
54,122,10,14,200
36,26,131,105,298
136,127,130,36,429
76,17,49,66,208
147,44,76,85,352
92,63,30,41,226
5,23,61,96,185
71,54,20,88,233
17,121,8,125,271
88,125,38,88,339
79,113,75,110,377
84,73,103,88,348
112,9,25,149,295
115,39,47,28,229
125,86,147,93,451
115,110,103,85,413
116,39,118,80,353
48,24,109,20,201
51,125,74,108,358
40,82,134,116,372
39,141,62,19,261
35,110,107,75,327
55,27,38,29,149
78,134,19,10,241
13,45,143,72,273
107,122,4,140,373
77,138,129,62,406
16,117,149,116,398
48,67,31,28,174
136,65,1,130,332
84,12,75,128,299
1,26,89,30,146
135,95,41,60,331
101,44,110,92,347
97,99,129,117,442
128,103,104,102,437
79,57,146,58,340
13,121,55,87,276
104,100,62,43,309
77,19,61,49,206
103,59,36,41,239
1,15,55,14,85
2,76,132,53,263
29,48,44,125,246
2,77,111,76,266
75,88,125,127,415
135,89,66,121,411
43,99,30,50,222
29,47,131,107,314
4,108,48,127,287
26,45,112,42,225
54,79,37,43,213
135,135,122,13,405
48,66,55,58,227
134,69,134,81,418
49,139,44,72,304
21,37,73,24,155
114,85,85,27,311
42,7,38,78,165
101,52,85,64,302
71,50,49,73,243
45,120,10,5,180
63,23,80,59,225
109,64,91,104,368
27,119,52,19,217
20,66,28,135,249
148,145,5,11,309
87,141,143,88,459
131,149,90,65,435
98,101,138,6,343
57,146,9,97,309
34,112,25,36,207
132,46,14,111,303
143,35,114,141,433
32,16,98,118,264
134,127,25,47,333
7,135,139,133,414
18,76,25,113,232
9,143,9,120,281
140,132,33,86,391
18,75,149,87,329
61,8,30,88,187
69,47,34,138,288
102,96,110,102,410
16,26,85,145,272
6,79,72,108,265
9,24,145,36,214
95,150,12,57,314
90,50,56,78,274
67,88,107,99,361
62,18,60,59,199
88,150,102,63,403
123,34,142,113,412
51,16,29,30,126
125,112,99,9,345
15,144,108,11,278
105,99,61,149,414
84,101,138,115,438
80,28,122,133,363
27,136,148,126,437
16,24,137,78,255
67,67,140,25,299
80,20,87,49,236
116,87,1,49,253
68,56,9,63,196
85,126,118,140,469
148,149,40,53,390
74,58,58,58,248
131,129,56,130,446
21,30,79,16,146
107,97,26,136,366
91,98,80,12,281
88,104,104,14,310
91,88,110,89,378
8,121,25,88,242
12,76,121,9,218
96,6,3,64,169
89,144,118,53,404
25,28,6,113,172
89,107,21,149,366
116,127,30,104,377
130,13,88,115,346
103,47,98,57,305
114,71,147,52,384
41,149,25,135,350
101,1,58,103,263
20,137,145,78,380
99,13,22,70,204
41,5,91,89,226
81,73,76,129,359
135,65,137,125,462
86,117,70,105,378
124,144,26,136,430
47,83,5,93,228
70,54,34,81,239
98,119,95,134,446
62,139,28,94,323
30,118,144,144,436
93,118,54,122,387
33,98,77,147,355
127,89,101,3,320
9,13,32,97,151
3,92,56,64,215
4,51,101,139,295
7,139,61,112,319
110,104,132,100,446
61,150,102,95,408
87,68,135,131,421
52,113,55,118,338
69,68,75,86,298
81,21,142,116,360
118,65,130,10,323
84,84,55,134,357
72,17,145,73,307
38,61,139,96,334
84,27,66,90,267
135,123,104,11,373
32,133,146,69,380
117,13,52,9,191
114,88,18,150,370
28,149,36,35,248
136,84,51,46,317
99,138,91,26,354
18,17,109,24,168
78,39,90,86,293
104,83,20,143,350
108,79,39,75,301
47,139,19,48,253
32,120,140,121,413
60,36,23,49,168
122,30,125,1,278
79,41,7,98,225
52,139,94,32,317
23,40,49,38,150
34,109,30,67,240
72,36,119,99,326
55,15,128,52,250
95,95,113,115,418
142,140,108,42,432
109,99,11,91,310
81,38,116,55,290
44,22,23,143,232
19,47,28,120,214
127,98,43,18,286
20,92,97,143,352
99,4,69,113,285
140,114,42,36,332
25,120,19,121,285
135,120,37,76,368
117,8,14,81,220
67,111,149,130,457
46,42,131,63,282
119,91,119,119,448
121,69,32,41,263
62,120,78,140,400
44,43,149,69,305
10,34,105,65,214
86,73,105,80,344
77,68,64,14,223
2,121,23,36,182
121,107,89,66,383
136,59,110,139,444
19,41,32,102,194
29,123,63,79,294
50,112,53,118,333
91,11,130,2,234
39,128,1,88,256
126,55,126,111,418
21,21,98,64,204
139,41,89,48,317
33,135,1,4,173
141,31,40,12,224
12,135,13,116,276
34,31,15,123,203
11,14,143,99,267
70,46,133,150,399
124,129,38,126,417
25,41,45,42,153
145,12,52,102,311
149,45,42,116,352
73,122,67,72,334
36,128,144,8,316
78,44,104,93,319
35,101,28,124,288
150,33,130,76,389
131,40,61,122,354
78,142,26,105,351
7,147,134,113,401
140,136,77,87,440
130,67,103,57,357
30,136,89,136,391
108,83,55,24,270
27,111,8,19,165
66,45,149,38,298
141,41,148,73,403
40,145,75,50,310
149,37,4,149,339
39,10,127,43,219
135,36,113,121,405
69,137,30,16,252
30,17,5,18,70
3,48,135,86,272
122,135,122,134,513
145,111,53,41,350
137,143,29,55,364
110,96,149,2,357
114,58,79,17,268
45,61,76,74,256
112,115,28,126,381
140,50,133,38,361
99,14,128,91,332
35,76,63,17,191
150,46,145,80,421
19,1,24,25,69
12,102,127,47,288
138,11,52,61,262
14,108,2,128,252
33,137,36,68,274
141,47,9,68,265
119,23,9,77,228
105,23,25,70,223
125,31,41,79,276
14,95,116,6,231
113,119,59,116,407
140,127,65,108,440
150,95,27,66,338
82,90,32,116,320
63,103,54,31,251
33,120,47,54,254
104,105,36,111,356
77,138,22,1,238
99,137,11,107,354
126,54,137,106,423
68,21,51,72,212
3,47,59,100,209
68,76,66,125,335
63,133,33,143,372
20,66,91,137,314
51,66,117,52,286
67,72,144,103,386
146,57,19,95,317
93,50,46,102,291
119,13,128,9,269
44,117,74,137,372
66,125,72,3,266
29,91,54,14,188
121,92,12,23,248
113,60,1,149,323
77,63,11,127,278
12,63,77,54,206
131,114,24,61,330
143,81,14,18,256
91,6,81,49,227
100,84,9,5,198
74,92,9,117,292
23,72,141,72,308
38,54,148,100,340
16,18,101,141,276
123,32,85,70,310
67,120,118,121,426
3,69,147,78,297
35,132,60,17,244
17,110,133,36,296
41,120,26,32,219
114,58,8,15,195
58,138,71,108,375
82,8,20,45,155
98,16,14,94,222
77,119,112,11,319
97,41,120,51,309
82,112,2,91,287
77,7,69,130,283
55,96,148,90,389
146,49,148,64,407
142,65,148,39,394
40,92,51,85,268
22,34,65,146,267
100,115,24,40,279
125,31,22,51,229
29,20,42,87,178
148,83,142,119,492
30,113,9,2,154
142,41,111,30,324
141,123,136,145,545
142,10,109,66,327
81,92,51,96,320
122,9,52,96,279
86,125,68,105,384
137,48,67,64,316
84,95,137,125,441
24,74,106,74,278
19,58,145,145,367
134,34,72,138,378
97,69,115,47,328
86,111,91,4,292
106,71,122,133,432
129,14,7,2,152
84,118,140,60,402
10,119,140,54,323
27,125,122,10,284
109,104,75,109,397
36,145,119,61,361
10,113,87,54,264
55,47,147,50,299
36,100,148,71,355
131,28,30,149,338
50,39,101,91,281
32,25,43,146,246
87,2,100,92,281
52,42,18,106,218
125,91,33,95,344
146,25,78,111,360
16,93,101,65,275
22,72,102,119,315
104,87,19,37,247
48,101,121,138,408
11,146,38,85,280
34,51,7,105,197
15,138,104,7,264
136,42,113,84,375
84,144,7,129,364
3,35,67,147,252
91,111,41,83,326
91,141,10,2,244
63,141,85,97,386
86,126,37,146,395
72,67,83,86,308
36,61,1,113,211
65,102,51,86,304
29,126,31,23,209
116,67,78,59,320
116,101,133,138,488
42,108,141,14,305
72,39,142,19,272
117,97,12,145,371
26,66,73,82,247
83,95,58,138,374
147,130,22,113,412
147,77,43,14,281
69,119,66,57,311
149,133,96,18,396
52,145,123,90,410
32,26,139,131,328
81,75,119,70,345
30,130,110,143,413
104,43,133,38,318
47,81,31,13,172
123,9,30,8,170
113,130,3,103,349
57,102,138,133,430
25,148,85,22,280
10,42,142,127,321
110,59,99,8,276
133,141,129,43,446
77,13,34,114,238
9,95,141,66,311
135,19,74,55,283
31,2,103,68,204
132,60,106,26,324
119,108,28,15,270
5,28,146,68,247
43,2,35,38,118
130,28,92,52,302
123,132,102,27,384
4,8,30,139,181
45,88,56,115,304
100,35,85,49,269
57,28,102,130,317
88,121,58,23,290
141,87,149,126,503
147,107,144,29,427
139,2,78,136,355
33,98,75,98,304
1,73,34,120,228
58,10,39,106,213
144,150,46,56,396
60,67,119,129,375
145,41,123,119,428
10,74,121,6,211
8,150,147,120,425
79,17,114,47,257
68,69,148,89,374
108,36,88,65,297
52,50,114,77,293
4,145,130,132,411
84,67,95,111,357
107,109,91,33,340
125,23,47,103,298
89,92,18,107,306
93,68,122,3,286
64,14,58,46,182
101,17,57,63,238
11,90,20,123,244
89,1,77,98,265
5,29,114,105,253
99,90,100,135,424
92,109,49,11,261
76,129,77,11,293
40,51,2,12,105
90,43,92,139,364
61,142,110,60,373
112,54,5,24,195
139,141,84,137,501
127,14,100,59,300
85,123,17,43,268
136,46,48,94,324
79,25,26,2,132
106,82,24,138,350
104,52,70,139,365
16,44,14,42,116
137,140,141,93,511
128,76,67,58,329
77,62,33,112,284
12,16,20,53,101
71,134,80,139,424
135,111,20,36,302
110,132,27,40,309
8,140,17,149,314
87,86,79,45,297
138,39,54,119,350
67,139,72,36,314
25,47,69,125,266
25,88,56,125,294
143,85,147,98,473
134,104,91,36,365
131,76,13,105,325
51,121,60,123,355
13,64,126,30,233
114,127,5,2,248
122,88,7,69,286
143,116,113,91,463
87,135,95,33,350
73,37,143,140,393
103,130,19,19,271
29,7,149,94,279
132,32,38,140,342
142,130,74,71,417
146,87,127,9,369
18,102,17,85,222
95,81,13,42,231
107,116,60,85,368
39,4,147,33,223
10,26,5,8,49
17,69,148,102,336
39,39,17,90,185
144,2,142,40,328
17,20,15,85,137
140,108,80,21,349
100,111,149,116,476
131,45,128,105,409
146,138,106,52,442
147,2,35,58,242
42,67,57,23,189
20,126,61,118,325
118,39,97,137,391
126,107,147,94,474
25,17,23,98,163
50,118,13,137,318
142,147,11,107,407
35,31,113,69,248
120,136,25,16,297
53,70,139,36,298
68,90,54,113,325
117,79,30,130,356
25,5,49,92,171
146,71,143,143,503
64,77,148,143,432
109,24,124,108,365
57,48,68,21,194
55,12,84,28,179
118,82,102,110,412
18,5,17,95,135
90,150,137,23,400
131,6,39,136,312
70,75,67,94,306
73,86,18,123,300
120,40,64,10,234
53,91,14,70,228
66,92,47,148,353
99,144,38,135,416
20,42,112,145,319
84,41,76,45,246
65,13,97,105,280
65,90,101,53,309
108,90,67,140,405
12,13,25,46,96
85,65,104,100,354
37,107,77,143,364
107,25,83,12,227
54,35,74,44,207
38,56,21,116,231
97,106,93,150,446
129,95,130,118,472
66,32,131,48,277
132,107,86,115,440
72,113,42,133,360
48,101,106,44,299
148,1,59,105,313
28,119,88,77,312
80,44,75,12,211
55,53,58,117,283
10,42,52,1,105
47,120,117,125,409
72,128,125,21,346
23,24,43,40,130
85,120,29,128,362
39,40,66,139,284
11,99,79,36,225
102,13,90,112,317
144,120,70,2,336
72,36,119,45,272
24,140,9,145,318
92,12,81,35,220
19,88,99,93,299
92,9,99,42,242
62,80,49,61,252
19,107,20,12,158
16,120,105,25,266
60,93,122,122,397
81,134,10,93,318
13,21,58,74,166
60,45,77,15,197
90,88,106,120,404
47,89,112,121,369
105,71,41,131,348
59,13,102,111,285
61,109,77,83,330
3,68,112,18,201
133,75,69,83,360
103,117,83,128,431
23,62,119,91,295
41,55,145,103,344
77,30,130,136,373
82,60,132,60,334
26,132,41,88,287
123,137,41,115,416
42,30,95,114,281
85,89,122,150,446
119,54,2,8,183
9,113,36,149,307
140,119,101,90,450
137,56,4,72,269
18,102,94,68,282
90,114,57,92,353
48,146,32,80,306
44,144,18,19,225
23,88,32,44,187
104,92,22,66,284
100,33,58,132,323
77,58,82,55,272
40,6,19,129,194
74,12,48,67,201
73,98,126,132,429
105,67,114,97,383
41,32,112,126,311
91,38,75,119,323
121,34,91,132,378
3,108,42,77,230
105,150,22,95,372
141,75,31,25,272
48,2,65,140,255
68,62,61,16,207
125,23,57,16,221
59,24,37,138,258
124,57,74,10,265
89,43,73,23,228
110,146,10,108,374
136,98,29,33,296
124,82,57,40,303
17,89,19,67,192
70,143,80,48,341
46,14,119,77,256
58,45,78,59,240
64,57,98,100,319
79,11,116,130,336
51,126,51,57,285
93,149,70,136,448
20,121,53,125,319
34,95,64,128,321
68,45,64,65,242
113,144,38,89,384
16,130,9,73,228
100,85,77,65,327
99,21,100,102,322
19,41,131,115,306
26,28,5,80,139
140,33,24,16,213
28,149,22,106,305
128,124,70,47,369
20,1,55,56,132
75,31,73,38,217
117,148,105,134,504
38,80,99,104,321
69,124,1,43,237
38,48,148,50,284
116,62,37,60,275
26,143,87,149,405
129,118,146,40,433
32,56,106,119,313
11,57,74,14,156
42,40,111,89,282
34,86,16,30,166
119,145,13,21,298
63,34,116,36,249
13,6,143,15,177
93,31,17,107,248
104,80,50,56,290
116,18,110,103,347
111,106,9,126,352
106,52,108,126,392
19,96,135,79,329
44,99,124,51,318
75,85,21,127,308
95,70,19,64,248
21,21,83,57,182
113,108,64,59,344
121,67,50,28,266
121,117,24,52,314
7,112,132,17,268
144,93,81,16,334
34,11,36,147,228
51,92,13,107,263
5,35,115,28,183
61,129,122,91,403
127,37,146,71,381
31,28,73,6,138
82,47,87,84,300
122,117,136,89,464
6,49,44,3,102
23,4,146,128,301
13,10,116,73,212
148,85,20,63,316
25,113,134,47,319
17,67,10,87,181
124,109,11,88,332
8,86,96,147,337
3,27,67,139,236
129,115,13,14,271
65,123,37,107,332
80,133,139,9,361
80,136,95,111,422
66,4,98,7,175
13,104,120,140,377
25,64,61,59,209
92,48,146,54,340
120,75,138,85,418
69,35,122,121,347
81,29,108,106,324
11,68,54,13,146
47,131,11,73,262
109,52,53,49,263
137,19,1,26,183
47,42,102,120,311
91,120,34,55,300
140,6,108,115,369
143,142,82,149,516
142,88,42,116,388
90,144,77,15,326
96,41,77,119,333
16,31,96,131,274
64,46,147,12,269
110,145,146,66,467
134,53,75,98,360
7,127,136,13,283
113,82,141,71,407
115,81,80,40,316
15,93,63,87,258
38,112,30,118,298
119,94,8,149,370
70,30,72,133,305
120,67,145,99,431
108,34,21,128,291
69,23,32,11,135
121,134,44,100,399
143,39,70,145,397
130,58,48,143,379
121,30,63,122,336
26,88,62,20,196
126,145,92,98,461
131,149,117,104,501
62,93,123,89,367
91,77,76,101,345
43,27,122,94,286
10,114,59,118,301
36,109,96,41,282
73,105,34,31,243
4,29,96,31,160
67,50,20,1,138
85,37,52,55,229
6,97,76,36,215
30,64,127,90,311
53,65,121,92,331
87,96,97,62,342
123,41,37,43,244
16,61,11,122,210
19,19,117,89,244
127,124,74,64,389
32,11,65,88,196
77,40,24,44,185
138,103,108,72,421
54,136,94,98,382
84,14,118,62,278
94,108,129,137,468
65,149,48,109,371
50,73,105,81,309
147,52,6,86,291
100,4,86,56,246
3,44,35,45,127
33,62,112,125,332
113,77,38,135,363
103,36,100,93,332
73,103,4,73,253
54,29,101,90,274
125,104,141,150,520
36,139,80,113,368
107,132,103,27,369
26,71,78,130,305
57,104,92,95,348
144,54,48,80,326
71,16,91,32,210
99,14,150,39,302
93,88,120,136,437
64,3,93,73,233
5,36,17,115,173
15,50,141,77,283
43,12,25,34,114
58,102,137,110,407
93,93,30,14,230
15,100,82,20,217
96,131,126,132,485
35,136,49,93,313
137,92,30,53,312
115,104,18,134,371
44,54,13,138,249
35,27,49,131,242
19,15,21,19,74
15,61,26,95,197
30,3,49,33,115
103,122,118,53,396
21,99,69,72,261
10,43,40,3,96
129,62,144,43,378
119,33,62,125,339
78,68,144,73,363
60,20,122,65,267
36,118,3,42,199
109,147,125,80,461
5,62,119,67,253
125,41,62,4,232
2,94,17,33,146
53,127,84,37,301
71,76,80,36,263
111,117,56,92,376
59,59,69,130,317
73,48,75,79,275
43,10,89,96,238
17,40,52,143,252
135,122,116,116,489
55,81,9,64,209
81,8,116,131,336
129,139,136,136,540
105,79,68,145,397
126,85,39,20,270
86,63,122,85,356
105,85,123,142,455
82,57,31,85,255
93,76,125,65,359
23,100,104,73,300
45,5,49,108,207
12,39,85,31,167
74,115,134,111,434
38,58,103,77,276
43,86,38,36,203
50,1,118,77,246
27,34,85,119,265
17,119,76,126,338
106,124,51,47,328
138,41,45,108,332
98,111,92,52,353
51,60,130,42,283
65,136,11,132,344
37,23,34,138,232
130,4,58,125,317
52,111,21,147,331
124,25,56,50,255
147,113,31,27,318
107,106,110,30,353
144,58,102,24,328
42,84,72,121,319
28,103,18,24,173
112,26,104,94,336
20,8,111,113,252
110,12,64,57,243
130,139,14,23,306
55,5,113,72,245
53,106,78,28,265
120,126,62,64,372
29,67,103,102,301
108,71,104,143,426
47,105,93,132,377
32,12,3,53,100
33,30,106,67,236
141,4,17,25,187
131,28,87,7,253
124,127,109,108,468
139,131,97,126,493
65,54,146,145,410
123,126,41,38,328
118,21,65,131,335
34,22,4,136,196
97,93,47,79,316
11,51,60,7,129
129,28,142,137,436
70,126,83,135,414
48,6,95,15,164
36,62,72,107,277
71,108,42,139,360
103,91,7,93,294
95,55,15,149,314
18,80,27,14,139
35,147,6,26,214
77,101,52,111,341
90,143,119,114,466
15,105,44,117,281
115,137,119,101,472
51,60,123,143,377
7,76,51,51,185
66,26,147,150,389
76,135,19,50,280
61,85,58,139,343
85,32,53,63,233
1,112,16,15,144
77,47,26,85,235
147,17,63,118,345
11,75,3,63,152
4,101,23,28,156
28,65,116,109,318
118,143,3,131,395
113,45,69,98,325
127,72,120,14,333
24,66,16,112,218
42,51,95,139,327
146,83,14,2,245
1,95,43,76,215
36,117,61,23,237
87,124,126,104,441
84,5,126,138,353
121,16,11,50,198
103,139,103,73,418
65,96,126,64,351
74,69,15,116,274
111,78,46,140,375
18,111,14,137,280
94,40,19,3,156
18,58,15,33,124
53,115,50,144,362
18,84,124,26,252
18,12,86,94,210
142,124,90,133,489
147,12,147,76,382
101,5,64,6,176
85,41,28,8,162
92,50,102,141,385
84,21,73,57,235
64,103,131,102,400
16,110,53,85,264
39,112,146,50,347
90,4,125,81,300
7,31,33,144,215
66,69,54,149,338
93,40,133,141,407
133,32,88,137,390
125,102,92,20,339
40,25,38,119,222
115,112,88,70,385
140,97,87,122,446
17,114,50,76,257
25,98,39,63,225
57,115,28,53,253
80,59,90,14,243
22,25,9,80,136
85,78,25,15,203
116,99,7,7,229
110,67,127,124,428
28,135,142,16,321
39,89,83,109,320
122,36,8,135,301
146,145,62,4,357
112,150,61,148,471
56,84,131,90,361
112,118,125,113,468
149,25,92,68,334
24,60,100,31,215
25,8,102,73,208
30,59,9,43,141
128,127,87,69,411
17,128,127,43,315
74,68,68,129,339
38,125,108,107,378
79,73,18,89,259
1,88,129,34,252
140,12,55,146,353
3,51,3,115,172
56,141,20,9,226
12,114,60,26,212
114,27,9,6,156
36,26,17,146,225
122,99,41,23,285
119,16,132,85,352
125,88,3,67,283
50,19,67,75,211
31,124,92,44,291
77,40,7,85,209
77,106,101,79,363
119,41,6,103,269
88,56,61,55,260
42,63,15,13,133
17,146,130,46,339
116,61,88,21,286
110,58,128,86,382
77,104,69,118,368
49,46,75,49,219
95,48,140,147,430
16,51,78,74,219
85,49,70,122,326
69,60,95,70,294
71,93,30,5,199
79,109,21,140,349
60,135,143,30,368
147,54,44,23,268
118,44,49,131,342
20,121,37,72,250
70,131,51,109,361
134,41,21,95,291
120,15,65,105,305
69,3,73,50,195
139,97,125,54,415
25,81,8,60,174
69,84,101,33,287
35,78,20,82,215
38,31,127,28,224
55,74,120,87,336
85,67,76,146,374
56,34,63,22,175
106,145,142,122,515
104,95,10,3,212
9,147,107,9,272
75,54,52,109,290
142,49,132,76,399
144,54,137,112,447
140,75,122,77,414
139,147,85,71,442
21,10,77,98,206
91,114,31,101,337
99,105,9,42,255
48,81,145,92,366
98,1,66,37,202
7,50,144,133,334
47,26,2,45,120
131,111,73,66,381
71,73,86,3,233
67,73,28,9,177
21,149,66,148,384
62,111,64,3,240
61,113,91,25,290
99,25,84,51,259
3,35,122,131,291
148,78,118,16,360
70,134,30,124,358
91,45,91,85,312
58,82,8,13,161
144,67,92,61,364
58,30,83,116,287
64,69,119,51,303
53,130,38,62,283
55,116,54,63,288
79,96,135,101,411
101,44,40,101,286
3,116,43,129,291
32,116,127,126,401
119,92,3,30,244
143,91,148,73,455
148,24,13,135,320
40,17,140,35,232
65,37,13,131,246
149,52,139,91,431
67,52,42,38,199
82,2,92,24,200
98,68,22,21,209
35,150,69,142,396
57,46,126,21,250
104,69,46,10,229
11,42,44,67,164
7,18,73,5,103
142,48,53,136,379
31,46,30,98,205
77,103,82,70,332
20,32,137,74,263
1,54,96,120,271
87,146,49,78,360
115,1,79,68,263
56,63,115,76,310
31,10,74,146,261
64,1,52,100,217
101,72,24,11,208
4,42,126,1,173
49,3,4,52,108
56,52,135,56,299
52,81,50,52,235
21,26,19,117,183
100,33,110,2,245
33,78,75,77,263
62,38,78,136,314
39,144,24,29,236
74,16,131,142,363
56,91,46,105,298
112,100,60,58,330
17,71,99,91,278
135,30,98,25,288
108,10,141,119,378
149,23,19,22,213
132,74,87,112,405
35,138,21,65,259
136,64,14,8,222
84,123,113,45,365
75,13,23,62,173
104,120,31,39,294
73,144,50,53,320
7,92,2,62,163
104,133,72,45,354
109,145,8,30,292
116,97,20,123,356
66,62,14,59,201
143,34,1,111,289
145,38,43,1,227
17,10,18,1,46
104,101,3,15,223
90,132,123,26,371
138,96,89,110,433
126,7,35,10,178
94,44,106,119,363
100,2,86,54,242
40,97,128,118,383
133,76,31,129,369
53,123,35,57,268
132,121,139,36,428
109,75,148,30,362
38,80,139,118,375
119,79,71,75,344
148,114,18,144,424
133,75,68,45,321
40,139,134,71,384
77,78,76,103,334
46,93,90,101,330
150,87,54,81,372
30,50,13,63,156
95,121,54,100,370
139,99,34,34,306
136,79,110,56,381
105,25,67,123,320
4,37,133,104,278
80,14,62,15,171
1,129,100,94,324
83,146,83,49,361
58,119,8,126,311
77,65,148,148,438
122,40,82,101,345
109,102,80,98,389
96,78,117,118,409
80,101,98,88,367
60,10,19,115,204
142,145,70,34,391
5,36,89,43,173
2,40,82,104,228
75,104,114,65,358
43,11,50,102,206
72,13,2,47,134
3,124,50,62,239
101,116,58,89,364
72,116,132,82,402
133,13,40,36,222
116,29,26,25,196
23,2,150,72,247
124,104,44,148,420
66,29,25,90,210
17,113,140,105,375
72,19,117,55,263
129,119,118,125,491
106,144,49,39,338
26,57,149,92,324
75,102,84,80,341
56,19,26,77,178
53,101,27,51,232
75,17,12,63,167
69,133,124,38,364
58,94,68,141,361
15,10,126,25,176
119,75,52,111,357
7,133,36,28,204
11,85,98,32,226
59,135,45,94,333
36,4,34,53,127
31,136,2,133,302
64,135,91,119,409
112,103,42,77,334
115,147,90,114,466
9,40,87,138,274
76,107,30,50,263
141,12,18,142,313
100,49,85,71,305
4,64,41,140,249
148,88,136,130,502
109,120,12,111,352
31,93,53,111,288
36,70,52,102,260
110,28,88,59,285
128,15,29,133,305
122,29,3,116,270
147,10,90,27,274
80,74,65,29,248
88,39,98,144,369
32,149,111,39,331
78,112,109,89,388
104,86,50,15,255
24,148,53,125,350
139,61,93,30,323
59,59,91,147,356
72,34,69,42,217
106,96,69,54,325
92,115,36,23,266
121,137,128,114,500
31,70,130,138,369
34,57,117,130,338
47,142,21,74,284
6,68,10,11,95
100,119,52,8,279
114,46,11,133,304
131,73,81,85,370
124,83,143,97,447
38,55,18,94,205
16,17,67,105,205
128,94,20,47,289
32,31,63,52,178
34,150,14,62,260
50,132,96,20,298
114,116,28,98,356
48,5,18,66,137
106,65,120,14,305
110,105,17,89,321
83,36,51,112,282
5,11,13,124,153
86,145,97,111,439
51,93,103,60,307
43,125,92,147,407
22,85,114,9,230
105,68,75,65,313
129,45,86,59,319
87,52,35,149,323
80,60,136,57,333
119,96,69,3,287
49,89,15,52,205
117,45,55,62,279
85,7,89,48,229
110,136,117,118,481
89,63,81,20,253
20,119,109,67,315
41,66,128,128,363
136,18,144,6,304
104,48,36,34,222
103,55,12,62,232
9,115,135,86,345
49,59,104,92,304
54,138,7,27,226
9,26,49,60,144
71,15,97,129,312
121,38,60,122,341
102,26,128,89,345
96,115,18,134,363
128,33,136,119,416
92,68,44,140,344
129,9,122,101,361
56,26,75,54,211
24,106,46,2,178
110,73,82,115,380
70,79,120,24,293
14,108,136,110,368
65,41,113,87,306
91,66,91,21,269
40,45,1,83,169
129,93,15,17,254
52,49,42,102,245
52,139,102,21,314
130,45,76,58,309
107,16,109,43,275
118,105,100,19,342
130,74,60,127,391
130,126,117,15,388
17,12,59,60,148
76,82,33,90,281
3,30,32,80,145
69,93,13,143,318
75,128,135,89,427
149,89,145,111,494
45,83,128,8,264
58,134,16,125,333
77,15,105,13,210
144,101,124,122,491
118,19,42,40,219
65,42,120,54,281
92,89,30,60,271
110,3,82,74,269
111,20,28,57,216
104,70,75,93,342
78,37,101,87,303
144,124,23,53,344
23,131,28,141,323
107,135,18,68,328
111,40,28,31,210
42,8,131,95,276
49,15,93,28,185
114,142,51,146,453
107,77,59,68,311
8,111,116,61,296
106,15,122,63,306
41,106,25,92,264
150,105,86,122,463
115,85,106,15,321
14,34,7,92,147
38,41,49,63,191
73,7,107,92,279
88,20,18,54,180
38,10,137,65,250
86,123,149,59,417
53,31,108,43,235
51,112,139,46,348
40,48,98,57,243
30,109,10,125,274
121,1,84,80,286
4,110,138,111,363
38,20,108,106,272
68,136,147,117,468
3,10,77,72,162
19,94,20,139,272
89,131,32,16,268
105,38,67,138,348
59,10,70,116,255
86,45,15,10,156
29,10,122,99,260
10,137,10,18,175
11,4,2,52,69
13,5,51,88,157
39,54,91,79,263
68,93,5,99,265
54,100,24,17,195
140,25,58,24,247
66,62,5,124,257
17,43,16,97,173
130,24,115,76,345
141,18,20,67,246
139,6,145,104,394
85,112,5,83,285
123,59,47,46,275
83,97,54,21,255
133,52,110,1,296
82,17,96,141,336
103,43,88,65,299
118,12,2,18,150
33,78,2,65,178
110,142,17,27,296
64,16,21,150,251
22,124,114,74,334
128,143,149,41,461
79,128,97,84,388
21,32,129,143,325
37,38,63,86,224
87,105,97,133,422
47,36,21,80,184
128,68,110,133,439
49,100,95,135,379
138,65,84,21,308
87,41,42,107,277
104,14,91,34,243
60,39,77,137,313
70,9,71,41,191
57,81,83,90,311
98,92,90,72,352
112,109,119,56,396
32,106,54,77,269
87,84,98,70,339
34,140,55,97,326
106,57,93,99,355
133,94,22,141,390
150,53,28,149,380
93,31,39,127,290
73,35,56,126,290
107,71,15,29,222
77,102,97,22,298
44,119,19,7,189
79,4,6,144,233
114,56,87,133,390
137,122,51,120,430
26,72,87,69,254
148,55,111,27,341
115,49,56,63,283
67,51,134,138,390
63,10,111,128,312
123,124,12,37,296
73,68,108,126,375
115,103,75,92,385
135,83,124,53,395
32,106,38,95,271
91,85,27,74,277
136,80,52,15,283
45,114,51,110,320
34,110,36,141,321
64,64,89,138,355
82,34,41,83,240
58,74,143,133,408
101,20,60,140,321
113,3,53,86,255
104,79,56,25,264
21,141,119,113,394
69,53,136,96,354
106,147,117,101,471
40,48,120,124,332
136,51,140,41,368
71,149,48,39,307
55,142,121,35,353
83,136,119,15,353
141,54,87,88,370
137,71,140,111,459
85,35,63,59,242
24,122,110,40,296
116,73,121,132,442
150,109,55,48,362
73,21,17,27,138
113,117,144,62,436
46,100,49,79,274
110,26,90,40,266
46,96,73,138,353
107,8,51,1,167
55,28,61,111,255
103,122,66,130,421
54,110,73,111,348
88,114,80,61,343
122,86,144,145,497
52,54,109,118,333
107,37,72,45,261
23,145,111,50,329
109,55,113,115,392
99,100,3,150,352
51,102,40,72,265
44,125,63,145,377
135,17,119,102,373
137,65,98,67,367
16,120,97,104,337
107,64,59,72,302
131,18,127,95,371
126,112,23,60,321
50,87,79,24,240
66,10,104,100,280
83,100,137,92,412
44,71,118,7,240
95,126,100,5,326
122,22,26,86,256
12,23,81,91,207
136,53,42,148,379
87,143,79,48,357
35,133,91,25,284
72,113,39,77,301
52,1,33,61,147
75,55,77,32,239
1,133,59,9,202
134,140,112,31,417
34,36,121,9,200
58,108,32,44,242
14,78,9,77,178
32,150,58,135,375
77,128,47,64,316
87,128,85,47,347
116,109,27,130,382
39,68,126,21,254
94,113,92,140,439
74,34,15,9,132
74,141,126,36,377
149,4,40,107,300
136,26,92,5,259
112,54,132,120,418
52,135,46,66,299
108,16,137,88,349
114,34,74,70,292
8,141,60,84,293
113,98,7,12,230
50,107,66,11,234
39,9,64,109,221
139,28,61,32,260
54,138,128,54,374
124,13,106,56,299
82,27,123,91,323
118,115,117,89,439
82,93,23,84,282
60,38,16,2,116
36,23,115,80,254
99,74,13,149,335
99,75,111,38,323
139,118,2,28,287
78,88,92,97,355
143,78,5,29,255
9,139,130,139,417
17,62,105,109,293
52,62,56,30,200
140,134,56,29,359
140,8,8,92,248
150,70,69,71,360
75,127,71,117,390
91,138,141,108,478
62,36,5,107,210
23,30,37,92,182
148,126,140,38,452
81,86,102,127,396
129,112,92,32,365
14,68,94,43,219
97,40,65,60,262
21,46,76,88,231
32,15,88,150,285
9,92,71,88,260
56,13,37,126,232
125,140,42,91,398
143,19,81,28,271
42,89,68,133,332
80,22,126,103,331
145,28,15,42,230
4,9,107,58,178
27,58,147,140,372
75,77,82,9,243
17,39,40,131,227
133,52,127,55,367
108,44,134,96,382
22,35,7,87,151
119,42,64,99,324
19,65,9,57,150
83,78,35,90,286
118,144,54,8,324
11,128,131,70,340
146,40,115,119,420
118,64,7,69,258
116,66,2,37,221
49,115,53,14,231
119,30,83,96,328
116,91,53,25,285
69,96,104,31,300
56,29,139,97,321
18,59,62,124,263
31,125,48,122,326
135,92,40,29,296
110,82,47,24,263
42,111,97,6,256
33,128,118,50,329
14,58,143,4,219
128,111,56,86,381
70,130,95,116,411
145,2,143,95,385
106,20,137,53,316
125,104,126,61,416
115,12,16,36,179
110,30,32,22,194
131,109,67,53,360
115,146,54,54,369
140,58,132,81,411
6,118,145,65,334
50,91,49,96,286
9,9,100,32,150
85,73,83,132,373
42,61,67,80,250
117,148,122,16,403
143,142,137,119,541
33,77,87,78,275
9,8,20,3,40
72,82,62,83,299
53,82,52,52,239
145,66,80,55,346
146,13,9,16,184
3,45,58,73,179
44,4,41,91,180
134,92,140,134,500
29,44,60,101,234
96,68,33,126,323
100,55,39,20,214
30,109,74,112,325
89,99,129,22,339
51,142,81,130,404
81,120,41,83,325
37,144,38,81,300
71,34,7,125,237
24,145,75,99,343
129,135,6,14,284
80,90,113,74,357
104,46,26,14,190
127,78,145,83,433
42,98,9,140,289
20,105,42,118,285
19,145,20,43,227
132,149,5,28,314
44,96,135,13,288
20,120,94,100,334
41,105,89,2,237
120,70,51,24,265
57,14,143,79,293
38,104,17,17,176
56,60,94,101,311
72,117,150,124,463
130,36,14,35,215
116,125,48,46,335
18,115,122,77,332
56,73,46,87,262
44,141,114,21,320
31,3,102,35,171
116,142,107,144,509
25,111,36,78,250
149,113,31,139,432
90,56,140,109,395
130,94,123,88,435
60,17,34,25,136
135,144,78,128,485
128,74,22,16,240
25,37,8,92,162
111,105,67,107,390
139,132,68,7,346
101,15,91,11,218
61,139,42,32,274
87,127,51,52,317
36,37,72,13,158
35,82,137,66,320
141,62,78,77,358
16,121,32,42,211
61,90,21,110,282
12,134,89,32,267
72,94,110,108,384
75,115,27,99,316
102,29,127,42,300
65,48,65,116,294
122,113,107,53,395
104,20,111,42,277
88,66,29,9,192
36,91,95,73,295
46,27,101,20,194
60,29,127,55,271
98,34,139,15,286
23,3,4,16,46
72,62,146,96,376
100,123,114,17,354
104,2,81,142,329
58,20,25,116,219
90,139,54,89,372
150,36,4,12,202
9,127,52,42,230
82,93,90,140,405
107,15,34,10,166
31,146,24,120,321
65,110,115,88,378
132,120,99,42,393
67,80,29,109,285
135,95,30,33,293
50,111,11,62,234
73,41,135,93,342
13,138,76,105,332
46,36,106,82,270
41,78,135,123,377
113,42,24,75,254
120,109,83,13,325
89,79,74,115,357
24,132,5,16,177
21,1,60,15,97
135,143,133,37,448
106,22,105,105,338
36,31,125,14,206
76,25,137,24,262
143,67,61,103,374
145,130,34,35,344
137,118,76,2,333
46,74,119,144,383
144,88,95,30,357
2,19,28,51,100
102,58,106,85,351
123,67,103,49,342
40,135,62,90,327
147,82,36,79,344
108,28,45,44,225
103,63,146,125,437
136,13,139,43,331
97,5,71,73,246
91,90,88,3,272
108,92,5,124,329
88,35,108,32,263
84,139,120,106,449
20,67,41,78,206
99,1,75,107,282
14,7,6,103,130
110,23,73,84,290
25,127,144,65,361
140,5,92,82,319
115,113,150,76,454
26,61,39,122,248
114,27,139,119,399
106,135,84,8,333
129,114,74,28,345
136,59,68,117,380
3,110,90,14,217
113,25,127,139,404
127,130,126,111,494
101,22,63,150,336
83,49,122,40,294
59,9,118,116,302
22,1,45,102,170
94,46,62,47,249
18,122,43,26,209
2,136,48,64,250
83,26,143,26,278
101,120,107,16,344
92,7,74,124,297
16,50,106,49,221
11,142,146,1,300
137,68,12,86,303
88,77,36,35,236
54,109,9,54,226
62,102,69,24,257
74,76,39,36,225
27,38,97,26,188
20,12,120,143,295
114,61,139,16,330
92,24,28,15,159
27,33,18,90,168
122,27,23,47,219
80,125,51,37,293
131,32,7,13,183
47,84,16,87,234
101,117,137,107,462
122,126,24,107,379
61,83,73,138,355
23,38,54,89,204
43,131,6,74,254
66,139,98,90,393
38,48,84,98,268
19,115,138,71,343
17,75,43,79,214
74,86,81,139,380
139,82,44,113,378
41,22,149,116,328
46,80,22,128,276
72,23,61,49,205
143,99,9,4,255
94,66,119,146,425
40,65,139,129,373
69,55,128,47,299
52,82,31,149,314
120,89,15,89,313
112,124,102,125,463
131,125,126,43,425
10,6,58,20,94
82,120,1,146,349
100,9,129,36,274
142,41,40,148,371
62,119,93,48,322
30,26,136,87,279
43,146,44,85,318
24,6,6,132,168
112,58,3,85,258
121,50,5,74,250
65,138,79,137,419
132,52,97,107,388
52,16,122,26,216
45,70,106,28,249
38,140,6,92,276
143,52,31,76,302
122,96,122,92,432
63,108,143,38,352
121,120,83,112,436
140,35,91,4,270
47,91,110,23,271
64,113,14,25,216
28,18,39,9,94
83,31,53,136,303
103,44,88,53,288
67,51,107,131,356
22,123,87,68,300
99,112,3,57,271
120,91,13,5,229
34,96,105,108,343
139,29,130,88,386
10,16,134,83,243
63,83,136,8,290
76,17,52,109,254
46,148,5,81,280
108,26,136,14,284
79,28,51,41,199
134,114,120,136,504
70,91,23,61,245
95,41,76,76,288
60,29,71,122,282
114,76,27,25,242
129,96,82,70,377
86,114,117,18,335
18,91,49,57,215
32,86,53,118,289
47,116,49,81,293
41,120,134,11,306
84,111,60,86,341
96,148,11,41,296
121,114,8,33,276
23,143,122,140,428
13,24,99,62,198
82,31,128,13,254
53,11,10,97,171
117,149,36,31,333
13,135,134,43,325
94,48,21,88,251
136,8,11,115,270
76,6,72,42,196
35,46,129,150,360
144,53,17,103,317
94,122,125,146,487
97,9,69,25,200
146,84,28,107,365
46,53,150,67,316
58,86,23,80,247
10,57,3,102,172
91,63,51,64,269
8,37,89,122,256
140,20,33,8,201
129,148,34,60,371
60,10,11,108,189
12,8,11,103,134
65,100,128,141,434
108,81,86,91,366
57,4,39,46,146
87,25,41,8,161
150,122,39,72,383
111,96,134,19,360
141,97,80,2,320
19,104,141,132,396
116,129,6,115,366
96,15,6,46,163
88,126,29,85,328
6,19,56,119,200
62,17,53,104,236
61,74,137,124,396
58,68,6,106,238
19,117,140,119,395
11,60,89,113,273
147,101,105,150,503
62,61,105,147,375
115,86,43,120,364
61,14,98,39,212
38,127,82,45,292
88,15,144,51,298
102,150,104,70,426
113,17,100,82,312
44,64,112,26,246
98,42,29,65,234
145,10,6,47,208
150,92,8,76,326
2,22,10,68,102
11,65,69,86,231
116,70,102,78,366
31,36,64,87,218
23,32,86,67,208
130,115,63,100,408
98,148,14,81,341
139,117,143,100,499
139,63,137,66,405
82,105,88,97,372
129,109,13,44,295
122,103,36,84,345
80,93,33,120,326
16,97,113,110,336
118,121,54,44,337
72,122,117,76,387
62,113,60,79,314
93,140,135,138,506
52,119,75,81,327
39,37,50,132,258
34,46,95,110,285
31,125,92,34,282
101,75,50,27,253
119,50,52,110,331
124,122,34,90,370
124,37,6,120,287
105,11,133,149,398
111,119,11,111,352
85,107,37,97,326
57,28,96,82,263
66,51,49,46,212
73,109,106,51,339
94,150,52,42,338
28,95,74,65,262
65,140,4,27,236
14,105,137,36,292
58,136,72,134,400
13,14,122,12,161
73,17,63,59,212
17,69,122,42,250
107,86,89,85,367
34,88,51,127,300
94,28,8,134,264
58,87,35,4,184
132,49,149,139,469
10,42,150,96,298
10,116,67,57,250
94,134,21,6,255
150,131,106,33,420
55,126,56,107,344
56,132,96,75,359
12,91,67,143,313
57,111,10,21,199
79,146,75,104,404
136,12,97,91,336
1,68,62,112,243
145,30,82,77,334
114,117,45,124,400
59,32,103,63,257
118,99,100,104,421
96,95,32,98,321
126,119,144,37,426
43,30,79,84,236
125,141,130,55,451
5,72,83,31,191
45,59,102,94,300
65,128,1,100,294
107,32,33,46,218
129,109,95,58,391
66,22,108,135,331
111,53,68,72,304
59,134,33,47,273
29,93,39,8,169
35,53,128,81,297
8,110,16,117,251
90,35,139,39,303
83,100,75,71,329
65,101,44,150,360
13,45,138,5,201
116,3,113,39,271
65,39,11,126,241
88,56,66,87,297
130,124,99,57,410
108,149,88,41,386
108,118,5,62,293
73,150,106,31,360
138,135,44,17,334
17,32,121,114,284
114,29,20,83,246
20,88,32,144,284
115,61,105,74,355
53,33,139,92,317
84,122,108,126,440
70,43,147,95,355
96,111,112,28,347
15,118,33,10,176
109,13,52,23,197
148,11,86,30,275
38,95,81,79,293
85,75,96,26,282
88,122,108,119,437
63,80,59,54,256
25,68,63,74,230
4,12,27,119,162
95,77,87,59,318
111,113,11,119,354
47,140,13,89,289
66,66,12,147,291
66,81,93,143,383
60,133,7,101,301
75,78,55,88,296
69,80,23,132,304
62,101,37,77,277
37,14,103,19,173
35,82,91,30,238
29,27,70,1,127
37,134,95,9,275
135,113,26,137,411
126,118,114,131,489
134,143,72,89,438
46,35,110,36,227
16,105,71,116,308
109,79,118,87,393
33,25,33,141,232
44,134,133,69,380
70,145,20,89,324
14,131,20,25,190
72,121,22,100,315
124,64,29,81,298
126,62,102,9,299
98,53,33,114,298
10,22,7,148,187
89,124,146,105,464
128,52,16,69,265
23,93,2,45,163
33,32,14,78,157
15,147,36,115,313
43,148,78,128,397
55,18,123,12,208
9,82,31,17,139
138,147,33,138,456
52,32,118,7,209
39,133,105,96,373
3,43,37,102,185
91,52,20,94,257
145,142,143,45,475
56,136,116,40,348
119,92,8,119,338
43,8,123,13,187
28,128,70,143,369
28,98,125,130,381
49,22,143,150,364
12,11,113,8,144
99,26,107,88,320
45,93,87,6,231
129,93,115,42,379
130,4,5,132,271
103,29,89,66,287
114,67,16,12,209
89,7,47,35,178
63,95,78,72,308
133,52,4,84,273
134,83,1,25,243
17,5,43,147,212
14,116,7,119,256
48,103,108,86,345
140,74,58,47,319
68,52,89,90,299
90,106,140,85,421
118,112,5,79,314
109,35,139,8,291
107,42,47,69,265
60,9,64,24,157
127,5,17,74,223
70,125,23,12,230
79,86,30,137,332
131,25,132,26,314
56,123,15,4,198
119,53,138,121,431
109,144,111,28,392
41,120,140,31,332
25,99,107,145,376
92,3,150,112,357
18,73,23,71,185
37,64,34,22,157
140,123,64,103,430
126,79,112,142,459
123,85,41,116,365
77,48,130,53,308
41,121,121,71,354
124,94,82,121,421
57,69,2,112,240
106,34,9,130,279
27,18,118,32,195
149,50,21,136,356
79,44,58,56,237
113,126,143,66,448
126,32,119,107,384
101,134,27,27,289
141,127,10,7,285
14,97,105,55,271
4,47,114,91,256
81,62,132,47,322
18,127,147,58,350
62,16,143,118,339
75,100,108,89,372
118,86,70,23,297
97,123,40,127,387
46,107,35,13,201
64,142,26,7,239
113,18,15,8,154
114,87,52,118,371
4,100,82,58,244
113,67,40,142,362
111,69,129,93,402
13,40,79,27,159
117,54,83,18,272
12,43,103,150,308
33,24,106,107,270
93,7,6,73,179
83,143,69,133,428
56,102,111,125,394
36,134,100,136,406
87,48,44,146,325
37,114,93,48,292
6,35,5,147,193
119,80,80,86,365
117,73,50,46,286
126,142,43,55,366
66,84,13,12,175
15,133,70,35,253
122,42,48,62,274
71,115,97,141,424
147,110,4,136,397
134,46,94,109,383
47,92,67,78,284
30,55,5,98,188
84,84,39,4,211
120,92,12,94,318
66,11,146,80,303
124,3,3,49,179
94,74,95,141,404
6,131,125,64,326
6,125,144,133,408
135,96,68,51,350
79,43,91,88,301
26,114,81,111,332
22,81,75,125,303
3,108,2,134,247
32,81,26,54,193
103,78,87,95,363
65,75,92,141,373
23,5,109,27,164
91,92,126,123,432
18,95,119,100,332
54,23,14,119,210
63,113,12,42,230
131,26,15,98,270
36,7,17,24,84
38,94,6,34,172
127,135,114,147,523
9,38,2,129,178
76,55,133,148,412
52,113,16,87,268
11,96,29,86,222
22,45,137,6,210
128,126,102,148,504
43,56,69,140,308
66,22,130,77,295
136,59,15,140,350
61,135,121,51,368
108,110,106,53,377
10,39,9,108,166
62,28,62,137,289
5,120,96,72,293
85,143,2,145,375
26,81,27,26,160
98,87,56,104,345
74,126,88,150,438
60,110,135,30,335
147,60,20,99,326
38,69,40,3,150
142,110,134,81,467
49,114,25,85,273
47,90,119,43,299
54,46,123,101,324
84,98,149,6,337
42,88,64,48,242
17,123,9,49,198
8,17,50,45,120
86,38,65,123,312
144,114,73,50,381
55,99,20,3,177
60,131,100,93,384
114,122,30,103,369
20,83,44,2,149
97,83,27,146,353
81,109,135,10,335
8,39,16,13,76
118,127,9,143,397
95,40,99,12,246
134,141,56,111,442
123,132,18,31,304
28,44,49,61,182
6,144,9,58,217
87,105,116,62,370
31,85,99,6,221
130,48,112,117,407
12,64,131,24,231
132,147,110,70,459
29,5,60,48,142
55,106,29,144,334
76,126,24,88,314
25,14,150,38,227
95,146,119,97,457
12,97,49,46,204
47,1,150,33,231
12,96,115,56,279
122,106,63,107,398
101,102,149,90,442
51,138,4,105,298
5,108,108,21,242
50,38,74,80,242
61,40,79,46,226
79,3,103,111,296
116,11,131,122,380
78,116,56,83,333
107,60,14,138,319
67,104,44,18,233
90,25,45,150,310
131,105,128,40,404
16,16,42,106,180
45,75,139,134,393
49,150,126,68,393
101,125,132,68,426
139,124,74,40,377
94,51,59,39,243
113,23,64,75,275
14,64,117,53,248
46,81,43,121,291
56,62,149,84,351
5,62,125,4,196
80,17,111,58,266
14,132,71,19,236
61,137,113,141,452
60,17,27,16,120
44,127,22,124,317
14,77,57,127,275
105,16,94,3,218
112,44,133,114,403
93,85,18,70,266
23,20,57,74,174
61,150,145,65,421
109,142,41,59,351
35,94,63,72,264
41,29,78,46,194
24,136,104,46,310
28,61,53,115,257
112,110,130,80,432
20,51,117,121,309
22,119,51,22,214
75,126,94,27,322
134,105,44,7,290
51,125,42,25,243
62,119,98,122,401
47,14,122,121,304
47,47,64,107,265
3,127,143,150,423
95,82,46,74,297
98,53,73,129,353
136,42,33,149,360
33,71,146,92,342
104,131,90,4,329
21,75,17,37,150
88,150,102,37,377
143,94,5,26,268
123,145,53,130,451
30,11,111,53,205
35,143,36,21,235
56,26,12,83,177
104,13,16,127,260
81,99,55,6,241
46,76,109,13,244
90,118,39,133,380
23,114,57,101,295
5,12,75,89,181
25,21,104,30,180
59,23,132,108,322
122,137,132,61,452
146,34,49,52,281
6,44,107,122,279
142,128,98,26,394
124,63,150,149,486
57,40,60,126,283
127,102,133,10,372
85,116,86,125,412
101,143,39,8,291
62,3,115,57,237
146,51,26,23,246
102,75,26,112,315
106,137,62,90,395
132,65,49,129,375
26,45,86,21,178
119,30,71,23,243
137,75,56,3,271
49,120,3,11,183
61,55,136,1,253
149,120,5,134,408
9,58,146,128,341
10,141,56,145,352
133,21,83,67,304
14,125,35,134,308
12,144,81,46,283
77,125,45,110,357
90,119,55,88,352
55,123,129,103,410
132,116,70,16,334
148,119,34,123,424
50,27,102,60,239
8,99,62,137,306
61,118,52,136,367
65,56,3,12,136
57,129,149,67,402
116,45,16,146,323
37,4,18,75,134
104,34,42,20,200
16,73,117,51,257
126,144,103,6,379
145,98,138,142,523
39,76,73,123,311
57,134,110,120,421
8,93,26,91,218
131,75,48,47,301
101,20,40,80,241
67,111,39,87,304
102,92,71,21,286
106,99,116,147,468
79,11,73,93,256
148,91,32,84,355
90,119,66,137,412
69,116,19,107,311
49,148,40,19,256
9,43,138,38,228
104,108,93,16,321
82,72,135,139,428
140,115,77,126,458
58,137,128,53,376
5,8,73,26,112
60,60,46,47,213
98,4,132,18,252
71,126,106,142,445
131,31,60,130,352
97,129,13,117,356
141,95,150,28,414
38,45,34,51,168
45,12,115,8,180
55,136,125,2,318
47,35,121,89,292
48,145,79,139,411
66,99,59,105,329
54,125,107,114,400
143,134,128,55,460
74,113,9,135,331
112,83,141,1,337
15,79,57,63,214
129,41,33,14,217
82,23,9,41,155
138,50,36,125,349
53,82,104,23,262
93,102,75,143,413
42,60,85,137,324
45,17,83,125,270
10,4,15,29,58
109,141,20,150,420
33,120,98,108,359
7,60,7,88,162
66,109,82,45,302
140,125,100,65,430
19,55,138,89,301
10,66,138,25,239
67,130,91,41,329
103,50,8,27,188
50,73,45,150,318
40,89,125,102,356
114,108,85,60,367
79,48,94,41,262
58,126,9,55,248
131,145,11,105,392
127,107,68,97,399
99,1,57,135,292
74,17,59,55,205
15,42,115,26,198
20,141,150,130,441
89,18,6,80,193
64,75,14,124,277
134,11,142,12,299
139,10,132,48,329
95,88,47,46,276
145,146,36,4,331
110,126,34,59,329
46,141,15,137,339
97,132,56,40,325
86,22,101,72,281
10,13,29,54,106
122,4,122,147,395
85,13,94,44,236
47,64,29,91,231
137,125,20,1,283
143,52,146,98,439
108,123,45,59,335
42,147,4,66,259
31,94,8,110,243
142,7,133,108,390
104,150,45,18,317
101,114,34,9,258
108,100,21,99,328
131,100,99,33,363
101,46,80,119,346
8,71,91,120,290
108,114,55,74,351
141,56,107,5,309
106,95,6,4,211
67,62,116,65,310
26,106,44,113,289
10,94,56,46,206
78,3,87,5,173
60,29,49,110,248
83,90,44,46,263
99,79,146,25,349
79,20,73,111,283
132,7,61,84,284
121,97,125,105,448
125,145,93,37,400
29,64,39,9,141
61,70,53,149,333
109,22,10,56,197
39,108,135,69,351
80,95,103,64,342
102,104,150,79,435
136,15,70,76,297
69,96,36,69,270
146,47,89,13,295
47,87,16,96,246
73,69,117,141,400
141,105,14,111,371
119,100,93,92,404
99,69,62,118,348
73,45,82,52,252
12,114,69,17,212
11,107,118,120,356
134,83,18,114,349
142,117,115,70,444
65,108,147,43,363
126,107,61,22,316
145,4,129,93,371
14,101,70,143,328
23,140,28,43,234
95,81,130,136,442
115,29,98,84,326
23,44,95,146,308
127,105,60,146,438
41,130,63,122,356
72,28,46,52,198
53,128,42,18,241
23,149,138,1,311
114,128,10,130,382
102,144,23,123,392
11,10,113,92,226
103,87,36,144,370
60,21,120,47,248
137,10,99,105,351
7,111,21,122,261
49,37,5,48,139
144,43,106,127,420
141,73,14,149,377
63,18,108,98,287
149,129,140,108,526
79,22,139,17,257
47,76,53,56,232
70,33,54,99,256
77,66,31,39,213
33,29,99,61,222
17,12,109,55,193
109,52,60,32,253
86,82,99,55,322
18,133,93,146,390
61,92,4,78,235
59,48,81,25,213
90,103,101,50,344
93,14,115,60,282
85,43,111,131,370
23,3,26,127,179
120,92,135,10,357
112,7,48,98,265
116,86,7,50,259
77,31,1,8,117
145,97,12,90,344
119,79,14,24,236
133,65,6,117,321
88,64,105,75,332
26,21,86,19,152
99,76,82,74,331
120,61,106,132,419
84,103,55,85,327
70,40,138,121,369
122,46,58,2,228
77,124,31,108,340
12,34,26,42,114
139,96,90,54,379
25,62,131,31,249
23,33,132,75,263
58,49,114,106,327
149,28,101,17,295
108,63,10,75,256
28,99,9,79,215
27,76,103,42,248
6,144,77,71,298
29,42,112,41,224
127,85,111,99,422
22,15,101,20,158
105,89,88,144,426
56,107,127,135,425
102,150,10,3,265
120,28,4,99,251
69,146,128,147,490
99,52,144,79,374
116,144,61,87,408
87,101,134,130,452
53,32,87,139,311
40,64,48,94,246
127,142,39,19,327
106,23,116,46,291
36,40,55,28,159
22,7,6,35,70
60,128,83,6,277
17,6,43,24,90
135,49,98,86,368
32,83,72,16,203
33,97,73,127,330
139,47,122,28,336
62,75,11,135,283
128,53,76,87,344
90,11,95,103,299
131,52,50,16,249
42,126,51,80,299
58,141,47,133,379
47,137,89,26,299
104,128,100,60,392
66,21,115,115,317
81,7,45,148,281
100,2,112,2,216
112,123,127,119,481
31,79,116,128,354
66,79,60,16,221
26,4,124,136,290
33,66,48,130,277
38,72,109,113,332
127,63,107,93,390
13,65,36,49,163
47,112,101,124,384
85,63,120,143,411
38,58,124,107,327
109,123,40,66,338
39,89,121,36,285
133,43,66,82,324
23,34,149,100,306
114,105,84,10,313
146,135,78,119,478
107,78,76,78,339
21,103,104,68,296
37,8,132,7,184
105,34,42,109,290
42,58,6,38,144
35,15,34,81,165
93,37,115,45,290
92,47,146,67,352
94,131,28,25,278
23,30,59,117,229
42,140,150,113,445
69,144,150,54,417
10,44,74,129,257
70,82,3,82,237
130,4,55,91,280
10,35,11,143,199
77,37,133,130,377
148,129,46,63,386
69,15,57,147,288
144,33,127,100,404
49,10,26,137,222
117,12,36,52,217
128,148,90,19,385
87,38,44,64,233
44,143,94,19,300
27,13,29,28,97
120,143,58,20,341
105,102,28,101,336
85,50,118,103,356
49,115,20,27,211
23,41,85,111,260
25,111,74,145,355
65,21,89,41,216
105,94,53,140,392
105,45,58,81,289
56,85,10,4,155
25,71,7,79,182
95,39,132,117,383
54,148,37,133,372
39,126,46,30,241
103,49,39,58,249
32,134,49,139,354
127,59,116,87,389
85,106,47,45,283
13,34,30,87,164
127,62,120,110,419
12,139,29,107,287
46,54,32,31,163
16,16,43,90,165
139,50,72,76,337
123,131,51,16,321
50,49,58,80,237
71,111,58,99,339
140,119,123,6,388
129,40,42,118,329
47,122,116,12,297
131,118,85,129,463
20,20,38,21,99
64,117,58,53,292
47,22,98,25,192
59,66,135,119,379
78,62,66,49,255
52,72,51,85,260
139,29,116,139,423
42,133,66,116,357
102,38,43,4,187
74,78,77,8,237
145,9,90,148,392
138,64,72,73,347
95,136,63,89,383
11,44,142,2,199
2,73,110,77,262
121,120,146,111,498
113,78,39,119,349
117,86,57,133,393
88,91,53,37,269
106,34,138,31,309
8,90,106,85,289
22,71,7,32,132
58,106,33,69,266
28,146,34,42,250
91,118,134,13,356
144,12,125,48,329
108,122,55,102,387
87,96,28,28,239
122,126,17,112,377
15,149,92,81,337
62,24,15,114,215
94,147,42,77,360
2,138,7,124,271
126,99,21,7,253
138,10,108,3,259
145,33,147,120,445
2,63,5,38,108
18,146,105,71,340
124,48,30,68,270
68,81,144,141,434
96,87,108,26,317
120,110,75,104,409
68,11,121,13,213
91,113,110,40,354
115,138,20,96,369
58,38,46,85,227
99,28,97,59,283
55,17,71,85,228
25,43,23,39,130
56,111,101,96,364
7,110,108,128,353
76,145,77,68,366
28,80,34,128,270
150,18,11,14,193
96,68,11,96,271
124,104,101,124,453
114,112,149,7,382
57,23,4,29,113
142,114,126,68,450
55,145,92,126,418
64,148,96,39,347
35,17,64,131,247
136,19,79,95,329
8,31,4,21,64
85,139,139,83,446
83,102,18,13,216
146,56,27,59,288
148,31,78,131,388
67,138,115,28,348
59,24,67,35,185
88,1,44,103,236
38,52,40,36,166
53,123,75,37,288
121,130,7,109,367
77,39,123,34,273
53,33,30,76,192
8,106,54,2,170
78,41,108,56,283
93,38,8,26,165
131,106,47,34,318
105,53,39,146,343
121,34,74,135,364
131,69,100,98,398
74,27,48,58,207
18,62,98,15,193
134,23,102,111,370
144,111,26,54,335
6,144,15,36,201
90,81,58,71,300
74,135,21,100,330
65,30,114,86,295
78,47,72,76,273
96,40,149,57,342
9,99,95,33,236
28,2,78,46,154
2,62,10,78,152
113,24,21,26,184
36,87,121,133,377
27,34,100,67,228
81,17,133,32,263
100,148,52,146,446
30,97,131,72,330
149,73,56,22,300
84,119,34,89,326
7,110,127,133,377
96,98,19,25,238
10,98,32,145,285
29,83,142,89,343
59,27,136,129,351
102,126,83,120,431
129,61,102,26,318
34,146,77,18,275
10,73,128,149,360
117,4,66,71,258
134,102,119,150,505
47,98,68,99,312
149,90,48,99,386
130,54,135,143,462
128,5,107,13,253
116,75,115,54,360
129,68,54,36,287
79,146,74,66,365
23,14,150,11,198
122,134,28,150,434
39,20,32,114,205
53,92,3,25,173
112,42,45,44,243
89,104,79,74,346
106,21,139,41,307
70,30,113,37,250
146,76,140,23,385
28,148,15,146,337
143,5,21,34,203
116,18,79,13,226
65,68,21,27,181
114,145,44,128,431
150,59,110,28,347
140,141,34,40,355
69,107,46,4,226
150,93,17,79,339
43,41,1,66,151
21,119,47,65,252
122,139,13,41,315
125,137,22,9,293
44,17,98,73,232
77,136,114,126,453
125,14,1,86,226
150,30,35,72,287
107,45,116,136,404
84,11,36,80,211
144,14,82,90,330
84,97,94,82,357
86,98,21,24,229
19,140,114,74,347
131,33,76,95,335
145,7,11,112,275
138,96,99,118,451
132,50,97,109,388
48,63,65,73,249
133,44,31,44,252
22,48,104,84,258
107,76,68,32,283
5,38,77,93,213
27,14,44,74,159
133,122,9,128,392
79,100,33,131,343
112,66,97,132,407
35,47,118,133,333
136,67,149,95,447
124,80,49,14,267
125,46,4,40,215
99,15,104,45,263
81,33,66,41,221
125,43,118,107,393
141,57,25,8,231
144,104,106,130,484
3,110,124,130,367
16,25,90,148,279
104,115,96,72,387
98,1,52,145,296
14,124,41,78,257
144,63,148,127,482
78,123,57,117,375
59,113,89,70,331
129,95,1,115,340
35,33,71,146,285
144,21,18,120,303
19,81,33,50,183
76,101,66,103,346
30,22,75,67,194
79,69,91,12,251
90,55,123,37,305
112,4,56,36,208
92,46,35,123,296
24,109,66,109,308
64,79,30,4,177
101,81,27,72,281
138,72,56,144,410
12,76,4,70,162
37,65,57,15,174
48,123,9,76,256
11,105,133,113,362
103,136,7,38,284
7,1,43,13,64
73,75,128,104,380
80,31,73,141,325
130,9,57,145,341
31,133,109,114,387
26,119,119,88,352
8,100,102,34,244
84,3,41,27,155
106,85,58,59,308
146,128,49,132,455
79,45,77,111,312
109,96,76,109,390
93,144,25,15,277
126,120,38,133,417
55,3,19,27,104
15,80,37,136,268
100,131,109,1,341
129,47,106,77,359
37,70,143,74,324
104,48,35,59,246
92,39,92,122,345
125,13,4,59,201
120,68,103,86,377
65,23,134,98,320
38,138,34,44,254
77,145,117,137,476
64,116,13,55,248
17,123,146,109,395
136,71,42,102,351
138,12,52,72,274
83,58,122,69,332
104,74,25,134,337
67,49,12,95,223
44,88,67,144,343
13,150,81,67,311
79,81,34,49,243
147,8,93,28,276
55,7,63,28,153
135,25,69,111,340
72,51,3,104,230
78,104,63,145,390
55,145,48,68,316
39,145,149,59,392
37,59,146,26,268
149,99,62,83,393
56,47,38,39,180
130,13,86,120,349
103,60,60,60,283
90,79,137,97,403
143,25,99,20,287
1,150,150,106,407
144,129,133,41,447
38,144,143,47,372
105,150,30,127,412
86,24,36,111,257
9,113,71,82,275
108,66,147,83,404
65,27,120,139,351
9,105,105,105,324
88,104,79,65,336
66,56,77,86,285
82,147,79,104,412
105,86,84,58,333
16,34,42,27,119
142,83,23,89,337
131,75,19,54,279
66,36,133,13,248
150,135,127,9,421
131,141,67,62,401
130,9,142,129,410
105,102,40,108,355
73,24,106,110,313
99,20,111,24,254
104,58,7,132,301
132,110,51,110,403
75,82,107,117,381
104,87,30,92,313
60,69,135,76,340
105,63,25,18,211
113,39,53,43,248
27,52,34,92,205
56,6,63,22,147
30,145,132,54,361
126,108,133,58,425
34,126,10,103,273
94,41,135,135,405
126,16,75,143,360
101,101,77,53,332
78,146,48,81,353
145,10,114,67,336
76,2,143,94,315
85,93,76,141,395
109,87,50,1,247
43,25,36,119,223
65,120,12,57,254
32,8,139,19,198
122,17,34,104,277
34,112,41,35,222
76,136,21,47,280
70,82,107,51,310
31,100,1,134,266
123,74,1,107,305
129,41,137,133,440
44,40,32,7,123
111,135,54,43,343
58,14,66,68,206
86,6,4,13,109
132,45,89,102,368
68,95,53,131,347
83,61,17,25,186
3,21,117,3,144
71,14,58,63,206
77,104,115,59,355
83,106,113,51,353
41,101,17,28,187
95,31,13,17,156
62,21,4,113,200
34,40,20,109,203
131,44,111,128,414
43,36,93,133,305
27,26,42,28,123
79,27,119,63,288
92,134,138,90,454
140,7,77,61,285
145,83,51,24,303
24,1,88,34,147
4,53,139,145,341
43,69,40,129,281
87,119,20,95,321
115,4,78,108,305
120,116,53,42,331
30,128,61,13,232
131,44,6,108,289
116,113,139,49,417
143,68,113,20,344
68,123,113,93,397
120,56,80,133,389
78,58,66,29,231
23,86,67,125,301
145,7,140,61,353
104,94,43,91,332
133,119,77,124,453
43,132,30,133,338
26,78,23,95,222
26,107,19,106,258
5,104,6,108,223
129,87,38,32,286
96,102,50,117,365
132,93,147,31,403
140,50,2,31,223
57,142,11,59,269
14,25,145,53,237
81,114,110,150,455
150,97,79,20,346
9,25,22,86,142
126,58,139,50,373
3,71,17,21,112
131,89,91,62,373
31,95,81,124,331
54,109,39,29,231
9,118,1,94,222
137,40,120,122,419
97,32,61,114,304
36,142,126,20,324
110,54,100,81,345
147,62,28,120,357
69,125,110,59,363
7,50,50,91,198
149,108,107,66,430
123,50,136,139,448
122,124,31,65,342
56,68,15,123,262
109,93,55,140,397
104,110,141,102,457
28,99,25,28,180
53,9,141,77,280
1,51,31,111,194
26,111,139,58,334
86,121,100,39,346
41,121,46,134,342
65,90,65,53,273
63,114,149,67,393
46,44,135,103,328
147,142,150,46,485
28,39,103,148,318
92,85,140,51,368
95,150,110,140,495
23,59,131,19,232
43,84,81,38,246
78,76,47,75,276
86,79,3,28,196
89,34,45,145,313
96,139,1,62,298
70,57,105,4,236
87,21,56,120,284
137,147,3,128,415
7,35,13,121,176
66,35,35,108,244
35,68,112,20,235
126,84,62,40,312
135,82,103,11,331
94,132,90,21,337
77,149,1,144,371
61,95,8,71,235
44,48,18,33,143
27,74,3,5,109
141,39,90,3,273
53,135,26,31,245
60,53,31,95,239
123,54,40,53,270
88,123,8,94,313
147,53,35,93,328
101,115,114,74,404
5,88,77,121,291
131,5,123,113,372
44,75,35,75,229
33,10,87,66,196
74,18,19,94,205
143,41,148,127,459
23,7,8,61,99
10,68,63,97,238
133,138,89,141,501
135,69,122,146,472
116,107,21,116,360
110,124,52,27,313
90,58,128,51,327
96,132,105,137,470
30,25,18,33,106
102,32,122,118,374
117,127,95,57,396
105,16,135,60,316
68,139,123,147,477
29,80,77,137,323
99,10,15,39,163
77,74,1,40,192
72,32,3,34,141
147,18,54,90,309
1,101,11,85,198
128,121,70,65,384
106,147,31,2,286
120,120,89,91,420
131,15,149,24,319
48,149,25,103,325
113,80,144,105,442
38,10,125,65,238
47,16,11,114,188
19,62,6,65,152
129,20,18,148,315
85,63,11,120,279
76,104,33,79,292
2,15,63,131,211
90,67,61,69,287
58,24,136,62,280
28,5,68,72,173
103,121,65,110,399
132,93,122,82,429
72,44,47,103,266
125,101,106,103,435
119,92,147,102,460
96,12,40,90,238
105,51,134,83,373
86,141,91,22,340
47,86,105,88,326
43,43,67,68,221
96,120,117,106,439
110,30,107,71,318
76,79,31,90,276
120,4,147,121,392
102,143,119,48,412
62,99,108,47,316
8,135,2,101,246
19,11,22,88,140
50,31,122,55,258
72,144,72,127,415
82,118,26,8,234
15,4,48,118,185
136,43,33,41,253
105,114,65,119,403
76,31,140,28,275
51,66,29,16,162
75,45,107,59,286
43,7,87,87,224
136,43,3,77,259
133,149,32,95,409
106,62,71,50,289
52,85,25,9,171
54,103,6,8,171
18,42,38,1,99
147,71,58,49,325
33,132,126,91,382
30,20,4,16,70
16,68,23,50,157
21,144,127,55,347
31,90,37,81,239
36,94,83,120,333
51,9,123,4,187
17,18,70,121,226
36,37,68,45,186
137,2,50,51,240
106,33,27,83,249
63,24,25,117,229
31,45,59,42,177
27,74,82,84,267
50,11,70,81,212
131,45,130,119,425
30,146,124,24,324
31,33,29,35,128
144,15,82,40,281
130,35,93,36,294
13,142,89,112,356
144,102,56,121,423
83,28,9,37,157
50,82,118,38,288
19,69,143,20,251
24,23,53,28,128
87,93,129,55,364
149,63,147,143,502
145,32,127,31,335
119,117,96,138,470
75,135,99,135,444
7,51,61,93,212
33,16,75,62,186
78,54,100,69,301
2,103,72,48,225
49,50,112,14,225
109,117,75,124,425
4,70,6,20,100
91,22,55,114,282
40,14,17,79,150
11,29,70,38,148
11,101,37,43,192
82,51,43,43,219
131,136,134,52,453
112,77,87,65,341
138,58,42,43,281
134,78,26,102,340
79,54,57,105,295
138,141,137,64,480
96,101,108,125,430
45,66,65,24,200
2,138,43,49,232
47,83,40,63,233
150,100,104,31,385
28,142,41,131,342
107,10,38,26,181
140,11,109,94,354
27,6,34,114,181
52,62,5,97,216
20,9,100,97,226
123,75,76,119,393
39,82,126,14,261
33,53,31,46,163
12,42,23,106,183
104,124,59,80,367
87,127,45,125,384
1,149,115,150,415
42,96,56,1,195
43,5,132,48,228
83,110,123,43,359
114,149,2,115,380
24,54,94,37,209
21,49,9,50,129
132,2,90,65,289
12,28,30,43,113
62,14,93,86,255
51,147,97,74,369
6,125,127,77,335
130,32,117,122,401
63,84,43,57,247
92,3,103,138,336
61,103,80,66,310
71,33,31,67,202
127,95,109,42,373
49,125,90,83,347
20,118,40,86,264
71,65,89,118,343
139,52,109,134,434
120,30,117,90,357
22,147,71,9,249
149,93,62,61,365
128,12,5,142,287
8,36,115,51,210
12,100,6,48,166
84,99,146,14,343
119,36,35,63,253
100,12,30,134,276
4,56,48,45,153
53,28,13,86,180
59,89,16,43,207
31,31,126,105,293
48,71,37,41,197
75,6,64,48,193
18,137,85,86,326
101,89,37,109,336
41,112,97,29,279
7,53,76,24,160
120,28,64,56,268
78,131,99,117,425
88,102,57,18,265
1,121,64,12,198
56,135,36,35,262
51,110,63,22,246
5,40,121,68,234
12,105,122,100,339
134,109,54,67,364
111,127,72,48,358
83,89,67,119,358
21,18,132,62,233
134,128,14,59,335
129,37,90,11,267
67,17,110,106,300
18,105,100,54,277
138,138,52,29,357
97,125,131,28,381
79,85,14,27,205
59,102,5,118,284
106,136,150,104,496
103,87,140,56,386
101,91,53,2,247
135,84,16,55,290
107,88,139,145,479
65,139,56,35,295
82,86,109,96,373
66,89,31,35,221
115,5,85,85,290
40,4,135,60,239
131,130,121,125,507
145,112,8,54,319
10,53,64,62,189
51,69,40,35,195
67,109,12,102,290
150,145,127,25,447
106,9,43,102,260
68,8,54,93,223
103,97,148,96,444
31,145,125,57,358
146,36,49,91,322
47,44,104,131,326
55,62,1,79,197
56,96,6,60,218
35,129,44,123,331
136,9,133,9,287
101,16,120,124,361
116,12,125,32,285
54,34,79,96,263
122,117,146,33,418
63,118,87,19,287
125,75,2,46,248
70,16,59,120,265
136,13,9,46,204
122,61,9,90,282
109,99,138,2,348
93,128,52,85,358
97,126,67,126,416
111,121,3,106,341
53,47,109,147,356
15,38,66,91,210
84,101,71,80,336
144,46,23,1,214
136,26,35,23,220
49,65,116,21,251
143,29,40,149,361
91,51,149,131,422
56,27,3,109,195
51,32,83,116,282
77,32,150,60,319
100,113,133,96,442
102,20,96,72,290
30,37,33,134,234
39,118,35,94,286
91,79,54,66,290
127,23,84,10,244
112,126,145,45,428
14,119,120,82,335
5,55,81,41,182
42,67,143,114,366
125,110,20,24,279
87,36,110,71,304
123,70,137,87,417
23,121,25,56,225
33,83,125,45,286
134,106,101,59,400
141,10,9,41,201
97,115,47,147,406
84,122,33,69,308
69,71,114,82,336
59,110,137,57,363
122,150,149,58,479
148,73,121,86,428
68,103,22,144,337
55,60,117,115,347
37,76,63,105,281
144,41,47,29,261
15,117,31,76,239
143,137,15,4,299
22,85,60,21,188
115,82,150,112,459
66,48,82,108,304
16,71,128,54,269
124,87,22,117,350
8,8,104,43,163
96,142,109,63,410
54,76,137,13,280
49,13,105,122,289
112,135,69,96,412
145,131,1,39,316
125,92,89,33,339
96,125,19,7,247
55,56,57,129,297
146,145,112,64,467
122,47,18,14,201
74,45,24,8,151
65,30,139,100,334
118,48,34,65,265
144,90,98,69,401
93,100,100,51,344
21,45,18,3,87
138,146,108,128,520
123,44,106,16,289
8,88,58,19,173
142,17,5,114,278
66,72,149,114,401
74,147,150,124,495
118,52,58,122,350
66,47,114,74,301
58,7,124,3,192
121,15,109,130,375
5,21,49,117,192
13,73,91,150,327
52,25,32,119,228
145,73,88,12,318
140,4,141,42,327
24,1,92,29,146
145,98,53,5,301
36,33,11,129,209
63,56,121,25,265
1,17,23,122,163
33,85,50,4,172
88,134,109,54,385
42,41,92,126,301
19,2,99,19,139
130,5,11,77,223
12,11,69,74,166
144,91,68,131,434
74,102,15,16,207
6,104,83,111,304
15,51,150,128,344
28,22,16,117,183
77,36,43,118,274
130,67,48,94,339
123,107,143,82,455
46,77,109,124,356
26,16,101,30,173
130,103,9,127,369
19,93,123,79,314
20,107,105,126,358
109,82,35,23,249
148,3,61,42,254
11,85,136,1,233
138,84,29,72,323
143,146,69,53,411
79,55,5,92,231
13,79,60,123,275
50,149,17,136,352
93,54,101,82,330
27,62,46,142,277
124,83,149,134,490
55,83,80,119,337
105,64,87,89,345
148,34,4,97,283
88,43,149,75,355
80,14,69,16,179
92,95,72,50,309
149,27,77,109,362
14,105,136,111,366
19,1,145,32,197
134,147,130,47,458
94,64,22,77,257
1,105,22,137,265
38,85,36,132,291
40,134,3,127,304
85,1,71,143,300
37,75,27,66,205
74,94,68,37,273
87,11,126,93,317
18,116,92,48,274
66,15,117,97,295
95,3,135,34,267
26,92,30,60,208
13,36,92,24,165
122,19,120,76,337
84,74,113,16,287
86,66,25,97,274
97,144,114,137,492
145,57,74,94,370
17,4,63,104,188
143,9,49,60,261
140,106,132,4,382
39,18,90,25,172
103,38,82,40,263
84,118,132,86,420
75,148,98,80,401
61,138,94,13,306
17,28,83,146,274
74,8,105,62,249
29,22,27,69,147
87,50,27,117,281
134,96,35,147,412
23,138,100,57,318
1,32,30,108,171
40,125,78,21,264
9,80,55,74,218
108,109,61,149,427
21,84,70,61,236
19,10,12,63,104
133,17,107,45,302
124,82,110,115,431
109,121,16,33,279
24,10,145,42,221
7,58,71,144,280
20,77,43,100,240
61,72,50,54,237
79,118,68,13,278
141,23,25,148,337
12,26,52,95,185
8,85,139,85,317
43,11,100,26,180
130,88,80,72,370
50,104,78,136,368
35,134,116,44,329
116,53,95,105,369
38,115,62,58,273
52,126,89,52,319
55,63,3,43,164
113,63,1,120,297
90,103,126,71,390
94,31,23,5,153
56,22,136,92,306
142,74,78,97,391
104,9,79,34,226
26,140,134,27,327
41,103,21,85,250
86,148,31,145,410
66,72,91,117,346
49,12,110,96,267
43,32,5,120,200
61,127,51,53,292
136,2,27,148,313
147,9,113,96,365
17,102,89,95,303
129,23,48,69,269
131,46,79,133,389
128,149,54,18,349
68,49,24,39,180
116,142,30,98,386
9,1,77,15,102
90,114,116,90,410
73,24,114,128,339
101,116,54,77,348
101,96,139,61,397
85,93,55,23,256
95,48,90,129,362
7,107,9,113,236
147,92,74,96,409
38,88,141,5,272
33,116,148,121,418
150,136,85,126,497
32,72,62,29,195
86,148,1,63,298
50,24,43,16,133
80,148,56,97,381
53,129,44,134,360
70,79,123,87,359
111,100,11,86,308
119,18,95,110,342
32,59,121,86,298
25,66,15,96,202
96,56,144,127,423
53,100,109,9,271
30,93,104,145,372
150,35,68,67,320
144,78,45,45,312
144,106,47,76,373
52,77,107,44,280
70,14,34,24,142
61,67,51,129,308
46,12,78,35,171
37,140,2,67,246
40,63,89,18,210
96,36,13,46,191
83,14,7,43,147
60,129,99,54,342
50,76,128,80,334
129,146,147,24,446
146,104,4,35,289
116,101,94,74,385
5,60,78,67,210
22,92,50,139,303
115,58,58,15,246
110,72,97,72,351
99,27,19,74,219
62,107,107,113,389
138,130,133,72,473
99,95,7,141,342
96,21,113,61,291
135,102,100,10,347
81,36,28,108,253
141,99,90,120,450
6,61,43,52,162
82,114,117,132,445
97,43,50,77,267
85,105,49,101,340
34,11,149,78,272
112,70,106,53,341
150,22,20,80,272
1,92,82,24,199
7,35,105,68,215
23,24,40,124,211
17,27,98,25,167
24,122,42,69,257
137,23,133,132,425
63,10,92,118,283
86,15,123,34,258
44,43,78,23,188
73,23,75,102,273
6,44,139,74,263
133,130,48,39,350
2,40,84,47,173
138,84,15,139,376
92,133,18,101,344
128,119,108,122,477
129,111,38,148,426
123,142,54,119,438
110,15,68,26,219
30,17,75,2,124
34,91,114,57,296
23,90,96,103,312
2,122,131,136,391
47,120,50,118,335
5,101,140,21,267
15,139,41,133,328
119,127,49,16,311
81,86,46,92,305
5,137,43,94,279
7,114,126,116,363
95,48,61,144,348
70,40,74,145,329
131,31,150,11,323
51,25,148,42,266
97,22,141,148,408
84,146,65,44,339
108,120,73,58,359
131,45,142,119,437
69,138,139,117,463
140,143,100,56,439
142,129,146,52,469
43,16,129,79,267
1,89,5,31,126
6,118,132,125,381
78,134,116,91,419
21,139,36,137,333
145,1,79,34,259
79,51,88,62,280
101,29,137,6,273
83,92,99,34,308
77,45,33,12,167
43,77,140,131,391
27,106,127,93,353
65,67,115,72,319
115,120,6,50,291
89,58,59,148,354
94,10,27,59,190
126,79,88,120,413
134,112,130,60,436
83,117,74,54,328
144,139,107,89,479
65,108,56,134,363
96,112,150,101,459
117,56,65,136,374
39,49,67,48,203
128,89,70,122,409
25,93,40,4,162
7,148,25,8,188
97,40,70,71,278
44,94,16,125,279
93,28,140,62,323
7,46,128,20,201
8,81,97,57,243
37,18,1,50,106
149,14,148,60,371
122,19,49,140,330
9,114,132,38,293
78,108,39,85,310
133,12,115,146,406
34,76,88,106,304
64,48,138,49,299
118,11,2,23,154
95,17,93,93,298
35,135,76,31,277
71,31,129,39,270
13,70,133,49,265
127,68,61,95,351
89,112,9,141,351
42,137,82,112,373
117,51,15,62,245
71,29,51,142,293
140,92,129,74,435
142,77,55,118,392
127,139,89,148,503
132,20,31,118,301
30,85,138,41,294
106,120,49,51,326
32,22,47,15,116
126,43,92,1,262
122,81,145,148,496
102,103,104,80,389
99,37,24,22,182
40,98,42,57,237
149,76,48,8,281
60,115,44,90,309
33,125,21,139,318
7,34,59,55,155
79,45,108,49,281
115,99,96,50,360
59,64,91,58,272
90,25,20,119,254
15,92,129,35,271
20,29,57,47,153
135,135,45,90,405
2,96,121,2,221
13,45,99,97,254
53,33,53,103,242
64,95,29,36,224
128,59,32,16,235
83,71,105,8,267
108,122,150,53,433
19,47,127,150,343
19,53,51,149,272
124,43,42,74,283
52,35,55,66,208
43,91,106,92,332
53,11,119,42,225
93,67,77,79,316
124,102,109,127,462
86,75,29,44,234
124,150,38,56,368
48,69,69,103,289
37,133,34,87,291
97,143,47,6,293
74,117,19,86,296
133,137,88,107,465
146,86,66,50,348
2,96,120,62,280
142,85,85,5,317
53,26,54,107,240
95,114,76,110,395
76,4,103,52,235
53,71,112,11,247
105,108,17,84,314
71,17,121,131,340
78,11,77,27,193
128,109,80,99,416
3,123,92,115,333
48,3,117,50,218
119,43,61,108,331
102,118,58,53,331
57,66,82,126,331
1,145,74,32,252
64,20,126,126,336
139,95,30,89,353
65,65,69,29,228
57,43,122,121,343
44,24,8,102,178
61,35,38,72,206
6,59,5,76,146
9,4,134,42,189
68,67,41,75,251
66,22,150,89,327
17,146,108,4,275
132,91,15,99,337
12,54,64,104,234
64,96,22,62,244
85,107,59,3,254
5,148,11,81,245
47,96,111,35,289
29,118,119,52,318
40,6,71,132,249
33,53,117,11,214
79,5,93,114,291
15,69,141,110,335
56,52,28,32,168
80,102,140,11,333
118,15,33,96,262
83,110,6,102,301
31,109,15,38,193
23,95,50,138,306
81,84,130,3,298
144,145,95,51,435
85,105,123,84,397
132,40,47,26,245
22,107,4,24,157
102,8,72,132,314
103,149,41,82,375
94,52,115,92,353
90,119,134,58,401
27,149,25,138,339
89,90,58,29,266
38,34,45,67,184
63,11,29,56,159
16,41,143,129,329
25,39,55,28,147
37,140,117,2,296
15,143,49,75,282
55,79,74,108,316
123,91,70,44,328
116,111,56,82,365
75,102,93,18,288
95,65,137,106,403
121,48,30,33,232
140,67,118,77,402
79,49,34,35,197
46,52,31,139,268
150,86,38,79,353
124,15,92,119,350
12,110,113,87,322
67,38,29,17,151
135,68,30,23,256
68,4,103,130,305
21,37,9,148,215
57,77,132,140,406
117,3,105,55,280
112,32,53,122,319
141,7,148,100,396
114,102,76,150,442
141,31,90,107,369
60,99,89,58,306
31,51,54,56,192
92,14,39,22,167
94,11,79,38,222
31,60,18,60,169
41,105,53,4,203
79,71,81,120,351
40,7,88,20,155
48,46,70,109,273
132,3,73,24,232
44,60,100,127,331
142,53,83,124,402
41,64,85,41,231
50,143,107,144,444
118,72,92,2,284
93,141,89,17,340
102,11,3,26,142
118,86,13,141,358
6,5,62,56,129
101,93,89,110,393
148,66,91,129,434
81,76,133,88,378
60,143,69,94,366
139,82,149,21,391
110,48,110,71,339
70,96,36,57,259
71,12,122,106,311
111,148,12,96,367
22,70,26,30,148
29,62,141,114,346
17,87,40,91,235
62,90,138,141,431
110,137,133,2,382
37,105,69,66,277
70,51,65,36,222
59,132,35,108,334
110,16,81,71,278
73,30,132,30,265
87,74,30,36,227
20,53,84,75,232
14,142,92,2,250
122,43,7,92,264
36,38,115,57,246
8,146,20,65,239
64,1,14,88,167
61,121,124,34,340
92,54,142,61,349
58,109,40,76,283
114,21,129,64,328
61,70,12,53,196
60,1,136,106,303
127,11,82,109,329
116,9,100,96,321
53,51,143,139,386
19,105,38,149,311
52,38,35,109,234
18,41,116,148,323
104,60,8,81,253
62,120,115,141,438
41,77,123,34,275
9,22,92,36,159
114,121,67,35,337
130,8,115,78,331
133,37,92,42,304
5,57,139,129,330
83,71,13,6,173
35,106,120,82,343
75,79,51,57,262
150,44,24,103,321
79,9,126,92,306
41,50,84,28,203
86,111,10,42,249
33,144,62,140,379
92,104,78,17,291
14,125,131,92,362
40,52,83,1,176
40,52,45,99,236
53,71,2,30,156
82,132,28,31,273
43,52,43,10,148
136,75,61,84,356
104,86,63,15,268
36,110,78,71,295
108,63,61,36,268
95,91,135,48,369
103,145,97,127,472
33,26,139,44,242
48,136,133,139,456
126,99,60,111,396
86,18,97,59,260
96,7,45,98,246
47,95,57,105,304
73,70,47,45,235
119,104,20,149,392
40,85,18,104,247
99,34,36,120,289
42,49,86,47,224
11,52,65,17,145
58,108,129,55,350
87,115,63,148,413
100,15,141,127,383
131,106,5,40,282
77,73,27,52,229
108,8,21,117,254
96,10,135,31,272
73,76,7,47,203
15,1,129,4,149
146,90,28,147,411
45,52,100,132,329
61,63,43,10,177
81,122,143,133,479
130,71,36,140,377
19,41,7,75,142
32,14,45,147,238
32,29,6,47,114
143,110,109,43,405
40,101,137,6,284
122,45,49,64,280
22,33,147,21,223
64,100,128,48,340
60,139,64,67,330
99,130,7,87,323
114,55,17,90,276
42,108,101,135,386
77,92,109,121,399
24,103,74,24,225
50,110,125,30,315
53,44,10,114,221
14,143,49,112,318
63,118,85,141,407
82,142,99,111,434
85,44,134,141,404
26,33,45,12,116
39,53,144,140,376
2,35,1,84,122
140,88,50,140,418
95,109,94,69,367
147,149,118,73,487
3,75,43,150,271
150,132,86,137,505
45,14,112,38,209
22,41,107,105,275
140,102,112,77,431
11,87,70,124,292
84,3,68,32,187
89,113,75,13,290
45,93,101,23,262
89,109,6,47,251
86,113,46,80,325
50,137,145,137,469
47,28,81,139,295
64,103,107,32,306
108,58,116,116,398
43,13,54,53,163
67,13,26,29,135
126,103,87,65,381
142,48,98,89,377
65,81,1,5,152
71,84,129,102,386
70,84,35,21,210
6,45,49,108,208
124,22,54,44,244
47,108,82,150,387
42,131,3,62,238
132,140,101,52,425
117,55,46,142,360
114,38,135,45,332
82,4,116,56,258
27,139,43,41,250
56,137,92,124,409
49,150,148,91,438
11,120,81,137,349
36,77,100,49,262
138,115,89,150,492
95,42,2,22,161
87,62,87,12,248
139,89,68,120,416
111,64,130,134,439
49,56,118,66,289
136,91,145,36,408
147,108,32,38,325
4,125,69,131,329
133,101,12,4,250
83,83,128,104,398
83,3,63,1,150
8,89,65,147,309
10,106,130,3,249
33,97,111,49,290
130,95,65,136,426
73,41,128,98,340
27,98,14,70,209
22,74,42,84,222
12,5,11,132,160
104,120,120,115,459
39,53,89,87,268
48,113,120,123,404
4,40,49,150,243
144,141,103,86,474
30,67,26,120,243
129,73,89,113,404
144,51,5,23,223
2,140,10,33,185
9,45,133,27,214
113,71,85,6,275
149,131,82,81,443
82,72,89,10,253
119,71,10,99,299
136,6,103,17,262
150,33,108,140,431
80,120,127,15,342
27,112,118,26,283
105,18,1,129,253
18,63,38,30,149
108,44,104,94,350
32,46,68,76,222
130,89,12,93,324
5,148,7,108,268
141,68,129,117,455
128,8,120,126,382
116,25,51,78,270
7,45,10,53,115
24,149,146,26,345
150,39,27,137,353
120,13,27,137,297
1,88,129,34,252
109,102,51,144,406
39,144,131,18,332
147,75,72,79,373
23,47,122,147,339
1,137,99,35,272
68,14,118,122,322
57,147,89,99,392
50,14,101,7,172
31,86,126,10,253
15,117,57,14,203
114,8,3,31,156
80,6,82,54,222
100,50,132,137,419
76,83,44,49,252
21,145,90,27,283
49,150,24,143,366
56,21,99,66,242
94,122,2,15,233
92,69,133,146,440
134,10,75,90,309
135,117,84,69,405
144,21,150,66,381
85,99,122,80,386
111,96,114,94,415
131,128,33,143,435
23,15,116,96,250
13,28,1,117,159
37,35,85,124,281
53,97,148,63,361
135,89,143,61,428
136,32,88,147,403
100,142,118,55,415
87,6,44,93,230
90,72,70,49,281
74,128,148,72,422
21,103,106,29,259
62,144,110,117,433
15,98,109,18,240
38,122,26,31,217
82,104,68,22,276
57,149,121,22,349
102,19,70,42,233
113,90,25,110,338
54,41,109,105,309
133,79,96,145,453
141,88,57,6,292
69,100,49,121,339
122,18,50,71,261
37,53,22,55,167
75,5,54,17,151
33,62,118,24,237
126,133,135,108,502
120,53,136,13,322
98,40,56,32,226
91,131,34,94,350
74,94,106,80,354
69,36,58,72,235
73,8,124,92,297
21,110,90,84,305
47,138,81,119,385
136,89,143,12,380
68,124,8,75,275
70,81,83,17,251
109,108,83,103,403
108,139,28,100,375
127,72,14,61,274
14,121,46,103,284
92,72,104,127,395
127,1,98,76,302
37,19,2,8,66
72,48,37,146,303
136,56,114,42,348
8,99,96,60,263
33,55,40,34,162
120,115,37,22,294
40,59,134,121,354
19,129,19,66,233
20,144,72,119,355
63,56,146,41,306
35,46,19,73,173
103,66,108,69,346
110,147,114,150,521
62,90,87,124,363
116,32,119,100,367
37,39,72,57,205
86,82,84,51,303
14,16,34,123,187
70,96,44,28,238
12,124,59,43,238
92,108,124,62,386
49,31,114,94,288
30,18,118,87,253
56,137,117,1,311
119,103,110,62,394
109,129,23,40,301
28,7,22,40,97
116,52,22,53,243
45,36,143,117,341
134,39,59,54,286
35,109,11,112,267
8,3,21,34,66
132,68,88,45,333
92,89,106,135,422
50,33,112,133,328
73,94,36,128,331
106,32,123,86,347
23,73,78,10,184
141,57,136,109,443
125,132,128,7,392
127,37,52,49,265
105,110,48,131,394
45,41,52,102,240
42,21,40,93,196
102,89,86,135,412
13,120,53,34,220
76,136,138,48,398
100,111,109,78,398
72,25,45,5,147
116,139,104,91,450
85,85,26,115,311
80,71,65,3,219
129,147,131,26,433
47,141,103,142,433
121,138,7,111,377
136,29,107,114,386
82,48,147,59,336
144,12,13,33,202
71,105,13,66,255
58,86,52,28,224
55,142,37,49,283
99,123,85,86,393
39,77,23,25,164
72,129,8,90,299
105,48,116,95,364
90,123,100,62,375
13,103,112,7,235
131,98,53,11,293
32,86,28,62,208
35,73,143,129,380
52,40,63,46,201
107,32,108,19,266
6,88,115,78,287
41,2,36,53,132
43,39,51,40,173
66,40,5,4,115
113,91,26,55,285
102,9,68,128,307
99,2,80,37,218
94,130,29,77,330
21,44,15,67,147
10,139,72,49,270
109,24,12,129,274
36,118,118,132,404
54,116,36,104,310
144,88,51,115,398
146,60,133,150,489
71,24,94,104,293
39,144,14,10,207
15,86,35,128,264
147,66,126,22,361
142,86,85,103,416
53,102,46,31,232
143,34,72,37,286
70,21,34,66,191
130,58,107,7,302
52,125,47,131,355
30,67,52,40,189
19,76,59,30,184
33,107,124,125,389
104,88,141,132,465
144,126,19,82,371
117,19,103,79,318
91,85,74,96,346
65,84,53,76,278
90,91,21,91,293
69,73,116,24,282
10,43,40,35,128
121,42,69,40,272
28,23,111,51,213
140,105,102,42,389
115,15,104,108,342
99,135,52,37,323
57,108,47,147,359
104,108,149,125,486
116,93,127,114,450
33,60,25,30,148
132,134,88,97,451
69,41,44,30,184
15,90,106,126,337
139,94,123,47,403
90,92,145,58,385
117,48,95,46,306
20,107,3,11,141
105,97,31,105,338
53,49,69,83,254
46,28,59,4,137
98,48,95,28,269
7,78,72,49,206
113,41,132,8,294
23,53,69,32,177
97,21,99,12,229
18,114,11,95,238
64,69,74,95,302
128,24,115,52,319
138,39,67,3,247
65,132,122,86,405
1,100,103,108,312
16,44,71,126,257
101,137,26,55,319
15,64,110,63,252
5,135,141,43,324
95,129,43,149,416
106,66,104,6,282
101,149,115,103,468
109,91,87,72,359
22,78,108,84,292
149,6,46,67,268
67,71,142,5,285
39,99,77,126,341
82,102,42,63,289
32,92,72,40,236
39,92,58,140,329
68,121,40,46,275
79,147,31,148,405
13,86,115,16,230
78,53,89,4,224
52,64,58,129,303
133,45,118,66,362
81,129,83,73,366
27,48,94,67,236
21,44,58,127,250
44,109,58,23,234
133,76,140,91,440
109,48,83,145,385
16,93,86,65,260
46,57,118,107,328
85,57,38,32,212
130,85,137,72,424
41,28,40,48,157
18,129,145,18,310
87,111,120,141,459
141,35,131,26,333
127,31,16,53,227
67,141,4,55,267
75,103,95,5,278
133,111,150,21,415
69,108,55,111,343
136,32,85,37,290
2,87,63,72,224
20,51,30,72,173
33,138,139,144,454
12,55,91,54,212
129,100,142,117,488
13,42,29,129,213
31,146,98,113,388
52,6,58,43,159
100,74,34,49,257
33,5,51,138,227
57,106,48,83,294
28,122,80,143,373
60,18,100,128,306
150,145,25,48,368
44,54,42,111,251
134,98,125,145,502
35,126,67,150,378
8,10,47,119,184
73,144,109,76,402
103,31,33,16,183
127,120,140,101,488
126,96,104,118,444
91,51,34,42,218
18,43,148,41,250
142,146,58,105,451
9,31,60,31,131
58,8,55,124,245
87,134,65,71,357
125,35,115,73,348
40,150,77,129,396
78,144,115,131,468
113,87,74,52,326
133,104,73,126,436
73,97,106,110,386
65,99,62,100,326
11,61,123,68,263
10,127,68,127,332
133,5,20,122,280
98,44,42,51,235
17,55,119,147,338
129,40,46,108,323
113,140,104,125,482
68,106,99,99,372
27,113,80,69,289
34,140,141,102,417
5,43,51,75,174
72,139,83,5,299
59,48,48,37,192
19,109,135,23,286
64,62,96,115,337
48,69,129,35,281
94,23,125,129,371
72,111,8,11,202
44,13,63,108,228
39,89,2,123,253
17,131,30,69,247
47,93,150,59,349
70,29,77,20,196
119,15,39,107,280
53,33,64,71,221
128,45,53,17,243
15,61,3,113,192
150,125,12,66,353
102,141,6,119,368
48,45,125,76,294
46,45,43,1,135
143,41,64,15,263
16,68,125,118,327
125,80,49,42,296
23,79,13,5,120
64,47,25,31,167
58,103,87,130,378
22,70,55,47,194
90,93,112,86,381
145,23,7,74,249
124,102,113,89,428
12,62,105,2,181
141,137,68,41,387
64,126,67,139,396
112,24,119,77,332
115,82,93,126,416
98,45,66,46,255
110,76,63,120,369
147,120,125,52,444
96,134,73,141,444
94,53,114,78,339
149,41,63,51,304
12,13,48,128,201
105,78,61,48,292
124,75,131,45,375
23,134,13,142,312
58,86,32,82,258
127,129,20,34,310
149,105,138,60,452
112,88,79,3,282
127,93,79,91,390
148,15,65,145,373
42,109,87,33,271
6,23,80,64,173
108,7,128,59,302
130,88,64,58,340
104,36,51,141,332
120,44,146,37,347
125,8,17,79,229
4,29,34,41,108
39,136,138,24,337
58,70,23,24,175
42,109,49,42,242
77,20,11,80,188
45,5,84,24,158
118,29,114,121,382
138,62,17,121,338
45,52,74,139,310
143,22,73,69,307
94,27,67,119,307
46,8,117,131,302
137,131,115,132,515
20,86,146,75,327
26,8,53,141,228
34,66,1,23,124
58,39,26,15,138
136,128,28,135,427
42,20,37,104,203
76,70,12,91,249
78,33,30,68,209
138,18,76,15,247
119,100,72,119,410
150,47,110,39,346
6,5,91,133,235
57,64,48,4,173
84,34,63,76,257
10,31,100,82,223
127,84,123,57,391
89,95,97,79,360
23,93,9,101,226
150,126,10,96,382
75,50,146,1,272
115,134,140,131,520
54,86,66,110,316
3,58,100,50,211
108,59,31,117,315
134,45,58,102,339
86,85,37,10,218
16,140,116,114,386
70,48,1,78,197
68,147,74,70,359
56,67,10,43,176
120,92,38,146,396
90,101,85,65,341
120,144,146,107,517
8,45,69,73,195
83,67,96,42,288
58,142,111,24,335
67,100,64,17,248
125,90,20,81,316
97,132,8,135,372
96,45,128,101,370
32,139,9,126,306
19,143,89,90,341
17,101,145,99,362
145,1,144,14,304
134,128,124,52,438
21,97,2,94,214
127,59,106,131,423
145,90,48,133,416
78,18,109,135,340
141,141,36,106,424
129,1,138,111,379
36,119,97,115,367
138,14,136,105,393
2,17,4,18,41
3,74,121,85,283
37,39,146,147,369
61,58,100,34,253
149,5,19,64,237
95,133,141,133,502
28,150,133,40,351
38,134,99,13,284
46,70,65,118,299
139,113,92,39,383
117,145,96,12,370
23,93,33,132,281
7,35,2,130,174
7,42,132,89,270
23,48,112,119,302
55,89,92,105,341
69,38,141,29,277
13,123,49,58,243
42,111,110,9,272
55,83,84,107,329
138,35,45,18,236
142,136,26,17,321
15,74,25,125,239
4,77,44,145,270
40,71,19,31,161
63,58,122,10,253
149,143,44,33,369
118,61,84,61,324
7,68,114,80,269
14,75,141,67,297
76,69,8,119,272
147,18,45,53,263
55,38,70,88,251
12,114,143,15,284
125,132,23,21,301
109,57,16,7,189
120,80,92,33,325
111,37,64,80,292
78,1,97,45,221
24,83,13,26,146
137,107,97,36,377
71,150,90,53,364
76,110,57,143,386
126,5,111,88,330
42,85,89,63,279
70,51,74,39,234
148,88,72,14,322
111,61,149,57,378
148,128,83,81,440
112,71,35,8,226
119,117,45,130,411
41,64,147,113,365
92,77,9,126,304
95,39,144,31,309
108,88,61,10,267
94,14,55,60,223
88,27,149,29,293
127,132,130,13,402
149,127,86,133,495
150,48,60,46,304
48,5,82,92,227
72,114,73,78,337
75,54,20,25,174
25,23,125,48,221
136,107,36,11,290
142,139,118,64,463
150,88,19,33,290
47,34,15,108,204
33,69,59,70,231
88,129,83,133,433
9,70,85,43,207
88,80,34,92,294
44,14,125,20,203
36,74,17,95,222
122,4,62,67,255
93,2,96,122,313
74,125,101,72,372
132,40,54,36,262
54,56,1,120,231
101,140,97,140,478
51,118,141,27,337
105,92,18,143,358
73,61,93,117,344
71,116,20,67,274
71,42,49,109,271
86,85,49,67,287
103,56,111,41,311
116,47,107,2,272
71,36,132,96,335
15,112,71,8,206
103,92,51,21,267
105,100,41,86,332
142,119,122,132,515
136,66,76,99,377
25,142,140,27,334
138,118,33,11,300
39,107,61,99,306
99,109,5,134,347
139,122,43,60,364
116,96,20,140,372
51,114,43,102,310
64,30,115,58,267
65,146,4,132,347
140,45,37,99,321
8,90,30,62,190
51,117,89,15,272
28,20,52,86,186
77,38,141,63,319
4,70,57,73,204
75,140,137,29,381
34,100,73,56,263
121,72,5,25,223
22,144,44,119,329
50,115,114,65,344
62,43,82,127,314
141,52,139,21,353
60,107,57,137,361
134,76,55,4,269
39,80,34,60,213
85,135,56,27,303
36,59,61,20,176
29,30,96,69,224
17,141,66,81,305
32,75,87,111,305
96,81,22,44,243
58,146,144,101,449
40,52,120,56,268
122,26,49,143,340
93,117,99,129,438
86,24,49,85,244
18,120,18,81,237
39,103,34,97,273
118,93,148,137,496
54,33,59,79,225
31,15,128,119,293
99,103,25,11,238
138,36,20,10,204
116,100,69,39,324
5,110,142,32,289
59,119,55,136,369
43,11,29,96,179
46,67,97,78,288
122,19,124,73,338
82,132,39,68,321
98,98,56,65,317
78,142,117,30,367
16,148,141,26,331
30,107,150,86,373
85,150,26,48,309
66,141,121,137,465
109,114,83,93,399
119,77,69,22,287
125,100,15,137,377
20,136,70,84,310
34,143,84,50,311
92,58,37,25,212
32,109,101,132,374
35,130,70,94,329
48,112,114,111,385
115,82,26,149,372
7,52,147,2,208
15,29,8,24,76
65,16,21,112,214
45,61,46,18,170
99,119,86,141,445
50,15,100,58,223
18,36,139,94,287
144,132,93,13,382
40,86,22,60,208
118,49,123,130,420
31,84,39,34,188
90,133,129,92,444
48,11,53,77,189
63,104,8,101,276
6,11,7,102,126
121,55,23,69,268
83,49,138,57,327
119,120,90,100,429
140,30,108,99,377
10,49,110,144,313
147,51,102,123,423
103,120,132,65,420
50,24,58,34,166
9,8,132,125,274
63,58,65,29,215
48,102,59,137,346
43,86,129,98,356
27,4,142,144,317
109,46,34,6,195
42,115,125,146,428
53,22,26,16,117
133,81,92,7,313
80,8,101,131,320
91,58,31,17,197
127,48,140,79,394
70,49,133,41,293
19,79,6,128,232
11,126,149,80,366
135,139,101,80,455
134,40,58,87,319
86,36,131,98,351
76,145,68,50,339
32,23,43,68,166
37,32,4,41,114
49,79,108,26,262
13,24,76,107,220
148,106,99,22,375
85,115,4,76,280
100,15,36,148,299
91,62,104,53,310
83,128,115,36,362
80,27,103,18,228
103,41,107,75,326
98,108,132,32,370
119,23,139,142,423
106,53,40,23,222
84,148,121,38,391
40,94,111,78,323
23,35,72,82,212
92,54,89,104,339
57,3,32,79,171
35,103,23,30,191
10,23,111,145,289
98,31,66,48,243
31,96,109,57,293
122,131,78,52,383
105,58,1,44,208
34,107,53,84,278
17,131,38,14,200
35,15,90,116,256
71,44,94,67,276
70,69,95,141,375
38,18,113,103,272
3,101,106,70,280
25,98,118,69,310
101,102,69,62,334
49,27,147,123,346
108,3,23,116,250
35,64,32,14,145
93,33,42,146,314
40,149,149,15,353
148,145,9,123,425
23,98,35,119,275
125,10,100,20,255
108,52,145,28,333
53,15,24,7,99
116,33,66,57,272
62,120,21,104,307
48,107,18,22,195
64,90,3,134,291
26,126,116,73,341
76,141,2,58,277
150,36,143,111,440
113,1,103,68,285
39,138,98,32,307
22,121,124,86,353
13,73,36,8,130
7,32,93,40,172
16,22,127,37,202
60,50,92,116,318
91,136,20,136,383
131,138,75,122,466
34,4,75,36,149
4,132,88,71,295
120,140,25,97,382
43,145,61,38,287
60,92,140,50,342
126,62,71,20,279
147,63,5,47,262
44,34,74,39,191
40,97,27,111,275
9,34,70,6,119
114,8,67,32,221
7,125,116,117,365
135,77,105,31,348
3,129,138,123,393
132,31,78,143,384
88,84,10,68,250
101,138,33,99,371
34,68,60,17,179
148,42,18,74,282
82,116,129,121,448
73,7,119,55,254
19,119,134,112,384
132,11,136,13,292
76,34,55,124,289
29,115,140,19,303
84,142,75,118,419
65,147,129,28,369
79,56,69,26,230
80,106,26,114,326
57,83,96,134,370
44,92,72,82,290
73,98,104,123,398
75,82,4,39,200
60,17,116,78,271
71,149,96,101,417
117,72,144,103,436
150,135,45,121,451
125,132,6,116,379
35,143,31,82,291
140,39,78,27,284
46,11,42,36,135
31,54,12,20,117
43,137,142,95,417
10,2,8,101,121
77,95,38,19,229
127,56,51,50,284
97,35,49,73,254
47,146,19,81,293
54,81,115,10,260
146,67,56,47,316
5,83,82,9,179
85,35,71,19,210
135,54,58,143,390
106,138,53,126,423
99,147,8,12,266
58,97,71,138,364
5,36,119,130,290
33,133,41,72,279
139,98,147,107,491
78,37,121,54,290
97,55,10,118,280
7,130,103,18,258
15,147,118,139,419
107,72,109,47,335
128,56,14,109,307
14,127,58,69,268
123,117,97,59,396
19,27,141,89,276
84,106,102,106,398
67,85,150,16,318
109,83,6,43,241
17,106,76,136,335
78,94,78,112,362
131,57,141,7,336
17,127,38,34,216
109,146,143,117,515
149,13,82,51,295
1,23,96,1,121
95,131,108,49,383
4,55,129,149,337
103,49,51,49,252
137,111,66,98,412
3,61,58,150,272
135,111,141,80,467
42,49,84,84,259
138,103,61,121,423
111,49,74,99,333
77,124,50,132,383
65,61,68,52,246
119,19,27,100,265
26,12,37,86,161
104,125,110,150,489
87,17,63,99,266
128,126,76,66,396
124,120,11,44,299
30,66,4,149,249
141,150,33,130,454
105,141,40,116,402
120,115,21,149,405
30,26,117,145,318
71,38,113,126,348
142,138,24,20,324
60,68,22,85,235
14,45,35,73,167
95,111,7,70,283
78,62,5,5,150
22,51,84,117,274
56,73,129,10,268
127,30,108,96,361
43,109,97,50,299
140,79,9,68,296
45,18,119,61,243
132,5,94,150,381
110,26,52,57,245
1,63,53,34,151
27,73,14,57,171
64,149,66,36,315
124,140,39,130,433
69,128,5,69,271
126,23,20,97,266
116,144,140,87,487
145,43,70,123,381
142,8,87,74,311
142,95,40,70,347
133,53,15,15,216
106,81,24,54,265
67,68,30,51,216
123,143,62,30,358
59,100,24,60,243
31,69,37,143,280
17,127,16,43,203
16,54,126,6,202
126,147,79,38,390
12,137,4,108,261
9,147,50,71,277
95,92,37,2,226
24,148,136,110,418
116,1,81,83,281
1,74,6,62,143
123,37,121,13,294
52,118,54,49,273
28,16,136,118,298
17,100,41,26,184
92,24,35,32,183
102,114,18,65,299
132,26,37,131,326
96,56,28,101,281
10,115,119,104,348
85,95,142,145,467
4,60,44,35,143
61,32,144,150,387
112,104,126,126,468
136,93,145,64,438
33,29,72,71,205
125,16,82,95,318
77,94,97,72,340
37,82,61,148,328
45,54,117,19,235
94,29,38,79,240
101,79,86,117,383
103,66,5,135,309
4,109,99,124,336
30,86,121,92,329
69,68,35,62,234
60,34,149,53,296
14,64,141,31,250
72,83,64,108,327
6,113,101,76,296
142,72,99,72,385
21,150,84,128,383
53,150,14,101,318
97,97,144,24,362
53,140,29,46,268
144,96,147,76,463
112,46,131,1,290
134,147,6,73,360
149,25,96,142,412
89,99,136,119,443
35,114,147,82,378
9,147,98,54,308
51,37,35,126,249
76,73,141,47,337
13,76,98,27,214
104,147,67,134,452
65,65,150,79,359
76,77,123,10,286
118,15,28,116,277
114,124,37,42,317
28,98,83,31,240
18,15,82,29,144
40,61,31,21,153
64,124,67,99,354
51,56,127,62,296
134,102,43,116,395
24,147,74,87,332
27,17,115,5,164
6,32,70,6,114
36,25,5,81,147
82,58,114,120,374
80,64,27,139,310
84,73,87,58,302
116,105,9,128,358
37,79,3,84,203
100,43,100,24,267
137,39,55,115,346
142,63,34,101,340
130,44,103,21,298
90,124,21,74,309
47,100,80,112,339
53,56,23,25,157
8,47,108,103,266
146,144,26,133,449
126,95,13,149,383
67,18,90,3,178
21,2,78,41,142
125,47,65,16,253
67,54,110,103,334
35,38,149,23,245
40,11,142,81,274
9,133,70,106,318
99,46,124,33,302
66,9,75,10,160
38,57,55,114,264
131,31,45,103,310
82,119,20,104,325
103,110,29,42,284
55,132,118,24,329
106,101,23,9,239
43,73,90,55,261
146,34,33,92,305
96,139,147,130,512
7,127,119,118,371
126,55,10,97,288
124,37,50,116,327
22,1,76,83,182
88,31,76,32,227
116,107,76,5,304
55,51,118,20,244
8,93,113,63,277
59,78,52,64,253
124,87,13,145,369
60,41,113,118,332
118,149,130,81,478
21,127,65,32,245
129,118,7,71,325
45,147,132,36,360
57,106,84,27,274
128,21,18,77,244
60,45,120,95,320
97,29,4,106,236
5,118,136,43,302
19,47,108,66,240
108,80,97,130,415
26,33,94,46,199
14,130,118,6,268
92,14,63,88,257
56,112,139,75,382
110,139,59,57,365
99,61,18,19,197
95,61,86,3,245
44,121,69,124,358
126,139,82,35,382
51,24,74,3,152
84,134,55,19,292
74,85,58,98,315
120,40,117,148,425
81,105,46,34,266
114,24,86,72,296
34,15,150,41,240
64,80,138,64,346
135,86,79,13,313
78,59,114,9,260
36,77,54,147,314
141,118,22,54,335
112,129,147,146,534
72,98,116,109,395
6,97,79,45,227
39,21,57,16,133
43,30,75,144,292
130,118,97,6,351
60,108,68,36,272
52,90,42,126,310
118,51,117,9,295
69,14,58,130,271
81,111,103,80,375
48,83,66,49,246
53,13,97,13,176
114,146,47,145,452
115,58,18,56,247
61,129,67,149,406
37,18,142,139,336
69,45,49,122,285
41,110,118,32,301
87,78,87,15,267
150,145,69,149,513
85,149,103,103,440
68,54,39,33,194
27,8,142,139,316
86,138,136,90,450
123,17,13,42,195
2,68,135,48,253
48,34,91,21,194
37,121,38,98,294
102,53,138,44,337
85,114,45,133,377
84,76,129,92,381
130,51,83,32,296
21,87,113,33,254
48,102,93,102,345
50,12,70,55,187
13,98,79,73,263
77,27,118,65,287
33,64,85,80,262
128,53,125,68,374
27,53,51,62,193
23,93,103,122,341
118,117,25,78,338
33,8,147,108,296
107,127,47,149,430
21,114,94,66,295
106,121,110,127,464
100,114,143,22,379
4,43,125,50,222
30,50,142,125,347
38,113,127,31,309
149,84,138,96,467
20,29,103,20,172
134,50,26,49,259
6,62,136,10,214
132,60,73,117,382
78,16,37,129,260
95,98,148,24,365
93,5,82,71,251
130,13,79,26,248
70,1,28,57,156
102,4,142,141,389
119,89,56,119,383
101,28,84,98,311
88,108,18,13,227
98,80,122,16,316
6,69,41,146,262
58,58,136,72,324
148,149,91,127,515
130,47,33,20,230
105,135,72,90,402
112,80,117,36,345
123,39,84,65,311
25,17,19,124,185
125,109,53,63,350
110,70,33,75,288
71,20,28,28,147
95,58,150,118,421
53,112,38,26,229
89,21,92,110,312
3,34,79,67,183
108,40,32,10,190
138,99,12,80,329
38,72,70,106,286
52,17,89,36,194
140,142,100,121,503
136,108,108,99,451
136,136,136,50,458
108,142,87,89,426
40,130,84,118,372
8,3,117,48,176
17,62,93,89,261
88,34,88,92,302
95,134,66,145,440
124,125,141,95,485
84,96,56,18,254
19,19,7,90,135
86,20,43,144,293
109,48,139,128,424
35,92,117,85,329
82,112,19,111,324
109,94,112,20,335
119,44,102,11,276
65,84,43,73,265
113,86,109,4,312
30,79,111,78,298
19,101,34,45,199
128,90,12,103,333
82,121,71,90,364
71,69,127,13,280
80,81,140,59,360
49,136,64,102,351
67,52,83,88,290
125,18,63,27,233
47,130,4,28,209
43,73,135,144,395
95,138,2,59,294
137,60,6,150,353
135,56,145,119,455
5,97,72,123,297
7,34,148,122,311
106,107,46,58,317
43,48,109,127,327
136,90,80,34,340
119,75,35,130,359
80,78,113,66,337
71,76,130,27,304
104,54,121,15,294
150,146,109,140,545
133,34,2,139,308
69,100,37,95,301
6,71,142,61,280
111,127,84,56,378
41,120,20,32,213
117,69,63,6,255
134,2,63,103,302
124,141,85,27,377
39,26,118,45,228
18,27,80,123,248
93,136,82,88,399
100,111,111,133,455
80,22,43,48,193
98,122,15,96,331
127,121,41,45,334
76,30,48,146,300
115,88,69,8,280
18,5,17,21,61
42,72,33,69,216
12,81,75,107,275
131,148,6,47,332
19,44,13,62,138
72,132,110,94,408
145,99,40,97,381
115,122,7,30,274
83,146,26,122,377
59,127,122,101,409
101,139,32,19,291
137,96,56,115,404
114,5,49,55,223
146,14,129,17,306
59,87,150,106,402
70,90,5,80,245
71,91,44,86,292
104,144,6,88,342
30,77,77,136,320
123,131,13,118,385
8,29,56,21,114
69,22,55,82,228
127,69,117,110,423
131,1,16,56,204
44,38,115,143,340
130,53,34,61,278
82,99,102,100,383
9,71,114,23,217
34,36,21,108,199
19,101,137,134,391
42,145,20,51,258
130,2,91,121,344
132,89,97,97,415
55,126,120,46,347
96,45,128,144,413
76,60,77,33,246
51,66,43,142,302
107,55,80,146,388
13,12,102,21,148
141,96,3,54,294
33,146,41,100,320
1,54,30,10,95
136,130,136,86,488
118,138,36,26,318
104,77,69,114,364
38,116,85,55,294
125,76,15,23,239
125,107,80,117,429
96,142,69,34,341
69,106,110,26,311
110,119,100,65,394
6,60,131,92,289
117,59,64,61,301
28,79,105,150,362
124,17,6,84,231
12,99,52,84,247
139,146,88,86,459
79,3,149,12,243
66,1,105,91,263
31,44,73,55,203
19,42,59,70,190
98,77,29,17,221
37,8,137,122,304
5,104,78,55,242
146,81,148,75,450
93,73,131,100,397
123,73,23,20,239
101,92,142,60,395
22,43,143,100,308
27,17,99,11,154
76,107,141,91,415
12,133,119,75,339
137,117,8,104,366
45,128,14,69,256
83,67,85,90,325
95,75,28,86,284
135,7,35,93,270
105,128,35,72,340
19,11,85,16,131
141,147,56,48,392
128,18,16,19,181
122,77,147,133,479
143,21,49,20,233
67,100,26,113,306
113,135,3,83,334
72,111,38,131,352
95,111,122,98,426
118,84,81,82,365
109,107,92,143,451
9,119,66,61,255
1,89,129,115,334
32,133,70,35,270
111,59,84,143,397
109,136,114,78,437
12,49,25,58,144
97,111,27,9,244
16,38,125,12,191
24,148,14,31,217
135,91,114,54,394
71,35,49,6,161
115,18,58,30,221
48,34,90,7,179
124,10,135,66,335
29,39,19,40,127
17,8,14,89,128
26,16,149,30,221
63,85,98,55,301
79,78,21,113,291
135,55,9,43,242
131,140,127,42,440
77,46,148,95,366
127,81,100,111,419
67,118,113,87,385
113,107,74,111,405
103,107,35,84,329
32,84,32,111,259
112,134,47,96,389
13,150,117,39,319
32,145,131,133,441
26,3,98,113,240
119,23,111,78,331
92,129,25,81,327
141,72,2,37,252
54,145,40,32,271
30,67,23,90,210
49,43,51,102,245
128,22,110,103,363
95,124,20,128,367
132,25,86,71,314
118,109,107,51,385
126,145,101,79,451
46,19,44,101,210
47,77,30,13,167
128,82,88,9,307
129,128,61,104,422
118,141,133,107,499
85,143,28,91,347
58,124,35,58,275
144,78,136,135,493
101,122,24,104,351
65,36,8,72,181
25,95,81,73,274
53,114,31,85,283
75,139,85,44,343
4,103,42,50,199
71,4,143,16,234
70,108,14,64,256
136,63,97,66,362
117,110,51,49,327
24,11,104,43,182
97,93,138,32,360
108,6,76,107,297
43,85,46,28,202
39,83,52,70,244
89,100,31,86,306
128,102,111,98,439
37,56,137,126,356
100,147,41,117,405
23,57,90,38,208
105,131,18,38,292
45,72,95,97,309
77,94,1,133,305
19,139,91,57,306
144,109,136,133,522
108,7,81,148,344
139,131,14,111,395
44,12,100,84,240
9,47,135,120,311
142,92,64,40,338
129,57,10,88,284
56,47,26,49,178
12,28,76,93,209
82,35,120,32,269
111,78,41,103,333
1,116,25,69,211
8,22,106,88,224
9,145,105,54,313
13,99,98,33,243
6,33,67,51,157
35,82,82,102,301
137,108,109,108,462
143,64,35,27,269
123,4,40,35,202
110,91,90,116,407
127,7,71,77,282
22,56,112,2,192
14,135,65,147,361
127,142,121,128,518
16,62,60,132,270
2,13,93,102,210
17,46,138,115,316
21,90,16,38,165
70,97,67,129,363
97,137,32,102,368
62,98,139,119,418
9,67,83,117,276
62,66,1,150,279
47,19,67,24,157
99,69,111,3,282
23,139,39,144,345
7,130,19,134,290
143,129,22,88,382
12,45,95,64,216
148,45,95,100,388
2,140,107,150,399
117,11,57,49,234
125,80,110,138,453
42,1,132,85,260
92,123,100,29,344
75,25,54,52,206
67,90,18,93,268
108,88,3,67,266
114,1,120,147,382
17,140,60,51,268
105,25,130,125,385
98,69,19,30,216
73,132,150,122,477
133,137,50,43,363
148,23,126,31,328
121,38,56,73,288
118,135,72,64,389
2,43,82,42,169
135,108,45,147,435
140,131,100,136,507
58,14,108,103,283
127,133,28,43,331
16,46,102,62,226
145,59,150,19,373
1,8,93,49,151
41,102,32,13,188
79,21,76,11,187
38,117,49,16,220
69,41,59,122,291
12,107,112,29,260
138,96,105,17,356
48,79,121,61,309
4,106,28,120,258
97,149,113,56,415
143,140,134,54,471
60,5,149,79,293
111,70,76,4,261
100,34,14,61,209
61,92,134,34,321
69,36,136,102,343
57,106,98,22,283
142,46,64,14,266
89,50,150,85,374
66,1,15,110,192
64,84,29,21,198
1,87,87,6,181
116,53,143,55,367
97,51,43,77,268
126,23,85,108,342
103,42,39,34,218
32,32,146,25,235
48,66,64,144,322
27,37,68,122,254
67,101,55,120,343
134,93,119,7,353
138,20,89,93,340
99,144,40,132,415
137,44,23,8,212
59,141,148,138,486
92,9,37,9,147
20,96,73,144,333
69,138,19,124,350
55,145,31,130,361
109,114,29,55,307
68,44,88,7,207
23,136,16,92,267
137,75,108,146,466
3,23,22,87,135
75,46,23,123,267
101,34,28,47,210
147,106,6,147,406
62,128,63,41,294
6,43,138,112,299
17,21,129,144,311
36,62,54,81,233
10,129,66,110,315
122,5,78,46,251
79,59,10,112,260
139,62,146,114,461
20,8,92,130,250
33,50,75,37,195
69,44,32,141,286
133,5,32,53,223
5,146,21,108,280
62,147,14,77,300
88,1,139,81,309
112,68,20,117,317
45,110,142,124,421
77,110,123,110,420
60,136,67,25,288
53,129,82,42,306
77,72,106,54,309
62,94,73,21,250
7,74,18,139,238
32,54,76,129,291
10,101,72,68,251
66,74,31,3,174
73,7,122,45,247
69,59,86,76,290
2,102,93,123,320
87,18,69,121,295
78,133,146,6,363
59,144,27,2,232
81,4,150,114,349
58,88,29,33,208
76,105,121,55,357
47,84,58,89,278
142,106,32,103,383
6,19,28,52,105
43,15,127,135,320
139,65,24,13,241
70,29,64,119,282
34,44,133,67,278
109,25,141,109,384
147,130,111,13,401
71,3,143,50,267
4,50,141,87,282
110,12,128,21,271
129,140,130,72,471
94,120,12,39,265
87,120,14,69,290
134,76,67,19,296
3,7,90,147,247
53,33,114,8,208
58,66,126,103,353
75,78,53,101,307
24,109,31,24,188
1,29,45,4,79
106,123,69,138,436
27,42,51,116,236
58,57,54,49,218
143,140,123,62,468
138,6,54,68,266
134,139,118,133,524
137,92,59,121,409
25,81,59,115,280
50,27,123,134,334
21,9,148,130,308
78,10,116,113,317
51,78,130,3,262
5,139,11,25,180
59,3,72,102,236
92,84,56,124,356
41,109,6,37,193
5,16,1,105,127
144,58,149,122,473
122,104,61,130,417
17,110,42,102,271
68,103,94,51,316
82,84,47,30,243
127,99,92,17,335
134,72,49,136,391
45,55,109,130,339
29,91,142,127,389
97,136,80,105,418
127,137,122,6,392
37,117,134,92,380
65,5,83,138,291
125,104,144,125,498
44,70,48,93,255
4,85,142,136,367
93,147,136,46,422
108,27,88,48,271
23,39,137,133,332
34,45,33,99,211
116,95,115,143,469
81,135,121,86,423
35,16,1,87,139
89,97,89,71,346
40,132,135,146,453
132,11,119,26,288
117,121,24,40,302
37,35,111,112,295
77,137,130,114,458
134,19,95,22,270
25,46,140,64,275
17,97,82,103,299
48,127,31,147,353
71,15,69,150,305
135,84,133,40,392
52,78,128,55,313
149,107,30,84,370
17,116,147,48,328
1,108,97,75,281
70,106,34,43,253
150,48,69,38,305
58,105,82,109,354
1,132,108,120,361
116,58,121,61,356
91,33,134,133,391
119,40,135,134,428
46,117,72,19,254
121,56,47,38,262
12,62,75,53,202
6,122,19,78,225
50,44,139,71,304
147,69,14,100,330
141,133,37,4,315
58,131,69,17,275
92,106,4,81,283
79,85,35,141,340
127,1,30,55,213
92,46,117,76,331
129,12,56,30,227
43,74,26,99,242
97,10,111,7,225
37,86,122,133,378
114,113,130,121,478
30,68,69,110,277
47,45,112,117,321
34,95,119,56,304
61,149,97,71,378
129,12,133,41,315
60,75,64,83,282
127,5,93,23,248
43,144,84,71,342
50,102,150,105,407
136,73,62,30,301
93,2,26,59,180
6,101,92,92,291
139,115,21,144,419
26,17,46,42,131
125,67,109,92,393
130,95,58,104,387
69,106,43,84,302
127,138,96,134,495
107,106,106,84,403
14,116,59,2,191
140,95,143,59,437
7,110,70,85,272
26,133,135,2,296
110,26,24,70,230
134,59,108,143,444
69,2,92,86,249
42,74,3,142,261
121,67,32,112,332
6,85,93,139,323
70,113,88,118,389
45,104,70,59,278
30,62,24,106,222
2,117,38,84,241
21,60,150,102,333
143,60,26,5,234
67,26,128,50,271
123,23,142,108,396
125,23,96,9,253
133,110,53,25,321
111,110,54,43,318
125,75,134,87,421
31,141,142,127,441
60,66,138,17,281
26,131,103,4,264
66,113,94,100,373
62,127,94,29,312
3,102,21,10,136
83,81,93,39,296
15,138,49,122,324
2,86,116,79,283
128,144,117,89,478
142,73,83,68,366
40,54,73,94,261
141,107,132,44,424
132,118,113,20,383
133,129,23,102,387
37,113,42,83,275
137,104,22,42,305
106,75,97,129,407
110,141,44,8,303
93,116,126,143,478
94,138,71,95,398
1,73,53,137,264
86,59,9,68,222
140,7,113,139,399
120,127,48,120,415
77,6,138,48,269
81,14,71,69,235
10,123,118,93,344
49,76,16,18,159
82,73,64,52,271
117,121,2,94,334
26,65,57,149,297
3,51,50,147,251
60,20,68,117,265
49,102,116,131,398
65,11,120,71,267
108,37,5,117,267
59,44,64,138,305
82,131,81,123,417
48,85,13,112,258
130,70,72,53,325
77,148,127,131,483
148,124,141,15,428
56,13,97,56,222
125,100,128,13,366
40,1,30,107,178
92,29,3,7,131
2,100,83,16,201
115,146,124,94,479
119,36,122,55,332
103,93,71,72,339
53,148,50,31,282
76,20,146,31,273
54,123,101,69,347
67,19,77,136,299
142,87,148,45,422
66,57,39,31,193
43,96,129,61,329
57,127,95,23,302
7,112,148,81,348
19,7,39,32,97
42,20,126,70,258
72,105,90,107,374
139,139,71,61,410
150,50,130,53,383
7,39,36,105,187
57,45,53,70,225
99,143,78,79,399
15,60,80,49,204
17,44,72,132,265
2,19,85,8,114
56,34,19,52,161
50,140,47,41,278
60,9,122,50,241
56,58,58,13,185
89,58,36,36,219
121,121,40,139,421
36,109,1,122,268
83,35,148,43,309
42,2,20,76,140
27,133,89,73,322
139,61,80,77,357
79,144,146,8,377
121,93,50,50,314
83,37,15,57,192
93,77,58,87,315
93,94,121,1,309
63,134,136,130,463
112,132,140,61,445
114,31,95,54,294
67,30,34,87,218
142,89,73,80,384
36,88,50,92,266
126,58,22,33,239
100,66,62,25,253
76,3,137,83,299
145,11,22,35,213
96,42,51,137,326
50,71,134,125,380
48,60,145,62,315
128,133,14,79,354
42,8,35,21,106
132,115,72,86,405
73,141,134,26,374
54,10,73,106,243
83,1,129,47,260
67,133,4,13,217
137,58,123,5,323
56,112,128,137,433
90,37,15,148,290
34,91,131,28,284
127,74,22,113,336
14,32,38,74,158
4,89,104,58,255
33,107,118,46,304
76,120,44,70,310
149,69,73,69,360
45,12,134,9,200
119,98,28,11,256
35,102,5,120,262
83,63,35,14,195
141,127,43,104,415
53,54,39,3,149
65,113,20,9,207
111,24,126,100,361
148,99,49,111,407
21,51,147,19,238
73,78,103,70,324
135,33,113,50,331
39,114,84,75,312
90,25,130,93,338
108,117,87,116,428
54,105,76,122,357
104,48,44,9,205
77,127,135,17,356
148,89,147,115,499
25,124,50,125,324
98,149,130,133,510
12,20,29,134,195
127,2,120,10,259
53,145,115,17,330
73,23,104,64,264
83,150,72,101,406
4,27,14,128,173
22,67,75,119,283
65,127,70,103,365
34,146,4,66,250
74,45,136,16,271
90,6,10,130,236
142,122,102,35,401
7,150,80,115,352
39,59,78,139,315
5,60,84,29,178
78,68,41,18,205
59,48,25,146,278
24,18,52,67,161
15,108,3,133,259
14,100,53,85,252
1,21,142,146,310
4,146,62,96,308
132,31,98,139,400
7,120,117,129,373
6,26,6,63,101
34,38,41,117,230
53,115,94,26,288
54,37,147,107,345
62,76,65,71,274
117,150,102,27,396
60,52,30,107,249
109,70,122,32,333
3,113,1,46,163
62,64,47,36,209
127,112,75,67,381
70,28,117,114,329
18,118,62,98,296
137,81,101,82,401
82,97,49,45,273
105,38,78,73,294
70,83,115,31,299
124,133,109,59,425
144,32,42,94,312
125,140,101,96,462
140,96,3,122,361
108,9,105,46,268
13,16,141,63,233
58,94,2,132,286
32,48,115,97,292
142,97,93,97,429
110,83,102,106,401
68,108,8,105,289
121,42,39,128,330
123,87,114,142,466
31,104,83,8,226
77,87,79,53,296
138,98,108,99,443
108,139,116,39,402
146,53,31,131,361
102,3,147,15,267
37,16,71,28,152
81,128,118,2,329
131,75,148,7,361
142,70,7,51,270
134,70,9,52,265
70,81,1,39,191
13,5,16,59,93
46,3,26,61,136
56,129,17,147,349
116,2,8,75,201
30,25,18,6,79
11,52,68,23,154
111,66,137,72,386
79,146,120,60,405
15,63,81,20,179
20,42,68,14,144
98,80,93,6,277
5,142,17,99,263
108,28,30,73,239
103,13,92,131,339
74,58,82,49,263
106,31,109,40,286
68,38,92,101,299
61,106,34,119,320
110,56,47,81,294
66,141,125,19,351
57,134,143,37,371
113,74,141,68,396
38,127,93,40,298
70,99,77,50,296
105,28,13,83,229
140,130,141,73,484
2,138,118,1,259
36,101,8,61,206
141,128,32,7,308
140,112,149,110,511
141,14,61,17,233
24,104,130,21,279
124,34,109,64,331
125,27,56,109,317
53,62,96,36,247
59,81,93,136,369
79,18,19,108,224
86,149,74,126,435
14,90,65,85,254
1,70,145,10,226
45,65,72,20,202
108,103,94,100,405
49,67,96,125,337
122,32,37,111,302
40,95,150,51,336
86,141,12,9,248
139,140,20,8,307
7,33,94,14,148
113,3,53,81,250
88,3,30,104,225
3,92,122,142,359
109,101,71,147,428
32,80,86,73,271
94,91,147,35,367
28,97,77,113,315
89,4,29,134,256
9,82,18,83,192
130,25,11,134,300
140,96,92,144,472
74,84,9,30,197
103,93,8,18,222
57,123,132,64,376
95,58,70,122,345
22,78,21,69,190
43,139,51,58,291
73,138,87,38,336
22,126,125,27,300
90,39,67,72,268
38,73,10,71,192
100,112,48,90,350
2,99,58,16,175
11,126,122,95,354
24,111,95,135,365
39,65,86,27,217
58,98,121,137,414
116,118,12,25,271
4,96,124,102,326
1,49,6,81,137
93,59,97,66,315
127,13,130,69,339
142,125,40,138,445
113,53,136,75,377
104,2,3,107,216
22,137,59,110,328
123,22,132,110,387
102,97,95,34,328
35,81,93,39,248
121,98,78,133,430
103,106,102,81,392
101,2,134,51,288
29,68,37,26,160
91,33,33,112,269
148,65,36,131,380
90,120,31,48,289
102,117,74,148,441
5,19,137,56,217
83,24,95,62,264
35,95,120,112,362
144,103,48,63,358
146,74,25,65,310
90,106,17,113,326
8,135,127,28,298
33,37,15,2,87
78,113,54,14,259
18,143,141,17,319
14,79,137,146,376
57,28,52,135,272
11,71,54,19,155
118,126,81,117,442
86,68,113,52,319
133,64,98,59,354
144,122,64,23,353
38,42,124,148,352
131,122,69,45,367
42,31,83,60,216
33,96,106,132,367
1,13,22,12,48
75,87,77,76,315
97,20,52,79,248
101,23,51,107,282
14,87,127,96,324
82,8,135,39,264
117,67,4,97,285
125,35,15,28,203
10,131,80,57,278
40,44,89,140,313
43,61,100,97,301
103,106,59,141,409
69,117,127,82,395
138,58,119,70,385
129,39,34,91,293
98,29,54,55,236
28,101,119,53,301
71,22,81,103,277
27,123,128,89,367
32,12,139,115,298
16,6,132,36,190
13,116,40,67,236
38,89,71,7,205
33,12,119,1,165
102,117,134,139,492
141,141,53,116,451
5,30,129,119,283
81,78,133,76,368
103,110,132,5,350
145,103,44,9,301
135,132,45,137,449
128,110,33,37,308
118,75,81,33,307
117,84,7,7,215
129,37,78,7,251
90,19,73,2,184
34,129,31,102,296
131,60,121,132,444
11,105,91,46,253
86,51,72,77,286
61,119,130,99,409
58,89,9,82,238
131,127,118,38,414
55,5,42,111,213
96,142,37,21,296
76,119,59,19,273
54,11,31,79,175
21,128,79,141,369
140,101,36,86,363
100,148,44,38,330
149,134,101,41,425
148,35,73,39,295
124,132,128,123,507
57,23,61,38,179
93,110,85,55,343
106,114,27,75,322
85,115,95,107,402
47,104,13,76,240
124,13,39,48,224
122,52,77,2,253
146,106,19,11,282
1,7,20,13,41
49,41,115,19,224
60,15,62,12,149
59,23,9,7,98
87,110,88,70,355
67,1,44,82,194
38,22,7,77,144
121,49,68,148,386
9,16,51,128,204
58,82,96,97,333
40,147,64,102,353
44,147,130,45,366
36,139,4,105,284
8,106,140,114,368
49,134,71,145,399
109,53,52,95,309
52,14,38,149,253
53,136,120,23,332
69,36,147,63,315
97,92,110,70,369
66,97,108,138,409
40,81,59,123,303
36,28,60,73,197
49,101,50,102,302
71,54,12,2,139
36,77,74,46,233
96,4,37,55,192
51,73,65,82,271
78,77,116,94,365
111,36,116,143,406
80,91,6,38,215
15,105,94,10,224
146,33,126,53,358
142,20,74,38,274
66,48,94,90,298
56,31,86,113,286
112,109,72,96,389
87,59,36,94,276
133,32,73,76,314
111,11,114,109,345
150,147,142,132,571
147,42,83,132,404
3,19,39,120,181
77,95,118,34,324
85,114,146,144,489
148,50,25,31,254
56,146,133,50,385
66,145,38,29,278
19,10,51,96,176
41,88,91,11,231
48,61,108,114,331
131,82,134,122,469
31,84,28,144,287
63,84,35,136,318
100,68,44,141,353
66,7,114,30,217
26,104,108,81,319
3,93,22,83,201
85,31,43,50,209
33,64,120,138,355
75,70,88,137,370
53,123,36,116,328
32,6,110,74,222
80,108,64,62,314
139,107,46,23,315
141,3,7,58,209
59,78,128,112,377
89,109,111,139,448
29,76,145,6,256
111,128,49,145,433
80,39,113,39,271
9,21,104,57,191
92,123,2,57,274
21,139,24,111,295
3,135,2,142,282
101,73,52,133,359
84,15,93,124,316
72,98,60,100,330
128,90,15,13,246
47,95,76,34,252
85,135,135,18,373
9,113,45,85,252
141,44,12,33,230
82,98,59,56,295
4,149,19,6,178
16,93,45,20,174
53,134,119,80,386
76,48,128,27,279
112,52,107,95,366
94,7,113,69,283
130,14,64,2,210
14,99,32,17,162
68,13,8,127,216
97,111,69,69,346
106,61,35,5,207
66,88,15,58,227
66,91,23,145,325
104,6,132,15,257
107,46,114,42,309
103,70,90,28,291
140,115,87,12,354
129,1,112,95,337
89,129,61,24,303
47,126,30,71,274
89,87,41,17,234
49,95,101,56,301
29,68,58,70,225
60,139,131,140,470
5,42,4,24,75
104,150,102,47,403
37,15,83,68,203
18,53,105,44,220
127,66,14,18,225
148,128,147,34,457
81,125,70,108,384
60,25,129,104,318
39,85,88,80,292
115,147,136,101,499
44,82,139,1,266
40,107,65,57,269
5,134,52,98,289
15,60,76,34,185
43,90,2,10,145
93,28,37,97,255
32,27,82,63,204
54,131,116,100,401
65,22,3,74,164
26,53,65,30,174
77,127,28,12,244
15,128,144,13,300
10,48,39,29,126
13,88,73,122,296
56,93,62,64,275
39,86,74,145,344
40,128,125,35,328
17,9,6,127,159
22,59,15,21,117
150,121,35,150,456
117,108,58,67,350
70,41,22,36,169
102,12,99,99,312
14,34,92,55,195
19,114,80,58,271
127,105,100,98,430
82,143,133,60,418
74,38,46,114,272
76,44,30,57,207
138,54,28,27,247
118,40,12,50,220
119,89,4,61,273
44,66,20,51,181
40,111,129,2,282
88,114,144,18,364
13,16,31,110,170
110,112,145,84,451
82,59,129,56,326
135,19,32,133,319
28,65,100,76,269
16,67,32,110,225
142,54,26,5,227
80,30,141,45,296
56,100,110,101,367
100,33,46,111,290
148,145,61,30,384
49,150,38,58,295
58,147,53,74,332
126,7,43,44,220
58,88,37,130,313
131,17,136,145,429
31,58,25,15,129
52,87,84,60,283
21,40,139,45,245
68,51,149,130,398
98,87,10,64,259
25,38,78,28,169
41,110,116,112,379
13,137,54,113,317
7,102,132,94,335
54,25,95,62,236
43,87,3,123,256
108,102,95,68,373
118,114,91,109,432
115,46,124,108,393
1,80,78,136,295
49,65,25,26,165
115,13,99,145,372
46,130,31,128,335
135,118,53,16,322
2,130,46,120,298
75,111,13,87,286
119,64,99,56,338
136,28,56,71,291
76,113,46,148,383
86,122,145,25,378
38,33,103,83,257
125,137,128,36,426
74,141,112,63,390
48,93,97,64,302
148,88,112,114,462
148,139,15,57,359
144,125,112,6,387
124,10,12,57,203
95,54,127,46,322
62,65,140,5,272
129,58,87,21,295
78,110,116,21,325
62,147,147,4,360
55,6,24,21,106
65,38,66,85,254
23,128,13,55,219
97,95,62,122,376
2,149,43,116,310
34,70,17,49,170
47,122,62,150,381
21,116,121,18,276
45,135,128,14,322
47,73,149,12,281
96,60,28,109,293
1,13,125,5,144
17,19,93,45,174
140,61,73,123,397
23,60,89,22,194
9,71,14,106,200
109,69,22,24,224
147,99,133,74,453
102,112,137,14,365
102,79,73,90,344
119,132,33,42,326
8,143,32,80,263
57,85,132,88,362
36,140,148,97,421
96,8,118,117,339
148,94,66,130,438
20,82,89,140,331
150,81,24,104,359
101,34,74,132,341
98,124,128,113,463
91,127,6,49,273
95,134,45,53,327
148,24,103,58,333
141,74,40,45,300
53,78,123,102,356
118,101,34,147,400
132,18,83,42,275
1,29,88,33,151
143,47,69,135,394
85,107,9,150,351
78,87,54,83,302
8,46,99,40,193
26,11,132,89,258
34,119,105,112,370
147,117,3,14,281
133,148,142,6,429
23,22,19,24,88
57,80,119,128,384
124,35,87,8,254
22,69,58,65,214
117,143,106,104,470
69,124,2,139,334
150,34,112,70,366
119,4,131,131,385
97,80,77,47,301
76,54,76,109,315
126,131,102,114,473
22,12,76,58,168
6,71,39,110,226
55,3,13,82,153
15,135,50,126,326
117,41,85,97,340
123,101,71,143,438
102,57,56,5,220
25,144,132,4,305
81,49,53,77,260
98,88,100,142,428
73,51,98,101,323
19,128,108,27,282
65,118,50,112,345
51,133,60,112,356
117,15,61,32,225
149,94,78,102,423
21,131,97,145,394
42,71,21,34,168
100,118,125,29,372
107,108,134,91,440
30,77,40,13,160
76,124,96,35,331
100,41,144,41,326
118,98,19,23,258
76,123,84,43,326
55,115,121,33,324
33,63,64,31,191
107,61,98,64,330
150,139,90,65,444
59,58,1,74,192
42,19,22,134,217
11,148,13,28,200
78,64,108,50,300
118,92,62,15,287
71,75,8,115,269
17,83,59,40,199
121,34,66,119,340
76,123,70,55,324
130,3,3,34,170
49,55,118,55,277
34,1,41,60,136
121,59,46,60,286
61,29,20,145,255
150,95,86,103,434
62,81,34,114,291
24,13,77,120,234
110,25,146,47,328
96,110,85,87,378
34,48,126,22,230
9,68,87,62,226
4,43,144,93,284
60,5,150,95,310
117,31,114,111,373
71,83,41,35,230
23,140,85,136,384
105,101,146,9,361
97,7,104,43,251
45,79,25,14,163
140,76,129,59,404
53,114,133,101,401
146,100,136,2,384
34,57,25,116,232
54,50,1,50,155
60,105,93,62,320
97,71,118,122,408
65,8,114,90,277
88,58,72,37,255
72,9,132,64,277
130,58,69,114,371
111,132,15,41,299
44,16,68,132,260
75,119,145,34,373
83,132,5,114,334
69,104,84,14,271
134,46,32,117,329
100,16,47,127,290
104,60,67,116,347
5,121,5,6,137
80,44,12,111,247
108,71,64,67,310
140,141,95,57,433
126,138,54,53,371
44,68,119,88,319
30,74,117,5,226
75,59,43,69,246
134,6,146,103,389
62,109,139,70,380
131,30,66,147,374
84,138,106,55,383
76,75,126,105,382
144,42,50,75,311
125,107,38,94,364
119,116,38,31,304
17,49,52,21,139
69,139,123,57,388
116,37,46,144,343
27,11,17,74,129
109,29,120,31,289
114,28,94,12,248
130,90,131,17,368
75,101,83,68,327
109,149,71,21,350
12,137,142,12,303
81,137,145,18,381
138,28,81,65,312
85,63,48,121,317
37,18,117,7,179
94,61,29,135,319
141,97,107,51,396
101,59,47,30,237
16,74,54,116,260
126,99,84,19,328
112,135,133,131,511
25,134,2,105,266
138,127,106,146,517
10,57,37,31,135
147,62,2,20,231
32,5,92,69,198
25,20,36,113,194
141,131,83,15,370
95,82,29,53,259
26,12,49,39,126
146,112,12,148,418
48,93,132,121,394
116,114,120,119,469
9,59,38,105,211
67,10,87,32,196
48,1,136,21,206
3,117,64,86,270
84,138,49,32,303
89,123,114,126,452
91,84,33,93,301
84,73,19,119,295
134,8,106,135,383
5,41,48,144,238
89,123,53,96,361
72,17,55,35,179
60,93,75,30,258
147,43,129,143,462
76,84,60,7,227
45,4,134,90,273
106,9,85,27,227
53,40,84,69,246
109,15,149,148,421
47,45,102,140,334
51,66,131,76,324
135,42,11,26,214
46,75,54,30,205
118,20,69,18,225
139,48,37,66,290
69,83,128,101,381
61,62,131,132,386
79,23,81,63,246
53,102,76,9,240
134,129,17,5,285
114,3,143,67,327
108,149,58,7,322
32,64,42,124,262
150,79,128,101,458
112,26,9,15,162
82,17,83,29,211
116,37,2,77,232
28,9,120,119,276
128,39,64,64,295
12,97,148,26,283
77,46,136,76,335
63,40,42,117,262
20,81,5,95,201
7,140,127,102,376
33,95,59,150,337
116,64,124,61,365
119,47,25,45,236
102,102,114,110,428
133,67,38,140,378
150,52,103,114,419
111,27,142,118,398
73,131,29,52,285
43,25,146,109,323
56,23,116,127,322
2,149,40,131,322
138,123,108,2,371
133,142,36,6,317
1,128,36,136,301
118,111,45,21,295
1,87,10,149,247
38,141,87,141,407
99,31,106,147,383
53,11,124,116,304
1,146,117,98,362
88,141,13,35,277
135,8,58,56,257
4,37,146,56,243
144,61,107,80,392
123,31,100,70,324
93,79,127,79,378
16,119,83,144,362
43,16,76,90,225
108,14,66,87,275
9,100,87,113,309
115,117,47,48,327
144,92,9,149,394
39,104,1,82,226
75,94,33,8,210
115,32,80,63,290
60,150,74,132,416
6,100,144,122,372
63,73,39,138,313
17,86,149,51,303
12,89,26,9,136
12,53,10,87,162
7,130,115,13,265
77,66,5,109,257
50,5,107,95,257
102,123,10,77,312
122,7,103,11,243
74,73,56,56,259
144,67,66,146,423
79,44,46,97,266
119,116,107,93,435
77,46,45,140,308
125,24,49,2,200
20,8,71,3,102
36,125,34,10,205
117,82,36,127,362
78,9,36,26,149
133,19,33,18,203
28,21,98,11,158
104,130,71,117,422
67,62,143,22,294
111,143,142,149,545
10,48,118,125,301
57,12,138,134,341
118,14,99,89,320
34,96,1,36,167
146,17,137,57,357
149,90,138,4,381
23,17,2,141,183
140,9,70,61,280
54,49,111,13,227
68,74,122,17,281
72,2,146,73,293
89,23,75,78,265
36,149,1,69,255
70,46,9,112,237
103,93,139,1,336
130,136,72,93,431
13,55,126,74,268
41,6,6,132,185
19,57,92,110,278
27,16,85,114,242
146,57,98,30,331
48,60,49,99,256
93,119,36,12,260
70,120,80,85,355
27,94,73,60,254
18,35,108,113,274
16,87,17,110,230
111,28,30,55,224
103,6,118,130,357
15,69,139,94,317
58,61,53,35,207
123,24,123,150,420
58,54,146,102,360
18,94,70,39,221
87,59,31,16,193
135,100,101,142,478
121,14,52,30,217
13,100,14,106,233
62,42,23,78,205
54,13,110,85,262
98,26,96,119,339
122,63,136,59,380
37,77,101,133,348
28,110,16,116,270
81,46,11,121,259
56,82,18,18,174
135,125,65,62,387
23,45,108,68,244
148,135,103,56,442
73,50,117,30,270
11,76,61,132,280
101,133,16,83,333
92,28,128,49,297
118,13,44,103,278
85,72,124,79,360
91,1,28,53,173
143,23,95,145,406
51,44,22,127,244
101,4,106,83,294
55,141,79,137,412
95,28,89,6,218
56,52,103,128,339
130,88,18,66,302
36,17,134,88,275
114,1,36,137,288
124,106,146,123,499
111,98,25,23,257
97,36,109,128,370
61,28,76,57,222
36,80,90,132,338
65,20,137,89,311
58,1,25,65,149
89,66,95,101,351
89,58,4,49,200
134,31,44,91,300
67,41,114,9,231
12,97,19,143,271
140,149,133,74,496
41,103,86,141,371
43,45,32,28,148
112,123,87,54,376
141,103,66,29,339
86,127,22,56,291
145,135,6,77,363
65,109,1,32,207
60,60,96,80,296
73,22,135,65,295
71,46,89,102,308
146,34,136,88,404
92,82,104,64,342
19,146,140,126,431
84,137,83,73,377
108,99,144,67,418
75,139,141,1,356
86,117,133,29,365
49,37,66,113,265
77,68,105,127,377
94,104,102,126,426
67,1,118,5,191
18,53,24,59,154
57,71,33,38,199
59,139,14,79,291
143,8,128,110,389
8,19,94,100,221
123,121,104,48,396
16,22,122,10,170
44,115,101,111,371
45,14,11,150,220
71,126,74,135,406
47,115,23,140,325
102,132,99,138,471
110,90,87,84,371
29,44,123,44,240
38,94,48,110,290
144,120,2,15,281
34,116,123,26,299
39,19,72,63,193
74,3,61,69,207
44,15,56,30,145
41,37,26,114,218
35,41,29,20,125
125,126,44,99,394
148,94,133,123,498
149,67,115,100,431
36,13,17,111,177
91,122,124,126,463
62,42,60,18,182
13,122,122,72,329
125,20,73,147,365
53,62,7,57,179
141,150,59,96,446
16,31,52,2,101
149,79,127,134,489
133,97,21,16,267
4,92,140,45,281
71,64,37,25,197
57,94,86,36,273
44,115,150,24,333
99,107,130,42,378
7,13,18,121,159
63,114,36,12,225
81,147,126,147,501
147,45,32,120,344
119,22,147,99,387
13,101,97,15,226
142,143,92,38,415
136,118,34,118,406
76,1,136,53,266
1,15,114,148,278
63,144,7,27,241
8,150,150,70,378
72,114,26,85,297
96,107,119,137,459
60,69,110,50,289
107,23,115,83,328
99,106,135,98,438
60,82,129,30,301
144,76,28,80,328
146,128,134,26,434
52,13,73,133,271
92,29,33,3,157
58,18,66,13,155
105,8,86,123,322
19,71,28,44,162
3,2,82,139,226
19,42,138,60,259
105,148,53,100,406
81,53,45,9,188
32,99,106,138,375
77,24,96,113,310
149,133,62,127,471
138,22,28,54,242
1,130,146,132,409
56,51,67,4,178
97,4,46,90,237
123,39,22,121,305
141,61,48,107,357
139,139,139,111,528
24,47,24,146,241
55,33,25,88,201
64,99,148,76,387
83,36,18,34,171
108,67,112,48,335
138,70,22,38,268
7,31,105,2,145
119,45,114,82,360
103,83,27,10,223
81,82,132,93,388
120,94,88,4,306
45,84,114,80,323
15,46,65,105,231
96,49,115,119,379
146,144,114,102,506
40,89,29,20,178
101,137,18,91,347
71,46,122,90,329
111,11,39,74,235
61,142,91,149,443
72,118,48,77,315
128,8,125,24,285
7,7,106,69,189
20,48,30,107,205
149,10,126,23,308
27,143,64,143,377
149,90,66,84,389
60,66,66,119,311
16,40,98,3,157
14,60,80,60,214
8,85,41,21,155
103,105,24,83,315
27,139,24,128,318
74,14,144,145,377
62,97,122,118,399
32,130,37,51,250
24,90,126,43,283
115,95,62,13,285
42,67,127,65,301
106,49,84,65,304
53,122,35,55,265
84,73,137,83,377
32,42,141,97,312
144,102,22,101,369
44,56,91,28,219
101,75,25,8,209
6,79,9,16,110
35,142,115,81,373
78,86,134,57,355
123,14,61,92,290
86,150,7,114,357
108,8,150,32,298
113,64,101,99,377
101,12,21,34,168
17,58,102,144,321
126,113,66,124,429
34,99,27,53,213
81,133,47,62,323
18,73,51,6,148
103,72,141,1,317
108,69,96,74,347
74,31,1,133,239
46,104,34,85,269
149,4,117,51,321
51,147,83,40,321
115,16,86,25,242
15,27,55,91,188
42,14,19,85,160
82,21,29,65,197
70,58,78,134,340
103,6,127,9,245
36,47,100,88,271
66,34,12,134,246
25,113,65,140,343
3,86,12,41,142
51,135,3,95,284
52,21,29,139,241
147,19,81,1,248
127,6,98,50,281
18,115,73,53,259
57,29,99,121,306
63,63,80,39,245
16,76,110,55,257
13,10,63,47,133
143,103,88,16,350
137,138,42,101,418
63,78,53,48,242
2,72,120,11,205
123,14,118,51,306
42,64,29,115,250
63,112,12,96,283
56,24,139,71,290
6,138,58,125,327
119,28,8,111,266
38,18,71,96,223
69,102,23,89,283
140,99,133,132,504
102,78,107,96,383
35,113,81,146,375
74,78,86,66,304
58,57,39,56,210
145,44,104,44,337
23,12,38,144,217
51,25,73,150,299
125,106,144,101,476
59,129,148,80,416
55,58,135,26,274
150,149,52,140,491
13,37,18,6,74
143,73,89,42,347
132,97,59,14,302
118,133,110,90,451
47,26,30,4,107
136,149,104,99,488
76,6,112,150,344
66,67,135,7,275
101,8,1,126,236
139,119,111,19,388
118,91,50,85,344
17,56,50,44,167
47,1,115,26,189
65,90,25,135,315
104,123,64,146,437
119,101,130,74,424
82,129,80,94,385
68,136,104,46,354
20,118,106,147,391
2,145,5,46,198
29,120,91,47,287
46,130,14,62,252
47,2,105,25,179
42,106,47,3,198
72,130,142,16,360
32,48,134,54,268
94,3,136,22,255
31,101,72,144,348
21,122,91,102,336
33,112,70,42,257
48,115,122,148,433
25,89,59,36,209
32,19,139,58,248
23,108,115,121,367
23,146,61,129,359
72,11,116,4,203
49,38,64,71,222
63,21,81,148,313
85,99,26,114,324
19,19,50,107,195
75,60,149,147,431
113,139,18,141,411
5,42,150,66,263
57,107,83,139,386
19,136,137,141,433
145,68,57,57,327
40,49,72,45,206
88,138,46,49,321
29,107,84,121,341
57,95,105,136,393
85,85,110,87,367
102,4,38,35,179
90,81,124,86,381
58,5,36,93,192
37,14,106,93,250
137,98,130,61,426
48,8,44,113,213
123,17,3,55,198
146,118,79,98,441
102,114,26,49,291
6,141,122,51,320
103,118,97,60,378
11,34,28,47,120
35,124,80,114,353
57,35,78,144,314
119,100,66,76,361
105,100,131,139,475
69,105,27,26,227
45,68,82,54,249
94,81,18,58,251
24,80,115,104,323
122,64,96,66,348
22,42,3,39,106
122,118,33,30,303
132,130,48,62,372
79,1,34,59,173
34,73,18,124,249
8,77,37,131,253
45,48,46,115,254
124,136,125,133,518
9,145,50,108,312
55,117,16,46,234
62,87,38,2,189
93,148,133,119,493
42,63,57,82,244
124,7,54,88,273
63,13,48,67,191
115,131,40,125,411
144,63,30,129,366
121,69,48,35,273
51,53,22,146,272
136,109,107,91,443
114,116,115,13,358
23,69,89,100,281
82,145,66,5,298
17,78,7,138,240
106,130,87,68,391
16,62,33,16,127
148,24,22,101,295
148,109,35,19,311
67,118,1,3,189
146,11,41,51,249
66,109,30,64,269
5,81,93,50,229
81,53,18,128,280
112,30,5,33,180
73,144,12,29,258
101,49,40,80,270
17,109,84,20,230
77,138,5,92,312
130,97,2,91,320
114,45,32,144,335
72,58,134,25,289
55,111,120,31,317
146,100,19,3,268
138,44,146,47,375
141,97,85,134,457
57,2,104,53,216
126,30,136,128,420
42,59,147,101,349
133,67,39,95,334
19,108,125,121,373
80,27,61,119,287
123,110,138,108,479
42,103,41,116,302
32,116,50,95,293
125,42,147,27,341
28,84,137,23,272
123,95,47,19,284
27,56,83,57,223
4,81,47,34,166
51,92,67,85,295
126,5,57,27,215
137,79,130,107,453
122,121,29,49,321
100,93,130,106,429
8,64,66,90,228
92,4,34,51,181
118,30,2,77,227
44,79,132,140,395
141,82,53,60,336
89,62,12,139,302
106,79,46,4,235
35,138,121,144,438
29,71,120,149,369
31,147,25,4,207
58,95,98,54,305
26,89,149,132,396
92,116,135,86,429
110,33,85,41,269
37,93,60,18,208
58,66,107,146,377
24,146,27,37,234
80,39,11,98,228
57,84,112,79,332
50,115,37,43,245
131,84,148,34,397
9,19,84,128,240
36,2,64,28,130
24,103,9,93,229
47,66,142,42,297
13,90,77,127,307
31,51,30,110,222
72,140,19,110,341
54,128,110,5,297
127,96,42,124,389
102,75,68,61,306
90,97,34,21,242
129,73,128,111,441
143,36,87,142,408
142,91,14,68,315
28,4,1,26,59
132,69,100,110,411
45,26,131,140,342
121,31,131,133,416
50,109,77,68,304
128,99,126,76,429
140,73,1,23,237
67,133,94,141,435
55,42,127,60,284
37,22,26,142,227
112,146,101,41,400
19,95,103,3,220
107,85,44,144,380
21,144,108,40,313
47,101,128,138,414
81,22,95,106,304
64,40,57,64,225
116,15,23,121,275
98,119,13,48,278
80,121,145,105,451
75,20,67,27,189
83,75,115,24,297
79,38,102,118,337
89,133,113,108,443
138,68,91,76,373
40,27,22,29,118
14,70,126,77,287
113,135,62,88,398
144,16,86,104,350
111,64,135,91,401
25,121,77,44,267
30,112,41,2,185
132,126,14,19,291
110,126,22,8,266
146,24,53,21,244
142,138,89,117,486
120,3,24,78,225
16,128,134,133,411
2,50,81,82,215
47,108,123,46,324
74,15,42,23,154
139,67,108,146,460
149,5,142,11,307
14,99,56,5,174
81,142,12,117,352
71,28,106,59,264
13,15,33,5,66
101,57,83,43,284
58,18,71,144,291
147,84,100,133,464
33,116,128,85,362
83,76,66,93,318
56,97,57,55,265
30,16,22,38,106
8,75,89,77,249
69,43,91,67,270
130,115,77,128,450
21,70,6,92,189
80,89,9,63,241
150,55,41,23,269
69,34,110,55,268
148,96,17,90,351
18,44,36,41,139
5,100,125,146,376
47,47,126,1,221
39,76,94,118,327
91,80,54,21,246
148,133,139,117,537
98,61,65,121,345
20,87,96,77,280
33,51,95,103,282
35,47,37,120,239
1,38,65,119,223
38,29,33,144,244
100,53,66,127,346
26,144,54,51,275
82,76,25,90,273
15,58,134,65,272
51,28,38,52,169
129,146,132,75,482
7,133,149,40,329
139,113,39,124,415
38,114,108,109,369
56,125,30,62,273
142,11,73,121,347
149,96,150,14,409
1,78,6,106,191
32,139,11,124,306
29,82,59,64,234
120,30,3,20,173
145,4,81,88,318
109,42,48,34,233
99,69,74,43,285
39,68,145,118,370
105,11,128,20,264
103,64,9,108,284
117,101,112,48,378
137,40,133,99,409
15,99,87,133,334
95,65,19,119,298
32,33,115,110,290
141,3,146,90,380
87,46,100,80,313
122,65,146,97,430
36,96,133,66,331
81,130,45,53,309
35,6,108,131,280
21,92,109,3,225
148,46,115,24,333
141,67,28,119,355
45,49,51,144,289
45,89,101,40,275
3,48,30,10,91
14,60,52,40,166
6,147,9,25,187
106,143,35,11,295
122,70,111,41,344
57,58,30,55,200
14,72,50,81,217
83,119,15,134,351
92,9,73,139,313
2,6,98,74,180
102,5,126,98,331
146,34,1,5,186
23,36,35,148,242
128,29,64,97,318
27,76,134,2,239
8,43,116,9,176
125,117,99,15,356
29,77,22,62,190
51,81,101,4,237
84,133,56,136,409
1,51,5,146,203
112,12,105,97,326
119,37,110,131,397
101,51,89,52,293
76,59,65,85,285
98,36,73,57,264
31,108,139,22,300
17,3,4,27,51
7,88,112,114,321
64,117,2,16,199
75,52,36,108,271
33,24,29,93,179
85,125,23,68,301
101,111,27,83,322
24,17,94,118,253
86,80,29,90,285
77,150,95,57,379
127,115,92,97,431
77,11,106,50,244
33,4,48,37,122
72,45,62,60,239
57,59,48,54,218
111,5,92,111,319
146,65,55,57,323
107,146,88,76,417
134,103,20,122,379
126,88,87,67,368
4,98,12,130,244
57,89,128,75,349
44,14,88,80,226
144,60,44,79,327
24,145,39,117,325
99,144,125,93,461
87,103,82,81,353
24,59,55,65,203
71,127,33,86,317
81,34,67,18,200
98,112,121,99,430
131,132,43,101,407
114,3,15,130,262
144,99,132,29,404
148,134,109,146,537
83,8,143,39,273
110,108,104,82,404
133,107,17,69,326
39,92,140,114,385
142,46,118,2,308
88,40,32,117,277
138,38,2,146,324
122,54,84,114,374
46,32,45,44,167
37,67,21,40,165
139,65,113,79,396
34,130,116,3,283
86,31,137,41,295
110,124,7,127,368
149,95,19,44,307
49,87,124,88,348
125,102,121,123,471
62,69,78,16,225
107,19,55,72,253
57,7,13,109,186
6,94,30,55,185
125,19,35,108,287
83,75,140,102,400
70,30,142,132,374
34,102,42,32,210
6,110,136,69,321
29,107,38,6,180
56,52,124,113,345
66,1,136,57,260
34,105,62,16,217
131,15,54,113,313
137,133,142,144,556
67,53,80,65,265
22,86,76,132,316
9,69,52,18,148
68,36,125,108,337
149,73,113,107,442
27,131,49,147,354
138,121,15,123,397
13,22,64,94,193
66,63,123,72,324
90,51,66,37,244
43,132,17,99,291
61,95,88,63,307
93,7,84,149,333
87,58,35,47,227
70,54,138,49,311
119,119,1,73,312
77,86,140,24,327
44,119,11,21,195
72,62,128,47,309
144,51,147,116,458
99,133,79,113,424
38,134,25,131,328
53,137,81,27,298
109,25,22,79,235
145,18,117,46,326
9,122,75,1,207
69,125,56,14,264
25,105,67,115,312
131,43,76,98,348
123,88,115,18,344
13,124,57,84,278
118,49,17,48,232
115,94,103,41,353
55,68,102,86,311
3,124,80,114,321
103,51,148,47,349
40,37,60,65,202
116,87,13,35,251
64,54,3,56,177
96,49,48,25,218
37,66,49,114,266
73,91,32,9,205
38,113,54,29,234
12,50,55,114,231
38,146,55,58,297
95,37,96,101,329
79,23,8,46,156
147,59,111,58,375
9,115,102,121,347
112,125,20,102,359
37,38,40,89,204
64,59,39,104,266
4,52,98,94,248
20,29,49,141,239
137,76,9,112,334
127,127,55,142,451
71,3,125,66,265
118,8,72,124,322
110,124,150,74,458
120,83,93,102,398
25,27,107,94,253
110,13,60,78,261
145,84,51,92,372
113,145,149,134,541
115,94,119,141,469
146,27,106,39,318
30,76,50,87,243
144,126,72,89,431
40,59,36,132,267
78,134,135,66,413
109,88,123,7,327
90,128,5,8,231
124,32,139,112,407
137,62,12,23,234
99,41,12,124,276
134,150,60,6,350
116,95,126,123,460
134,37,11,58,240
42,107,67,123,339
70,117,121,13,321
129,117,139,137,522
36,35,95,126,292
63,146,1,76,286
53,83,58,121,315
109,64,140,99,412
39,22,148,148,357
141,145,81,106,473
134,51,30,5,220
57,23,137,128,345
86,80,88,107,361
148,120,102,23,393
3,32,119,79,233
84,18,34,112,248
67,99,56,78,300
106,98,147,98,449
44,25,56,90,215
133,66,109,52,360
28,129,45,112,314
107,66,143,104,420
52,65,42,113,272
124,41,84,138,387
64,49,142,50,305
107,1,33,39,180
97,134,144,147,522
127,140,46,51,364
69,39,17,130,255
31,76,73,6,186
68,129,104,137,438
114,135,26,52,327
82,119,5,24,230
63,73,78,70,284
86,18,5,34,143
106,18,13,145,282
64,77,68,110,319
138,81,36,49,304
83,86,68,34,271
130,124,103,149,506
35,28,103,60,226
27,33,12,18,90
44,81,130,103,358
113,10,49,135,307
100,112,23,40,275
62,143,133,6,344
80,14,52,127,273
101,85,125,16,327
135,74,70,54,333
56,41,94,63,254
104,128,31,117,380
38,52,52,128,270
99,142,75,147,463
106,68,55,38,267
53,59,48,56,216
52,43,149,37,281
52,16,74,36,178
137,85,26,26,274
135,5,83,71,294
24,134,41,15,214
9,128,134,125,396
91,150,111,122,474
4,136,132,109,381
29,2,37,24,92
131,38,72,95,336
69,111,61,148,389
38,21,126,78,263
17,85,74,113,289
22,46,146,85,299
65,75,129,117,386
109,72,16,64,261
96,91,93,112,392
132,29,32,71,264
80,56,6,57,199
4,148,27,12,191
55,23,3,74,155
148,89,15,55,307
83,46,106,73,308
16,58,119,114,307
67,53,21,146,287
84,54,97,131,366
86,43,1,76,206
9,80,144,106,339
7,135,97,48,287
119,67,141,108,435
23,91,17,75,206
123,71,40,130,364
100,91,33,60,284
15,1,131,43,190
112,57,79,67,315
61,64,114,7,246
94,138,89,70,391
33,69,10,23,135
128,121,72,86,407
109,55,63,6,233
113,82,148,91,434
47,120,62,57,286
109,42,76,74,301
57,116,67,22,262
15,118,71,43,247
10,77,94,70,251
89,37,10,59,195
70,121,80,71,342
90,37,148,49,324
88,36,78,63,265
146,75,75,138,434
106,114,8,34,262
52,119,104,145,420
61,84,27,64,236
150,100,13,19,282
54,17,71,14,156
4,123,89,21,237
1,139,95,17,252
47,55,67,123,292
29,37,132,146,344
113,47,102,32,294
22,5,93,32,152
101,30,105,119,355
94,94,20,97,305
111,73,112,84,380
67,131,113,146,457
95,79,3,127,304
73,9,65,95,242
35,146,142,104,427
49,49,37,80,215
113,136,18,53,320
120,29,61,110,320
106,35,57,95,293
95,57,10,129,291
108,91,150,129,478
46,124,58,72,300
68,60,146,84,358
66,110,98,108,382
73,89,19,68,249
100,86,31,65,282
5,142,89,108,344
26,140,9,65,240
74,41,147,76,338
132,116,9,72,329
28,96,36,111,271
59,113,127,16,315
104,22,77,51,254
60,27,123,106,316
84,7,135,125,351
66,50,91,86,293
67,79,141,84,371
149,70,69,106,394
34,40,135,40,249
73,45,22,5,145
89,83,137,5,314
40,131,87,95,353
27,49,104,149,329
42,73,28,140,283
133,86,70,4,293
85,141,114,143,483
19,43,135,73,270
118,132,63,3,316
33,35,125,37,230
123,51,36,17,227
51,117,90,25,283
105,125,143,58,431
44,98,82,58,282
38,32,142,42,254
108,49,17,117,291
147,75,41,11,274
54,105,66,123,348
43,85,9,28,165
32,136,121,133,422
50,36,43,70,199
110,106,53,66,335
147,131,90,87,455
57,30,108,56,251
148,74,127,106,455
70,139,84,70,363
80,138,89,26,333
22,11,38,83,154
1,47,39,30,117
137,37,55,18,247
112,144,82,87,425
90,106,66,55,317
100,100,2,143,345
140,130,99,73,442
111,28,4,51,194
116,7,55,85,263
5,109,144,107,365
33,53,138,125,349
93,30,102,35,260
38,137,96,22,293
39,99,79,149,366
102,6,131,68,307
2,109,64,10,185
146,2,122,57,327
5,92,51,127,275
68,78,47,36,229
138,73,77,96,384
1,146,17,57,221
96,88,121,9,314
149,67,104,76,396
101,108,91,79,379
57,78,56,57,248
85,37,133,51,306
3,139,125,44,311
139,27,81,43,290
26,121,141,138,426
33,52,49,95,229
80,73,19,134,306
82,37,124,35,278
57,2,28,31,118
96,90,21,47,254
144,1,78,120,343
41,62,84,18,205
137,52,118,106,413
102,6,13,112,233
84,77,148,21,330
109,43,85,93,330
140,65,111,23,339
12,64,85,121,282
24,94,31,48,197
31,25,114,126,296
78,94,47,83,302
76,87,50,49,262
109,84,56,49,298
44,59,135,27,265
47,132,126,37,342
89,109,67,97,362
91,25,82,33,231
9,52,40,5,106
36,13,79,60,188
13,150,58,82,303
31,34,4,71,140
30,67,113,81,291
65,112,99,135,411
97,35,11,78,221
130,85,32,31,278
75,98,145,78,396
10,72,64,37,183
96,118,117,147,478
71,35,148,94,348
49,97,87,12,245
35,7,21,14,77
117,128,98,4,347
39,127,73,70,309
127,5,13,14,159
5,26,112,37,180
74,31,132,96,333
148,68,13,87,316
136,83,45,57,321
6,73,127,134,340
106,131,97,39,373
56,23,74,140,293
35,76,13,120,244
107,76,15,68,266
121,118,34,71,344
33,25,25,50,133
23,88,73,68,252
4,45,104,72,225
90,7,53,95,245
22,122,80,99,323
100,131,80,19,330
31,120,20,120,291
125,130,145,108,508
52,22,9,66,149
137,56,77,44,314
77,109,97,105,388
123,53,7,129,312
149,129,34,148,460
28,78,20,2,128
76,58,35,147,316
92,118,122,33,365
139,90,70,75,374
40,81,134,130,385
81,1,37,9,128
143,30,54,21,248
75,119,73,115,382
111,88,105,79,383
121,38,113,35,307
102,71,17,13,203
78,125,61,128,392
132,1,38,87,258
34,58,128,76,296
76,43,34,100,253
10,98,24,77,209
69,105,77,3,254
103,26,61,98,288
67,124,85,131,407
104,76,52,105,337
115,33,46,52,246
102,36,31,142,311
126,107,86,150,469
113,27,76,20,236
8,53,130,109,300
5,90,111,55,261
127,52,42,27,248
72,23,39,109,243
107,71,37,9,224
33,89,117,71,310
27,40,141,94,302
29,55,104,145,333
60,38,144,28,270
105,64,47,122,338
60,47,39,31,177
79,37,124,15,255
18,4,68,128,218
127,34,72,145,378
17,14,34,123,188
128,89,37,57,311
10,111,27,65,213
106,22,59,125,312
17,93,22,114,246
78,60,41,142,321
124,53,4,61,242
70,127,30,50,277
89,79,95,6,269
137,27,6,131,301
145,1,106,105,357
26,16,128,91,261
124,79,147,52,402
116,57,25,38,236
111,68,64,86,329
146,31,58,52,287
139,130,28,94,391
72,85,103,33,293
34,69,26,62,191
93,134,59,136,422
53,8,81,139,281
122,133,108,58,421
31,150,150,76,407
105,150,42,112,409
44,5,82,15,146
53,80,29,123,285
16,87,97,11,211
23,97,98,38,256
97,146,124,113,480
118,129,6,120,373
43,63,136,2,244
35,146,14,141,336
114,138,87,8,347
59,22,137,64,282
70,135,47,52,304
132,122,147,36,437
78,20,120,83,301
39,99,43,137,318
70,86,147,131,434
120,34,123,60,337
138,29,103,79,349
113,88,32,23,256
13,85,135,63,296
86,16,42,94,238
7,64,6,85,162
20,31,52,41,144
50,71,13,115,249
131,146,131,117,525
25,76,108,12,221
29,91,88,91,299
64,70,106,104,344
143,119,12,71,345
143,91,101,11,346
11,145,141,32,329
113,132,80,23,348
103,51,81,88,323
47,133,21,37,238
77,45,50,49,221
129,22,24,83,258
52,56,43,27,178
127,116,48,137,428
116,20,24,52,212
115,85,26,41,267
35,64,30,21,150
112,146,55,87,400
108,5,51,111,275
55,150,109,77,391
125,122,60,12,319
118,100,85,66,369
20,17,17,148,202
144,24,147,12,327
69,76,40,125,310
126,49,119,14,308
139,113,128,147,527
69,72,77,13,231
121,85,13,100,319
29,122,81,101,333
98,123,124,36,381
87,110,48,59,304
116,136,47,44,343
113,44,40,11,208
6,125,76,111,318
49,16,96,102,263
150,138,13,106,407
67,63,143,52,325
1,5,48,53,107
60,12,39,118,229
149,2,130,68,349
128,149,41,130,448
117,62,82,99,360
141,29,122,62,354
59,5,111,61,236
66,128,61,59,314
112,6,83,80,281
9,82,74,25,190
1,117,112,45,275
47,57,45,132,281
27,135,7,94,263
69,120,71,21,281
145,93,30,47,315
62,89,105,145,401
108,147,11,119,385
63,98,65,53,279
139,127,41,71,378
120,105,48,36,309
59,49,135,79,322
3,11,117,107,238
142,71,105,116,434
105,1,122,43,271
53,50,32,2,137
4,13,56,122,195
37,8,98,57,200
111,129,115,86,441
45,66,42,33,186
79,59,24,71,233
38,101,67,136,342
82,49,150,79,360
85,3,72,28,188
32,126,31,129,318
82,103,150,38,373
17,89,138,128,372
91,69,48,38,246
70,55,29,138,292
12,23,47,30,112
67,14,71,119,271
100,10,123,130,363
95,4,138,67,304
37,100,23,27,187
97,84,86,105,372
28,36,71,145,280
66,58,122,149,395
110,116,124,54,404
47,137,88,67,339
70,86,33,77,266
57,85,80,55,277
97,35,2,20,154
146,83,37,82,348
24,98,83,86,291
142,13,3,131,289
4,94,122,129,349
20,20,149,7,196
94,4,77,128,303
38,58,77,90,263
18,124,50,9,201
147,72,47,39,305
148,32,147,132,459
48,148,104,74,374
133,14,1,5,153
124,43,59,136,362
121,44,80,131,376
134,82,133,148,497
70,84,134,123,411
4,74,6,69,153
78,19,45,38,180
61,129,93,145,428
4,81,82,84,251
11,83,14,31,139
13,36,148,34,231
39,87,19,123,268
96,131,111,5,343
46,12,64,133,255
48,67,35,108,258
137,84,99,9,329
71,60,41,39,211
12,5,104,121,242
97,145,64,112,418
18,98,40,68,224
28,63,33,1,125
51,126,43,124,344
95,135,118,150,498
138,98,25,122,383
116,9,96,124,345
43,38,38,138,257
32,140,38,45,255
36,95,149,3,283
59,111,124,77,371
40,135,87,64,326
88,99,23,99,309
108,61,129,54,352
138,71,137,97,443
66,125,108,94,393
28,108,16,108,260
128,35,148,105,416
88,94,73,145,400
131,110,29,30,300
14,32,119,91,256
95,46,47,94,282
104,77,128,28,337
146,142,93,142,523
90,102,58,97,347
91,113,130,10,344
125,77,84,3,289
70,131,86,120,407
2,38,31,48,119
18,42,140,109,309
39,95,129,93,356
94,97,17,117,325
94,133,25,19,271
1,104,135,51,291
21,21,85,141,268
77,42,115,133,367
52,46,122,8,228
111,140,54,112,417
78,131,131,17,357
114,37,22,1,174
16,49,24,123,212
20,83,127,126,356
10,139,101,107,357
60,116,92,113,381
75,113,125,71,384
30,17,56,121,224
73,53,86,43,255
131,7,102,89,329
97,85,48,83,313
73,80,80,141,374
54,77,89,108,328
140,82,38,70,330
105,73,40,21,239
48,132,12,27,219
51,4,100,123,278
126,23,70,39,258
43,136,4,36,219
42,41,79,134,296
61,121,149,101,432
141,122,41,83,387
65,144,80,80,369
7,144,84,92,327
113,31,114,89,347
123,150,54,142,469
8,49,62,78,197
117,16,49,142,324
130,81,69,89,369
127,76,143,107,453
2,109,65,29,205
133,4,69,53,259
133,143,141,34,451
66,3,10,66,145
38,53,118,99,308
140,145,12,50,347
12,4,84,32,132
22,121,113,62,318
113,95,4,131,343
66,79,120,5,270
92,99,85,31,307
101,70,25,6,202
122,131,106,125,484
67,37,70,107,281
21,31,49,133,234
109,83,119,14,325
120,114,128,13,375
143,53,32,72,300
85,37,45,43,210
134,139,73,83,429
47,7,50,119,223
128,78,15,45,266
148,140,90,78,456
133,97,31,86,347
146,27,43,33,249
81,123,69,98,371
9,87,118,99,313
8,143,19,115,285
43,134,33,130,340
138,40,109,83,370
56,50,65,48,219
116,113,52,66,347
85,103,5,96,289
36,129,56,108,329
56,6,69,109,240
6,24,123,67,220
98,65,24,6,193
11,80,2,50,143
98,103,99,4,304
59,143,143,95,440
94,5,139,128,366
34,108,11,5,158
107,56,80,84,327
25,136,64,46,271
108,76,59,83,326
88,41,54,59,242
42,43,117,111,313
19,41,105,35,200
44,43,54,91,232
50,143,123,41,357
90,57,51,98,296
3,10,121,50,184
122,105,6,92,325
143,85,36,60,324
14,93,101,31,239
60,65,23,147,295
108,53,139,62,362
91,72,108,22,293
86,21,103,3,213
10,115,55,54,234
138,4,26,50,218
42,70,52,3,167
77,29,120,52,278
51,138,122,140,451
149,42,11,52,254
71,45,96,96,308
112,68,42,117,339
20,71,131,102,324
109,126,150,124,509
112,100,76,34,322
6,116,16,94,232
48,109,112,33,302
134,131,37,31,333
132,60,17,37,246
41,77,57,71,246
66,21,89,35,211
20,126,95,2,243
1,67,60,13,141
117,17,44,14,192
120,21,30,121,292
71,79,89,11,250
108,75,47,87,317
17,61,144,81,303
55,71,112,52,290
6,83,32,37,158
73,2,92,61,228
94,35,82,20,231
29,126,129,2,286
4,104,130,109,347
97,43,43,45,228
102,141,145,4,392
47,100,84,91,322
94,119,44,91,348
40,60,111,122,333
74,79,32,63,248
51,10,77,148,286
58,99,2,55,214
71,143,116,103,433
121,36,26,110,293
82,96,68,133,379
59,133,66,72,330
74,128,143,8,353
67,47,129,15,258
5,142,29,81,257
131,144,99,93,467
21,112,7,96,236
108,54,125,103,390
79,84,38,30,231
131,11,16,51,209
31,26,139,93,289
57,125,101,88,371
45,16,17,134,212
135,38,109,4,286
123,59,93,2,277
51,125,68,126,370
101,87,47,137,372
119,88,70,93,370
38,110,125,148,421
142,124,83,78,427
78,66,7,31,182
46,43,35,54,178
99,96,62,139,396
4,141,115,82,342
117,130,138,118,503
120,74,64,26,284
31,118,10,44,203
41,126,27,89,283
113,121,143,54,431
130,87,127,51,395
140,98,101,16,355
10,106,37,45,198
68,125,137,103,433
144,77,113,88,422
140,64,77,130,411
53,74,124,78,329
5,85,136,25,251
49,69,79,43,240
19,35,72,31,157
98,135,117,138,488
105,56,77,136,374
61,111,33,147,352
29,33,147,76,285
139,104,97,10,350
14,116,111,142,383
19,64,44,5,132
150,134,67,86,437
19,132,48,84,283
121,100,124,31,376
128,84,37,120,369
134,54,38,113,339
42,19,142,81,284
1,68,74,4,147
144,79,113,23,359
138,140,46,130,454
85,70,88,20,263
18,107,145,98,368
64,39,18,94,215
142,39,112,15,308
22,67,147,26,262
141,104,142,95,482
84,109,128,1,322
36,111,140,136,423
18,122,96,74,310
112,32,26,150,320
39,64,22,74,199
66,83,96,35,280
72,56,63,82,273
70,138,54,15,277
111,61,32,8,212
34,39,19,96,188
76,51,21,100,248
101,51,111,83,346
118,101,72,73,364
143,124,62,148,477
138,133,119,69,459
141,77,90,84,392
84,49,34,94,261
45,103,48,37,233
19,74,146,141,380
5,38,143,142,328
84,105,115,120,424
99,134,117,132,482
90,40,124,67,321
148,65,137,43,393
85,14,75,90,264
28,13,42,116,199
141,103,128,73,445
116,93,82,126,417
83,94,107,74,358
19,4,126,32,181
145,5,5,119,274
9,115,31,16,171
129,10,35,30,204
59,123,104,79,365
37,10,114,5,166
107,119,93,63,382
81,39,147,120,387
131,8,64,14,217
76,41,90,18,225
130,37,14,60,241
122,43,110,13,288
111,125,122,69,427
99,15,115,10,239
101,142,115,63,421
19,56,146,146,367
36,44,110,104,294
59,80,61,143,343
34,20,85,48,187
18,88,93,144,343
31,120,87,94,332
81,15,64,19,179
119,23,2,28,172
142,96,58,66,362
35,135,111,145,426
1,54,2,104,161
30,47,114,106,297
93,110,25,32,260
72,7,87,102,268
102,35,122,134,393
5,77,38,66,186
79,147,50,50,326
56,56,37,75,224
116,63,51,147,377
27,97,48,18,190
100,32,142,130,404
129,42,22,35,228
52,80,61,11,204
10,84,31,57,182
105,86,23,127,341
7,60,81,57,205
20,60,23,131,234
79,97,118,141,435
94,124,144,26,388
83,148,146,95,472
120,140,53,123,436
89,11,23,53,176
76,31,7,135,249
133,144,119,127,523
143,91,14,146,394
146,67,94,7,314
103,5,22,85,215
34,141,60,132,367
15,74,109,64,262
111,100,46,11,268
61,125,51,74,311
137,34,41,76,288
58,74,31,47,210
50,12,137,12,211
142,51,19,14,226
106,63,54,7,230
10,107,56,3,176
4,118,136,23,281
54,78,54,66,252
1,101,138,133,373
65,43,76,102,286
78,67,112,61,318
108,110,69,1,288
85,92,111,103,391
119,51,99,6,275
37,55,130,66,288
109,138,143,90,480
18,140,114,27,299
138,31,24,69,262
144,7,37,98,286
54,34,10,15,113
107,68,98,31,304
47,126,80,89,342
107,12,145,34,298
104,33,150,87,374
110,63,6,41,220
140,148,109,127,524
52,63,80,52,247
16,58,54,109,237
147,62,4,62,275
137,126,144,150,557
114,42,138,17,311
144,116,105,109,474
142,56,66,15,279
127,84,49,103,363
130,48,71,9,258
120,48,30,144,342
106,72,104,132,414
95,45,12,105,257
37,32,18,35,122
113,143,28,127,411
140,112,142,147,541
23,98,111,144,376
131,90,120,80,421
21,42,81,63,207
102,120,113,30,365
73,126,142,122,463
133,103,110,140,486
22,19,146,149,336
113,135,46,26,320
73,101,126,143,443
137,64,113,37,351
126,38,126,118,408
97,42,110,122,371
146,103,146,95,490
80,86,3,8,177
28,64,100,109,301
55,130,111,96,392
19,144,147,132,442
139,72,116,46,373
7,61,45,64,177
59,109,146,142,456
120,6,146,96,368
96,75,146,107,424
94,78,46,115,333
116,73,103,69,361
138,36,130,56,360
6,80,107,105,298
20,124,118,80,342
19,116,96,137,368
61,139,90,101,391
147,49,147,51,394
1,128,93,106,328
127,135,71,20,353
6,40,61,118,225
122,43,78,80,323
109,141,141,142,533
51,120,126,82,379
33,108,6,125,272
50,91,72,110,323
145,52,58,15,270
94,127,4,12,237
13,43,67,26,149
100,55,7,83,245
58,65,34,94,251
78,77,44,48,247
18,105,18,123,264
108,135,29,86,358
34,80,117,106,337
9,129,128,25,291
67,47,148,114,376
148,121,79,43,391
27,87,112,1,227
37,3,85,119,244
120,144,89,112,465
135,11,130,14,290
34,143,117,5,299
95,39,54,47,235
59,122,128,43,352
62,147,87,141,437
17,72,41,140,270
138,93,116,31,378
106,143,10,146,405
132,25,107,28,292
8,48,12,5,73
118,91,50,113,372
122,55,26,131,334
71,57,133,106,367
106,118,97,105,426
145,90,137,131,503
12,70,46,120,248
128,30,34,112,304
9,118,148,116,391
23,116,20,129,288
109,13,115,115,352
43,8,84,122,257
84,90,118,149,441
148,68,71,74,361
4,9,55,7,75
112,41,66,109,328
141,18,88,30,277
10,27,71,5,113
41,133,50,106,330
131,48,109,99,387
35,148,6,14,203
66,18,37,97,218
41,10,149,8,208
30,95,24,51,200
116,94,45,140,395
11,35,85,13,144
65,70,103,56,294
96,97,43,7,243
50,90,43,119,302
91,147,25,73,336
76,114,35,5,230
31,139,92,120,382
11,81,143,139,374
141,77,89,76,383
17,21,118,77,233
30,23,21,23,97
49,31,16,21,117
81,80,62,107,330
5,29,133,141,308
122,18,128,77,345
107,101,127,71,406
14,80,6,99,199
138,116,78,11,343
103,136,52,139,430
26,67,136,69,298
78,120,87,108,393
141,135,96,105,477
106,74,18,113,311
109,69,121,45,344
121,2,97,30,250
64,33,93,103,293
124,31,32,21,208
59,109,135,10,313
76,79,55,80,290
36,126,33,37,232
77,98,49,15,239
24,33,37,106,200
133,72,59,129,393
111,55,22,108,296
43,90,12,131,276
12,105,44,48,209
100,107,125,104,436
112,85,27,80,304
139,123,80,114,456
52,105,3,23,183
103,143,74,107,427
58,86,59,104,307
3,102,31,95,231
118,136,35,92,381
24,88,94,79,285
130,38,85,148,401
30,142,37,50,259
11,145,52,107,315
45,22,135,37,239
42,107,70,148,367
44,49,111,95,299
90,12,117,61,280
83,80,42,143,348
42,119,62,96,319
44,37,38,75,194
145,69,114,108,436
62,33,94,83,272
48,11,61,139,259
83,14,56,55,208
66,55,70,133,324
122,124,82,94,422
133,102,124,79,438
39,108,16,10,173
150,2,70,35,257
85,103,5,14,207
85,122,131,120,458
115,49,119,22,305
84,24,116,57,281
62,106,124,138,430
78,94,28,71,271
79,26,124,16,245
110,72,150,83,415
21,115,107,62,305
129,73,142,15,359
61,112,22,122,317
53,76,23,99,251
35,88,81,95,299
55,39,56,83,233
11,36,46,40,133
148,117,86,78,429
115,96,41,81,333
104,95,138,47,384
14,129,77,38,258
69,99,105,78,351
53,1,115,86,255
42,149,70,69,330
27,18,8,42,95
70,128,127,103,428
37,61,25,36,159
137,75,113,106,431
101,15,145,45,306
82,74,111,88,355
81,25,74,10,190
14,139,86,26,265
39,2,115,32,188
65,135,28,117,345
40,26,94,47,207
128,134,97,48,407
74,16,132,78,300
21,23,39,6,89
48,57,109,122,336
14,125,73,58,270
98,89,135,47,369
37,62,74,22,195
20,126,82,142,370
26,68,18,149,261
97,66,146,33,342
68,144,89,10,311
9,92,112,139,352
127,70,115,26,338
56,150,34,118,358
61,98,115,117,391
123,147,4,101,375
75,12,112,27,226
46,26,1,77,150
104,106,122,50,382
70,29,19,74,192
9,134,18,30,191
79,118,134,150,481
58,39,134,98,329
66,95,4,93,258
57,4,69,15,145
59,106,35,54,254
66,70,85,81,302
24,83,64,114,285
4,54,71,83,212
50,6,52,117,225
43,75,88,69,275
67,96,113,78,354
35,30,86,140,291
120,142,18,73,353
29,67,57,17,170
29,96,46,147,318
78,20,20,37,155
18,116,76,103,313
83,1,64,116,264
95,122,53,125,395
96,144,68,98,406
127,54,104,122,407
77,2,43,34,156
61,65,64,81,271
117,110,41,82,350
125,47,18,63,253
41,95,146,109,391
111,132,134,107,484
44,91,56,75,266
32,67,66,119,284
111,150,131,15,407
133,107,43,61,344
61,73,58,8,200
99,123,58,4,284
39,105,34,28,206
9,50,22,149,230
53,131,105,144,433
68,89,90,75,322
3,123,13,81,220
100,53,70,30,253
115,10,17,97,239
73,1,132,33,239
91,11,114,97,313
47,71,20,60,198
127,75,93,20,315
10,150,77,45,282
96,7,83,103,289
115,86,150,88,439
23,118,29,23,193
80,128,113,82,403
17,36,76,86,215
122,45,139,124,430
49,137,67,101,354
24,136,18,139,317
133,131,6,33,303
26,70,23,98,217
35,138,58,40,271
104,124,30,37,295
6,70,16,86,178
42,13,55,131,241
94,49,18,19,180
35,146,90,26,297
26,2,100,18,146
22,105,113,124,364
25,22,74,62,183
84,7,85,74,250
139,94,26,66,325
80,117,71,54,322
109,95,6,13,223
28,65,72,81,246
125,119,92,30,366
110,54,54,118,336
2,58,149,87,296
108,23,19,138,288
123,6,110,41,280
53,144,32,15,244
85,100,52,100,337
5,147,87,127,366
59,61,111,145,376
88,24,36,105,253
114,41,39,135,329
49,108,123,24,304
46,28,37,36,147
145,42,120,71,378
81,128,35,81,325
77,46,134,37,294
72,18,20,80,190
126,36,43,65,270
127,130,132,104,493
45,126,103,32,306
21,20,66,6,113
26,84,87,123,320
60,40,116,49,265
83,117,92,21,313
62,63,40,7,172
96,125,27,147,395
76,2,118,73,269
31,10,37,43,121
145,2,107,47,301
105,48,43,70,266
63,69,1,110,243
15,141,92,146,394
68,133,7,128,336
128,6,133,25,292
145,125,38,124,432
110,39,82,131,362
120,81,35,146,382
137,4,125,19,285
2,75,52,89,218
23,128,128,31,310
102,69,100,92,363
53,144,123,27,347
77,14,91,89,271
46,43,68,99,256
10,90,137,14,251
4,140,112,43,299
123,133,9,146,411
68,105,68,41,282
84,19,2,86,191
30,83,26,51,190
132,106,144,27,409
31,1,40,66,138
137,90,81,137,445
71,84,93,111,359
89,117,142,118,466
78,147,102,34,361
15,38,45,121,219
78,79,101,15,273
139,99,41,16,295
39,125,2,113,279
146,86,103,96,431
147,94,146,9,396
126,97,67,115,405
105,11,33,80,229
104,69,118,148,439
94,67,77,60,298
37,25,66,4,132
122,7,137,85,351
100,119,145,6,370
55,11,61,105,232
55,64,63,50,232
55,105,140,15,315
34,5,120,16,175
117,18,149,122,406
19,97,96,99,311
88,82,62,89,321
19,126,34,21,200
111,96,128,63,398
102,108,5,50,265
17,46,82,41,186
7,142,61,2,212
84,48,37,147,316
50,128,119,87,384
64,14,122,76,276
142,65,119,125,451
58,133,111,57,359
101,54,11,2,168
64,96,59,64,283
38,133,141,134,446
134,77,20,122,353
25,141,49,62,277
30,6,41,18,95
118,15,74,20,227
77,44,37,113,271
46,25,44,133,248
23,17,47,69,156
26,124,83,73,306
146,69,139,7,361
50,111,102,36,299
83,16,36,79,214
110,122,85,109,426
117,40,142,66,365
105,58,27,78,268
100,23,148,133,404
11,18,43,37,109
18,125,145,10,298
60,118,36,87,301
64,101,35,18,218
37,112,15,110,274
4,27,143,66,240
143,106,71,23,343
104,93,106,91,394
94,148,40,27,309
125,63,119,1,308
1,80,123,29,233
60,60,80,62,262
14,136,4,85,239
44,16,63,82,205
121,84,67,45,317
23,24,129,115,291
77,75,45,133,330
99,47,29,115,290
116,97,64,11,288
8,102,100,127,337
114,68,96,93,371
48,138,92,137,415
86,103,148,64,401
28,141,47,56,272
28,76,68,96,268
111,126,132,137,506
98,94,23,91,306
110,71,78,49,308
133,49,65,119,366
136,138,126,75,475
68,15,6,18,107
37,120,137,38,332
70,26,132,5,233
103,120,96,45,364
38,26,8,130,202
134,97,42,10,283
113,6,44,36,199
65,5,82,113,265
61,91,27,13,192
18,6,75,109,208
134,93,150,68,445
127,47,31,57,262
67,132,129,77,405
80,81,1,17,179
117,38,94,150,399
142,84,129,105,460
149,45,5,99,298
79,100,17,25,221
149,76,85,7,317
99,84,120,35,338
20,19,45,86,170
73,129,127,32,361
74,86,52,129,341
68,86,75,17,246
20,31,11,14,76
69,128,108,64,369
63,95,133,39,330
16,6,27,147,196
69,78,63,10,220
51,34,69,53,207
118,143,93,5,359
64,150,15,43,272
143,129,81,80,433
88,94,90,82,354
142,117,67,68,394
32,132,39,34,237
102,10,125,65,302
100,122,67,65,354
94,87,106,30,317
27,108,140,47,322
123,71,3,71,268
53,90,68,75,286
60,54,137,7,258
136,134,33,15,318
68,116,87,24,295
20,4,57,121,202
34,76,86,53,249
103,83,149,75,410
21,1,29,5,56
92,16,123,70,301
24,86,11,90,211
120,101,115,62,398
6,140,25,20,191
34,62,23,43,162
102,96,84,103,385
81,149,22,57,309
139,65,107,100,411
94,94,66,38,292
136,90,126,134,486
82,29,148,136,395
124,81,65,44,314
36,41,18,42,137
64,59,81,149,353
83,33,11,58,185
79,92,84,8,263
8,93,14,126,241
128,24,31,119,302
118,79,97,37,331
50,60,81,134,325
33,12,14,144,203
68,87,84,50,289
54,53,53,28,188
91,10,57,99,257
95,103,15,60,273
133,67,98,100,398
89,4,55,41,189
89,59,68,141,357
23,39,59,101,222
27,44,14,11,96
69,59,86,103,317
18,85,55,126,284
10,69,78,22,179
116,4,124,113,357
50,47,10,97,204
51,9,47,100,207
142,86,44,92,364
9,87,19,75,190
65,113,93,51,322
20,104,6,92,222
115,112,86,126,439
116,82,85,91,374
124,48,69,136,377
132,87,106,53,378
16,137,85,91,329
129,66,117,115,427
44,87,29,138,298
23,35,105,49,212
115,30,80,96,321
117,19,26,8,170
63,143,118,2,326
42,55,113,83,293
125,99,141,134,499
2,85,54,129,270
104,125,30,41,300
92,150,78,131,451
77,108,10,26,221
56,97,86,17,256
81,134,28,44,287
124,96,130,88,438
20,57,130,37,244
90,67,52,65,274
82,113,38,16,249
141,148,42,3,334
131,62,66,43,302
139,80,50,8,277
85,132,9,1,227
89,131,130,72,422
126,5,96,124,351
132,81,92,54,359
133,72,7,123,335
106,95,45,16,262
102,52,75,132,361
14,59,69,34,176
48,126,10,117,301
88,118,42,6,254
132,56,47,62,297
67,2,57,20,146
150,2,143,124,419
120,126,68,111,425
131,30,38,78,277
40,132,60,125,357
97,22,64,99,282
138,86,63,20,307
38,77,22,147,284
33,146,59,49,287
28,99,86,73,286
129,149,130,133,541
124,135,142,11,412
82,22,131,64,299
129,77,99,23,328
120,110,15,12,257
42,13,90,28,173
9,50,123,135,317
144,71,45,145,405
43,75,70,84,272
1,103,47,116,267
93,8,39,69,209
112,133,129,65,439
42,135,91,78,346
7,122,136,125,390
138,23,3,127,291
30,17,99,40,186
6,106,48,92,252
6,59,107,18,190
13,85,148,49,295
61,46,149,57,313
35,29,110,34,208
103,36,35,136,310
57,59,47,141,304
24,37,99,148,308
56,8,116,5,185
106,68,137,44,355
81,46,82,146,355
111,18,15,113,257
51,140,138,39,368
93,29,127,13,262
71,49,144,51,315
123,127,94,108,452
70,59,40,102,271
43,60,4,15,122
93,78,76,65,312
101,143,30,74,348
77,30,21,23,151
49,65,94,72,280
85,38,87,83,293
39,11,64,89,203
147,69,62,33,311
87,32,101,20,240
77,58,4,28,167
77,95,57,35,264
101,136,97,87,421
126,104,53,63,346
121,56,3,59,239
137,7,125,113,382
54,34,14,23,125
132,120,99,38,389
129,105,16,65,315
143,93,149,112,497
133,53,73,118,377
43,138,74,34,289
60,82,65,137,344
45,98,1,78,222
13,108,6,31,158
143,61,136,17,357
96,134,52,1,283
6,73,44,63,186
62,52,141,93,348
135,118,43,74,370
77,144,80,31,332
90,30,143,103,366
146,83,112,64,405
99,55,14,89,257
12,35,24,48,119
41,16,20,8,85
103,115,38,17,273
30,79,98,96,303
113,2,148,105,368
136,50,124,19,329
4,98,85,79,266
53,38,102,71,264
47,107,46,134,334
35,134,90,126,385
137,115,74,57,383
107,3,86,54,250
11,116,120,9,256
39,55,102,67,263
108,149,21,6,284
140,109,55,121,425
123,107,66,150,446
65,109,79,63,316
126,110,55,10,301
113,52,115,142,422
147,95,60,116,418
7,67,137,76,287
26,73,70,133,302
100,66,53,31,250
14,77,28,24,143
38,44,39,30,151
120,86,54,129,389
132,107,143,8,390
36,73,11,39,159
95,125,20,43,283
82,34,134,53,303
140,69,46,131,386
10,82,7,133,232
146,25,86,132,389
74,5,14,104,197
29,122,90,99,340
115,114,67,15,311
65,12,14,143,234
25,3,145,1,174
32,142,142,75,391
2,39,94,148,283
107,64,29,114,314
29,20,49,76,174
139,78,40,129,386
20,53,61,52,186
115,26,41,103,285
56,35,26,148,265
116,42,144,66,368
110,1,20,14,145
120,5,13,34,172
114,68,138,9,329
1,84,27,150,262
16,150,131,66,363
23,72,55,75,225
89,110,30,93,322
150,45,146,79,420
27,95,118,97,337
103,50,85,101,339
24,36,88,98,246
25,57,93,48,223
76,134,22,128,360
17,44,21,115,197
32,129,7,11,179
14,8,118,136,276
142,76,64,45,327
54,38,131,49,272
23,148,59,150,380
6,39,23,48,116
88,39,106,113,346
119,18,11,133,281
57,68,56,24,205
149,91,33,66,339
21,28,105,82,236
24,49,147,47,267
3,138,112,133,386
20,146,92,148,406
102,119,84,78,383
39,98,116,63,316
69,150,117,82,418
6,130,90,19,245
110,12,114,87,323
17,98,53,93,261
122,116,3,91,332
33,105,70,119,327
141,76,69,114,400
84,84,41,34,243
107,112,135,122,476
98,123,74,30,325
30,78,17,115,240
102,54,38,130,324
107,52,123,108,390
128,97,135,1,361
61,113,74,9,257
143,135,77,66,421
19,3,21,57,100
106,19,57,30,212
112,142,18,106,378
88,47,128,134,397
32,101,10,115,258
38,75,146,123,382
77,110,144,46,377
131,19,54,55,259
65,135,134,60,394
35,23,110,56,224
32,122,107,30,291
17,22,106,36,181
146,67,24,119,356
89,146,147,40,422
125,115,48,122,410
147,91,71,52,361
138,78,9,1,226
128,133,111,3,375
109,104,4,14,231
126,117,71,4,318
121,21,131,133,406
70,45,77,35,227
81,54,107,130,372
59,133,71,138,401
138,146,90,34,408
77,12,42,23,154
18,74,26,138,256
50,34,4,32,120
88,26,92,52,258
110,49,124,118,401
101,113,23,22,259
97,120,149,66,432
126,27,125,9,287
2,64,15,124,205
113,129,56,95,393
65,97,23,54,239
146,40,90,67,343
114,52,13,1,180
79,111,78,38,306
82,44,72,9,207
20,36,114,133,303
104,80,143,41,368
52,130,101,43,326
12,122,81,88,303
117,66,27,59,269
103,62,6,143,314
39,78,59,61,237
109,71,11,65,256
21,85,45,5,156
57,84,61,82,284
63,89,65,8,225
143,106,41,70,360
145,33,46,54,278
84,60,65,54,263
88,139,99,74,400
1,86,69,148,304
122,131,87,45,385
35,25,145,25,230
80,68,81,107,336
80,73,97,80,330
92,56,108,132,388
6,12,93,12,123
133,144,102,58,437
88,88,28,102,306
86,99,59,31,275
122,148,4,103,377
89,104,31,37,261
6,103,80,124,313
9,43,68,134,254
57,77,9,120,263
115,66,14,138,333
137,55,61,148,401
129,69,52,1,251
66,30,23,144,263
37,50,36,103,226
17,65,30,89,201
96,118,56,105,375
132,66,9,39,246
92,121,98,9,320
137,140,98,108,483
25,109,146,77,357
118,115,5,36,274
147,83,56,84,370
59,123,81,148,411
1,112,136,66,315
28,145,43,41,257
81,85,39,68,273
112,38,2,74,226
95,145,66,104,410
58,111,18,11,198
28,55,105,84,272
65,15,74,61,215
87,127,140,85,439
116,102,119,55,392
78,134,93,77,382
4,64,69,91,228
1,18,110,120,249
108,112,7,92,319
75,68,122,66,331
109,69,42,102,322
105,75,56,16,252
4,90,10,59,163
102,39,100,139,380
94,130,32,82,338
20,113,145,122,400
17,29,99,55,200
24,92,100,12,228
98,70,39,150,357
125,88,68,72,353
42,79,14,64,199
12,46,116,44,218
135,55,65,63,318
120,36,98,23,277
7,54,44,66,171
93,110,19,21,243
44,94,67,82,287
129,70,66,143,408
86,39,35,91,251
26,101,142,28,297
111,124,127,87,449
77,149,45,112,383
99,32,96,134,361
5,48,122,118,293
84,46,17,25,172
68,142,23,94,327
60,59,48,48,215
131,98,38,66,333
99,134,142,147,522
32,73,64,4,173
83,119,138,104,444
92,146,6,24,268
128,26,75,39,268
76,92,69,73,310
70,83,23,40,216
130,148,102,15,395
40,84,118,110,352
114,53,1,128,296
78,20,150,6,254
150,55,142,98,445
62,8,55,126,251
50,71,20,43,184
23,149,141,4,317
115,49,89,39,292
57,63,144,22,286
41,91,45,114,291
134,82,112,53,381
95,69,91,129,384
112,4,129,6,251
141,108,21,89,359
115,100,104,119,438
74,82,6,113,275
15,139,55,93,302
5,129,35,3,172
49,64,8,94,215
21,61,35,8,125
38,26,124,71,259
107,78,20,8,213
89,61,94,56,300
48,73,89,143,353
138,39,97,46,320
127,47,84,48,306
124,12,47,132,315
16,3,51,38,108
149,146,122,120,537
83,16,103,63,265
28,92,115,54,289
124,21,53,143,341
88,30,2,10,130
34,144,86,73,337
93,103,3,102,301
102,55,133,25,315
70,19,26,102,217
113,122,46,5,286
53,58,91,86,288
21,72,122,114,329
119,120,5,39,283
83,29,72,47,231
132,135,3,8,278
127,133,130,82,472
59,47,133,44,283
31,137,109,77,354
97,17,127,67,308
88,110,130,95,423
146,145,47,112,450
135,30,18,75,258
132,98,30,59,319
79,95,41,140,355
21,88,81,68,258
111,68,42,106,327
18,89,99,116,322
71,67,6,36,180
116,69,104,145,434
84,2,106,82,274
56,130,96,10,292
27,99,15,51,192
24,150,65,148,387
113,146,87,47,393
138,61,32,32,263
94,1,116,32,243
15,26,149,146,336
43,86,22,103,254
126,75,143,121,465
121,60,7,100,288
41,5,36,22,104
16,117,20,113,266
28,50,135,64,277
84,69,115,89,357
104,79,9,35,227
134,39,3,83,259
36,42,20,98,196
68,131,17,66,282
150,93,21,58,322
30,80,63,96,269
86,4,3,105,198
60,17,107,44,228
96,148,17,94,355
47,54,135,127,363
11,45,72,123,251
29,2,78,8,117
37,105,30,42,214
5,143,81,86,315
54,126,106,49,335
146,68,122,75,411
148,113,103,50,414
25,22,8,55,110
101,147,98,140,486
4,100,121,85,310
93,64,99,37,293
149,98,48,78,373
67,116,62,56,301
34,27,24,95,180
89,81,105,37,312
25,15,2,139,181
144,52,125,58,379
114,38,138,7,297
120,68,33,22,243
43,93,34,30,200
139,23,1,144,307
40,105,100,112,357
30,85,14,64,193
110,88,87,102,387
57,30,138,28,253
69,30,63,136,298
64,146,148,135,493
115,46,50,25,236
77,144,8,23,252
64,149,41,37,291
139,127,3,132,401
56,99,92,109,356
58,36,45,53,192
140,117,23,66,346
86,39,123,37,285
146,32,113,112,403
99,105,51,25,280
61,149,104,9,323
11,12,1,95,119
12,48,96,112,268
100,8,60,113,281
61,11,95,112,279
107,149,1,110,367
141,110,34,122,407
112,58,32,125,327
110,134,80,33,357
37,2,96,67,202
74,57,149,33,313
53,89,145,32,319
93,58,5,90,246
55,76,79,74,284
27,113,87,68,295
62,26,134,131,353
70,110,7,30,217
139,121,32,115,407
109,74,9,11,203
2,41,144,121,308
29,16,53,123,221
54,136,11,128,329
6,62,95,126,289
130,82,112,47,371
125,44,126,60,355
69,138,110,149,466
81,63,109,84,337
112,90,56,31,289
87,135,8,89,319
93,114,38,111,356
22,115,46,62,245
70,142,71,121,404
87,92,130,15,324
65,21,115,60,261
111,42,135,126,414
34,121,138,109,402
75,29,108,46,258
55,144,105,64,368
16,5,83,61,165
149,3,45,105,302
28,106,1,2,137
45,55,98,129,327
1,46,133,122,302
107,84,27,17,235
13,50,148,12,223
60,91,62,43,256
63,74,32,50,219
100,115,65,106,386
130,116,88,119,453
32,5,65,74,176
10,120,89,113,332
91,37,21,6,155
13,143,40,38,234
45,29,15,29,118
39,8,30,100,177
103,90,55,76,324
150,114,138,85,487
66,141,67,142,416
38,106,24,12,180
70,108,41,122,341
128,142,32,112,414
49,51,58,35,193
43,38,33,17,131
149,22,149,136,456
100,50,35,138,323
56,127,33,148,364
111,61,47,139,358
34,46,146,66,292
15,85,34,34,168
108,132,17,101,358
65,116,26,107,314
27,51,65,70,213
42,141,121,96,400
23,28,138,83,272
68,19,63,114,264
43,40,122,118,323
6,68,58,18,150
100,100,32,130,362
117,82,45,120,364
118,63,25,127,333
139,11,48,80,278
91,37,34,4,166
72,16,69,106,263
109,87,84,35,315
106,38,14,149,307
14,100,72,131,317
106,6,97,26,235
74,51,102,25,252
126,61,21,11,219
94,148,37,52,331
150,18,30,74,272
25,56,3,67,151
104,6,23,137,270
32,63,118,131,344
144,44,62,94,344
22,137,6,68,233
88,2,77,66,233
12,142,88,103,345
148,145,77,80,450
120,46,67,116,349
147,16,24,141,328
78,128,150,122,478
4,10,8,16,38
60,133,44,90,327
21,108,20,19,168
113,59,66,113,351
117,114,89,12,332
49,9,76,70,204
24,142,99,115,380
18,79,68,72,237
87,95,97,36,315
92,103,3,66,264
31,58,59,117,265
27,63,50,71,211
63,100,142,72,377
50,52,23,50,175
31,99,85,132,347
108,32,113,119,372
95,64,141,104,404
142,13,108,146,409
1,68,71,104,244
62,59,148,45,314
150,39,6,66,261
34,102,24,27,187
18,63,85,111,277
23,78,81,93,275
96,39,4,42,181
135,12,87,62,296
91,91,32,116,330
66,89,68,99,322
113,72,130,28,343
29,16,55,148,248
147,44,18,32,241
39,36,59,7,141
143,90,5,101,339
95,51,111,8,265
34,123,70,108,335
8,133,10,147,298
94,88,129,128,439
98,108,104,135,445
141,41,16,3,201
41,67,18,100,226
13,147,116,92,368
16,11,53,146,226
101,74,39,72,286
85,90,67,102,344
114,44,145,38,341
94,113,34,132,373
89,61,3,85,238
62,103,86,131,382
37,137,99,51,324
128,24,121,64,337
26,112,49,49,236
3,62,132,36,233
70,141,132,12,355
37,148,58,109,352
65,121,62,141,389
112,9,102,33,256
30,3,88,31,152
107,109,96,144,456
3,28,53,120,204
15,129,65,53,262
29,94,113,38,274
24,44,73,18,159
138,107,143,30,418
111,147,115,36,409
22,4,77,31,134
131,47,63,106,347
3,42,127,30,202
15,101,23,75,214
128,92,40,117,377
105,87,108,125,425
69,144,95,11,319
86,60,72,10,228
59,114,87,100,360
74,125,34,114,347
25,32,18,51,126
68,31,150,88,337
97,54,4,70,225
42,133,134,111,420
70,114,137,43,364
7,4,114,118,243
131,50,103,130,414
16,60,117,126,319
32,5,140,97,274
20,108,43,42,213
21,1,121,109,252
96,11,90,121,318
11,126,33,34,204
40,31,45,134,250
91,42,95,13,241
79,116,25,5,225
47,43,121,70,281
119,41,62,115,337
4,98,23,129,254
137,28,97,129,391
147,64,129,25,365
134,62,16,72,284
53,108,134,2,297
98,60,98,20,276
101,141,15,136,393
123,128,86,4,341
97,72,7,30,206
73,78,27,56,234
51,104,63,48,266
42,88,116,11,257
8,53,36,105,202
95,134,95,74,398
67,99,74,141,381
19,33,120,92,264
43,82,9,65,199
22,9,116,9,156
32,32,97,136,297
41,58,52,82,233
126,148,56,34,364
126,87,61,123,397
28,54,9,112,203
31,83,85,15,214
91,36,46,78,251
32,29,104,85,250
108,34,105,11,258
60,84,137,30,311
47,148,102,72,369
13,18,24,42,97
22,146,37,70,275
146,21,59,61,287
74,135,3,42,254
51,25,104,137,317
55,13,86,127,281
21,4,35,104,164
40,84,115,143,382
76,101,68,89,334
30,110,53,116,309
9,112,89,102,312
23,94,46,75,238
32,77,21,16,146
5,115,12,122,254
6,70,69,73,218
79,18,133,104,334
142,92,22,132,388
127,114,60,84,385
16,45,94,108,263
73,87,11,32,203
63,142,92,37,334
43,84,141,107,375
125,115,111,50,401
135,21,134,116,406
39,35,128,128,330
110,142,39,133,424
150,88,26,53,317
46,77,68,29,220
18,105,44,133,300
16,26,62,106,210
31,20,78,4,133
55,146,25,129,355
50,144,144,74,412
100,24,89,125,338
11,28,84,107,230
22,28,108,78,236
91,25,123,133,372
87,143,29,89,348
31,87,70,93,281
50,23,86,32,191
73,33,32,102,240
60,58,108,88,314
54,27,20,7,108
96,139,55,97,387
58,68,6,49,181
28,109,65,30,232
37,83,116,145,381
2,17,106,106,231
97,63,148,136,444
75,133,124,42,374
107,95,80,16,298
59,142,33,68,302
127,62,59,131,379
2,109,30,78,219
83,25,141,141,390
91,35,148,134,408
137,96,71,126,430
112,65,63,26,266
121,2,64,68,255
131,124,30,4,289
70,58,2,69,199
77,55,117,19,268
123,47,35,5,210
110,112,135,9,366
113,17,69,74,273
111,11,135,139,396
119,123,18,38,298
116,130,75,39,360
104,1,55,143,303
15,106,73,5,199
47,142,42,49,280
45,78,50,9,182
67,111,61,108,347
26,124,87,123,360
58,69,61,126,314
86,19,68,34,207
133,25,4,42,204
103,107,130,7,347
58,1,118,131,308
53,41,121,96,311
116,26,144,50,336
4,145,41,81,271
67,81,19,39,206
144,149,121,48,462
133,70,21,10,234
128,147,85,86,446
92,52,85,143,372
113,32,26,145,316
117,74,7,94,292
46,73,102,27,248
2,54,97,10,163
85,79,117,41,322
124,140,74,108,446
134,89,19,56,298
109,13,78,99,299
61,7,24,146,238
73,48,31,105,257
96,60,23,84,263
53,77,25,65,220
6,125,39,77,247
11,140,38,141,330
80,88,122,92,382
66,145,80,10,301
36,125,53,148,362
84,148,63,19,314
103,5,124,35,267
51,147,147,89,434
66,31,55,132,284
5,18,94,23,140
146,65,113,10,334
128,135,140,149,552
30,43,82,30,185
122,17,52,132,323
90,138,128,33,389
119,22,13,72,226
105,141,93,65,404
40,52,27,78,197
51,83,2,145,281
132,108,132,21,393
68,17,71,68,224
75,69,103,128,375
60,65,18,118,261
114,61,46,136,357
82,131,37,130,380
141,80,99,70,390
85,90,57,17,249
125,59,58,87,329
32,57,9,111,209
8,137,122,117,384
54,23,106,127,310
95,21,32,1,149
12,15,19,87,133
53,72,70,139,334
29,58,73,17,177
48,57,142,14,261
49,34,7,91,181
19,15,60,50,144
57,111,71,98,337
67,88,16,87,258
20,131,137,66,354
1,97,105,106,309
31,141,17,110,299
140,5,104,117,366
27,120,136,25,308
104,41,31,44,220
81,105,65,47,298
1,110,55,74,240
35,4,147,115,301
135,122,10,129,396
107,19,104,66,296
15,4,120,69,208
51,107,24,28,210
146,98,8,2,254
129,124,69,79,401
7,63,33,110,213
85,1,133,126,345
86,25,88,38,237
116,121,20,39,296
24,132,25,28,209
92,64,47,66,269
75,77,53,125,330
69,7,115,150,341
9,45,85,87,226
142,2,132,86,362
69,17,4,135,225
141,133,69,148,491
69,112,150,77,408
107,47,133,16,303
103,23,74,74,274
3,9,12,49,73
82,95,45,103,325
65,49,111,103,328
14,73,122,5,214
62,50,39,39,190
31,90,32,126,279
85,73,128,137,423
25,32,148,125,330
26,149,1,17,193
47,9,32,14,102
113,41,104,100,358
124,134,120,4,382
27,42,134,61,264
134,5,95,129,363
121,131,79,29,360
35,133,77,37,282
53,27,67,118,265
103,89,104,36,332
80,72,147,65,364
73,103,124,98,398
78,77,142,85,382
147,59,33,99,338
28,119,75,113,335
39,112,11,30,192
51,72,88,105,316
15,79,135,21,250
139,84,84,67,374
81,56,127,90,354
150,70,43,44,307
145,48,4,49,246
22,22,35,99,178
149,123,62,38,372
96,84,111,109,400
47,75,50,64,236
30,4,26,147,207
139,71,11,99,320
50,23,150,125,348
72,145,44,84,345
17,82,12,107,218
5,49,150,148,352
2,114,3,26,145
95,35,107,10,247
104,119,46,78,347
97,27,103,144,371
31,52,120,72,275
107,29,25,26,187
73,147,8,147,375
33,109,97,71,310
36,50,92,129,307
26,128,125,86,365
99,94,94,106,393
18,128,1,89,236
118,30,46,91,285
62,132,33,125,352
38,106,133,137,414
36,47,90,133,306
84,109,141,74,408
101,42,75,75,293
110,104,105,4,323
69,132,123,129,453
13,120,95,146,374
116,84,8,95,303
145,138,21,129,433
14,135,34,121,304
133,48,112,119,412
36,144,140,144,464
79,118,83,21,301
9,139,62,54,264
54,24,30,79,187
126,127,134,81,468
9,70,108,70,257
109,5,128,6,248
2,57,94,57,210
51,57,98,42,248
38,86,91,9,224
120,73,126,73,392
93,102,29,107,331
81,147,67,82,377
143,50,122,99,414
11,111,60,33,215
69,141,40,8,258
50,134,119,36,339
82,83,63,21,249
138,131,75,7,351
63,12,67,128,270
58,150,70,149,427
15,75,141,148,379
31,48,37,133,249
89,110,20,41,260
137,125,34,141,437
11,133,83,126,353
9,2,26,114,151
1,106,124,105,336
86,74,106,69,335
45,48,77,125,295
32,79,116,149,376
94,17,84,95,290
146,124,40,24,334
115,80,25,133,353
30,122,30,139,321
32,138,42,110,322
134,128,13,31,306
17,98,110,2,227
46,93,16,120,275
78,145,93,114,430
100,94,114,147,455
127,143,54,96,420
134,6,92,87,319
24,32,46,3,105
58,42,25,150,275
120,124,122,137,503
45,49,3,57,154
105,109,30,89,333
86,28,85,69,268
87,73,50,39,249
146,5,80,115,346
45,77,21,79,222
104,37,47,61,249
95,129,53,141,418
95,27,30,41,193
56,101,24,143,324
116,76,90,81,363
132,3,106,147,388
7,22,38,50,117
35,64,63,146,308
115,20,7,148,290
78,76,36,104,294
27,88,87,42,244
82,96,99,4,281
27,67,46,15,155
43,93,81,74,291
44,45,8,137,234
86,83,74,41,284
35,95,66,108,304
134,130,63,40,367
19,91,94,74,278
41,98,129,60,328
15,22,49,90,176
84,89,54,37,264
127,94,121,41,383
150,3,117,60,330
16,92,34,72,214
32,81,33,98,244
142,134,107,30,413
45,57,93,67,262
13,85,131,26,255
73,131,27,16,247
115,111,19,97,342
126,129,57,85,397
108,124,73,78,383
149,75,29,112,365
125,77,78,102,382
112,120,60,106,398
99,72,125,23,319
20,108,46,40,214
16,4,6,136,162
11,129,60,112,312
19,32,63,75,189
12,45,114,116,287
31,149,145,45,370
7,78,14,68,167
140,16,126,79,361
64,49,74,126,313
98,62,9,60,229
73,94,9,141,317
46,3,124,44,217
26,142,1,24,193
110,43,96,80,329
134,16,107,8,265
45,44,125,50,264
9,8,106,146,269
132,15,111,47,305
4,18,8,13,43
107,111,33,43,294
71,39,144,51,305
23,16,143,9,191
117,150,31,148,446
66,55,145,80,346
20,98,66,139,323
19,8,86,135,248
44,90,15,30,179
29,99,18,120,266
23,98,73,74,268
25,124,70,34,253
102,146,103,106,457
60,8,55,116,239
107,79,104,30,320
4,48,48,24,124
82,95,52,138,367
52,13,81,28,174
79,20,84,60,243
131,58,110,16,315
106,17,84,16,223
48,95,99,150,392
17,60,119,40,236
141,19,92,116,368
68,44,97,136,345
80,32,1,132,245
66,25,13,132,236
108,104,73,93,378
108,134,67,26,335
28,106,114,13,261
148,19,1,25,193
80,24,37,3,144
23,120,50,55,248
127,123,77,69,396
60,146,23,81,310
48,59,24,132,263
143,9,149,93,394
65,91,7,122,285
93,103,119,14,329
140,145,83,9,377
147,62,35,110,354
84,56,32,66,238
128,112,12,49,301
72,84,33,11,200
104,72,3,128,307
13,150,114,19,296
47,128,34,133,342
64,75,117,127,383
36,54,140,145,375
112,16,71,139,338
113,59,130,44,346
46,121,124,102,393
128,109,126,29,392
9,22,131,15,177
65,63,24,60,212
93,70,31,126,320
11,21,88,100,220
22,21,99,84,226
61,2,122,24,209
147,18,142,27,334
31,133,2,86,252
60,123,34,108,325
21,21,93,117,252
23,12,141,107,283
47,63,120,72,302
25,66,144,129,364
17,126,18,74,235
62,43,23,135,263
17,125,147,85,374
21,145,30,144,340
12,121,97,137,367
18,80,73,131,302
2,17,24,47,90
90,137,73,3,303
88,110,26,99,323
47,19,20,35,121
98,44,36,17,195
107,64,59,45,275
134,110,125,52,421
120,25,85,134,364
25,103,68,66,262
124,137,59,14,334
147,17,140,16,320
99,124,8,117,348
81,131,90,84,386
133,123,64,26,346
34,76,70,121,301
58,141,39,125,363
111,17,94,140,362
135,13,113,127,388
114,130,35,35,314
61,115,105,12,293
88,7,109,140,344
25,138,2,92,257
90,27,101,99,317
60,121,44,21,246
33,62,39,2,136
113,118,137,20,388
20,43,40,146,249
12,20,45,124,201
17,48,88,48,201
83,90,24,130,327
99,105,83,88,375
18,116,34,63,231
5,137,66,41,249
125,87,40,55,307
39,49,95,78,261
137,76,104,145,462
11,118,66,122,317
7,23,86,106,222
124,20,91,17,252
36,49,65,140,290
143,98,19,32,292
128,107,51,19,305
8,107,32,114,261
34,66,37,150,287
107,126,51,27,311
82,8,32,86,208
28,43,102,23,196
88,68,70,15,241
101,86,43,142,372
33,75,10,38,156
58,39,117,109,323
28,109,142,85,364
53,98,106,136,393
73,85,142,107,407
83,126,57,148,414
58,126,142,22,348
137,102,62,24,325
127,76,140,102,445
74,55,90,45,264
124,5,70,117,316
121,117,9,133,380
15,109,27,16,167
11,2,98,150,261
67,124,91,135,417
103,62,62,140,367
32,84,92,87,295
65,120,123,98,406
149,82,148,19,398
105,108,119,28,360
89,48,115,77,329
143,15,55,72,285
46,145,2,15,208
52,109,131,34,326
147,101,77,37,362
43,115,37,71,266
73,71,20,95,259
123,90,93,29,335
19,90,137,1,247
143,114,81,41,379
81,112,59,12,264
107,11,147,80,345
66,84,38,126,314
76,91,87,45,299
18,88,146,115,367
118,72,120,101,411
91,53,95,4,243
115,146,90,107,458
46,118,42,68,274
80,16,16,43,155
3,44,127,39,213
128,26,15,69,238
122,5,149,56,332
99,14,139,111,363
